"PreSens Measurement Studio 2","4.0.0.2323",""
"Date","Time","Channel","User","SensorID","Sensor_Name","delta_t","Time_Unit","Value","O2_Unit","Mode","Phase","Phase_Unit","Amplitude","Amplitude_Unit","Temp","Temp_Unit","Pressure","Pressure_Unit","Salinity","Salinity_Unit","Error","Cal0","Cal0_Unit","T0","T0_Unit","O2Cal2nd","O2_Unit","Cal2nd","Cal2nd_Unit","T2nd","T2nd_Unit","CalPressure","CalPressure_Unit","f1","dPhi1","dkSv1","dPhi2","dkSv2","m","Cal_Mode","SignalLEDCurrent","User_Signal_Intensity","ReferenceLEDCurrent","Reference_Amplitude","Device_Serial","FwVersion","SwVersion","Sensor_Type","BatchID","Calibration_Date","Sensor_Lot","PreSens_Calibr","Battery_Voltage","Battery_Voltage_Unit","Cal0_Amplitude","Cal0_Amplitude_Unit","Cal2nd_Amplitude","Cal2nd_Amplitude_Unit"
"10/14/2022","11:57:12","7","default","171425599","OXY_CH7","0.000","min","186.520","μmol/L","Humid","21.753","deg","99781","µV","27.004","°C","1020.000","hPa","36.0","pmil","0","55.700","deg","20.000","°C","100.000","%a.s.","22.210","deg","20.000","°C","971.000","hPa","0.826","-0.01532","0.000401","-0.00012","0","11.08","Humid","30.45","0","49.40","255006.45","SABD0002000012","AAV2.0.0.13","4.0.0.2323","PSt7-10","171027-008","9/15/2022 2:43:31 PM","0000-00","0","no battery","V","","µV","","µV"
"10/14/2022","11:57:13","7","default","171425599","OXY_CH7","0.019","min","186.504","μmol/L","Humid","21.754","deg","99745","µV","27.004","°C","1020.000","hPa","36.0","pmil","0","55.700","deg","20.000","°C","100.000","%a.s.","22.210","deg","20.000","°C","971.000","hPa","0.826","-0.01532","0.000401","-0.00012","0","11.08","Humid","30.45","0","49.40","254953.94","SABD0002000012","AAV2.0.0.13","4.0.0.2323","PSt7-10","171027-008","9/15/2022 2:43:31 PM","0000-00","0","no battery","V","","µV","","µV"
"10/14/2022","11:57:14","7","default","171425599","OXY_CH7","0.036","min","186.587","μmol/L","Humid","21.751","deg","99745","µV","26.998","°C","1020.000","hPa","36.0","pmil","0","55.700","deg","20.000","°C","100.000","%a.s.","22.210","deg","20.000","°C","971.000","hPa","0.826","-0.01532","0.000401","-0.00012","0","11.08","Humid","30.45","0","49.40","254926.70","SABD0002000012","AAV2.0.0.13","4.0.0.2323","PSt7-10","171027-008","9/15/2022 2:43:31 PM","0000-00","0","no battery","V","","µV","","µV"
"10/14/2022","11:57:15","7","default","171425599","OXY_CH7","0.053","min","186.488","μmol/L","Humid","21.755","deg","99716","µV","27.004","°C","1020.000","hPa","36.0","pmil","0","55.700","deg","20.000","°C","100.000","%a.s.","22.210","deg","20.000","°C","971.000","hPa","0.826","-0.01532","0.000401","-0.00012","0","11.08","Humid","30.45","0","49.40","254896.73","SABD0002000012","AAV2.0.0.13","4.0.0.2323","PSt7-10","171027-008","9/15/2022 2:43:31 PM","0000-00","0","no battery","V","","µV","","µV"
"10/14/2022","11:57:16","7","default","171425599","OXY_CH7","0.069","min","186.569","μmol/L","Humid","21.750","deg","99709","µV","27.004","°C","1020.000","hPa","36.0","pmil","0","55.700","deg","20.000","°C","100.000","%a.s.","22.210","deg","20.000","°C","971.000","hPa","0.826","-0.01532","0.000401","-0.00012","0","11.08","Humid","30.45","0","49.40","254878.44","SABD0002000012","AAV2.0.0.13","4.0.0.2323","PSt7-10","171027-008","9/15/2022 2:43:31 PM","0000-00","0","no battery","V","","µV","","µV"
"10/14/2022","11:57:17","7","default","171425599","OXY_CH7","0.086","min","186.537","μmol/L","Humid","21.752","deg","99686","µV","27.004","°C","1020.000","hPa","36.0","pmil","0","55.700","deg","20.000","°C","100.000","%a.s.","22.210","deg","20.000","°C","971.000","hPa","0.826","-0.01532","0.000401","-0.00012","0","11.08","Humid","30.45","0","49.40","254865.06","SABD0002000012","AAV2.0.0.13","4.0.0.2323","PSt7-10","171027-008","9/15/2022 2:43:31 PM","0000-00","0","no battery","V","","µV","","µV"
"10/14/2022","11:57:18","7","default","171425599","OXY_CH7","0.102","min","186.520","μmol/L","Humid","21.753","deg","99671","µV","27.004","°C","1020.000","hPa","36.0","pmil","0","55.700","deg","20.000","°C","100.000","%a.s.","22.210","deg","20.000","°C","971.000","hPa","0.826","-0.01532","0.000401","-0.00012","0","11.08","Humid","30.45","0","49.40","254868.67","SABD0002000012","AAV2.0.0.13","4.0.0.2323","PSt7-10","171027-008","9/15/2022 2:43:31 PM","0000-00","0","no battery","V","","µV","","µV"
"10/14/2022","11:57:19","7","default","171425599","OXY_CH7","0.119","min","186.553","μmol/L","Humid","21.751","deg","99654","µV","27.004","°C","1020.000","hPa","36.0","pmil","0","55.700","deg","20.000","°C","100.000","%a.s.","22.210","deg","20.000","°C","971.000","hPa","0.826","-0.01532","0.000401","-0.00012","0","11.08","Humid","30.45","0","49.40","254846.36","SABD0002000012","AAV2.0.0.13","4.0.0.2323","PSt7-10","171027-008","9/15/2022 2:43:31 PM","0000-00","0","no battery","V","","µV","","µV"
"10/14/2022","11:57:20","7","default","171425599","OXY_CH7","0.136","min","186.503","μmol/L","Humid","21.752","deg","99632","µV","27.011","°C","1020.000","hPa","36.0","pmil","0","55.700","deg","20.000","°C","100.000","%a.s.","22.210","deg","20.000","°C","971.000","hPa","0.826","-0.01532","0.000401","-0.00012","0","11.08","Humid","30.45","0","49.40","254848.13","SABD0002000012","AAV2.0.0.13","4.0.0.2323","PSt7-10","171027-008","9/15/2022 2:43:31 PM","0000-00","0","no battery","V","","µV","","µV"
"10/14/2022","11:57:21","7","default","171425599","OXY_CH7","0.153","min","186.569","μmol/L","Humid","21.750","deg","99633","µV","27.004","°C","1020.000","hPa","36.0","pmil","0","55.700","deg","20.000","°C","100.000","%a.s.","22.210","deg","20.000","°C","971.000","hPa","0.826","-0.01532","0.000401","-0.00012","0","11.08","Humid","30.45","0","49.40","254838.79","SABD0002000012","AAV2.0.0.13","4.0.0.2323","PSt7-10","171027-008","9/15/2022 2:43:31 PM","0000-00","0","no battery","V","","µV","","µV"
"10/14/2022","11:57:22","7","default","171425599","OXY_CH7","0.170","min","186.520","μmol/L","Humid","21.753","deg","99585","µV","27.004","°C","1020.000","hPa","36.0","pmil","0","55.700","deg","20.000","°C","100.000","%a.s.","22.210","deg","20.000","°C","971.000","hPa","0.826","-0.01532","0.000401","-0.00012","0","11.08","Humid","30.45","0","49.40","254839.64","SABD0002000012","AAV2.0.0.13","4.0.0.2323","PSt7-10","171027-008","9/15/2022 2:43:31 PM","0000-00","0","no battery","V","","µV","","µV"
"10/14/2022","11:57:23","7","default","171425599","OXY_CH7","0.186","min","186.503","μmol/L","Humid","21.752","deg","99566","µV","27.011","°C","1020.000","hPa","36.0","pmil","0","55.700","deg","20.000","°C","100.000","%a.s.","22.210","deg","20.000","°C","971.000","hPa","0.826","-0.01532","0.000401","-0.00012","0","11.08","Humid","30.45","0","49.40","254840.57","SABD0002000012","AAV2.0.0.13","4.0.0.2323","PSt7-10","171027-008","9/15/2022 2:43:31 PM","0000-00","0","no battery","V","","µV","","µV"
"10/14/2022","11:57:24","7","default","171425599","OXY_CH7","0.203","min","186.503","μmol/L","Humid","21.752","deg","99551","µV","27.011","°C","1020.000","hPa","36.0","pmil","0","55.700","deg","20.000","°C","100.000","%a.s.","22.210","deg","20.000","°C","971.000","hPa","0.826","-0.01532","0.000401","-0.00012","0","11.08","Humid","30.45","0","49.40","254823.75","SABD0002000012","AAV2.0.0.13","4.0.0.2323","PSt7-10","171027-008","9/15/2022 2:43:31 PM","0000-00","0","no battery","V","","µV","","µV"
"10/14/2022","11:57:25","7","default","171425599","OXY_CH7","0.220","min","186.503","μmol/L","Humid","21.752","deg","99551","µV","27.011","°C","1020.000","hPa","36.0","pmil","0","55.700","deg","20.000","°C","100.000","%a.s.","22.210","deg","20.000","°C","971.000","hPa","0.826","-0.01532","0.000401","-0.00012","0","11.08","Humid","30.45","0","49.40","254831.61","SABD0002000012","AAV2.0.0.13","4.0.0.2323","PSt7-10","171027-008","9/15/2022 2:43:31 PM","0000-00","0","no battery","V","","µV","","µV"
"10/14/2022","11:57:26","7","default","171425599","OXY_CH7","0.236","min","186.618","μmol/L","Humid","21.747","deg","99540","µV","27.004","°C","1020.000","hPa","36.0","pmil","0","55.700","deg","20.000","°C","100.000","%a.s.","22.210","deg","20.000","°C","971.000","hPa","0.826","-0.01532","0.000401","-0.00012","0","11.08","Humid","30.45","0","49.40","254821.17","SABD0002000012","AAV2.0.0.13","4.0.0.2323","PSt7-10","171027-008","9/15/2022 2:43:31 PM","0000-00","0","no battery","V","","µV","","µV"
"10/14/2022","11:57:27","7","default","171425599","OXY_CH7","0.252","min","186.571","μmol/L","Humid","21.752","deg","99535","µV","26.998","°C","1020.000","hPa","36.0","pmil","0","55.700","deg","20.000","°C","100.000","%a.s.","22.210","deg","20.000","°C","971.000","hPa","0.826","-0.01532","0.000401","-0.00012","0","11.08","Humid","30.45","0","49.40","254827.99","SABD0002000012","AAV2.0.0.13","4.0.0.2323","PSt7-10","171027-008","9/15/2022 2:43:31 PM","0000-00","0","no battery","V","","µV","","µV"
"10/14/2022","11:57:28","7","default","171425599","OXY_CH7","0.269","min","186.552","μmol/L","Humid","21.749","deg","99527","µV","27.011","°C","1020.000","hPa","36.0","pmil","0","55.700","deg","20.000","°C","100.000","%a.s.","22.210","deg","20.000","°C","971.000","hPa","0.826","-0.01532","0.000401","-0.00012","0","11.08","Humid","30.45","0","49.40","254818.41","SABD0002000012","AAV2.0.0.13","4.0.0.2323","PSt7-10","171027-008","9/15/2022 2:43:31 PM","0000-00","0","no battery","V","","µV","","µV"
"10/14/2022","11:57:29","7","default","171425599","OXY_CH7","0.286","min","186.503","μmol/L","Humid","21.752","deg","99530","µV","27.011","°C","1020.000","hPa","36.0","pmil","0","55.700","deg","20.000","°C","100.000","%a.s.","22.210","deg","20.000","°C","971.000","hPa","0.826","-0.01532","0.000401","-0.00012","0","11.08","Humid","30.45","0","49.40","254821.78","SABD0002000012","AAV2.0.0.13","4.0.0.2323","PSt7-10","171027-008","9/15/2022 2:43:31 PM","0000-00","0","no battery","V","","µV","","µV"
"10/14/2022","11:57:30","7","default","171425599","OXY_CH7","0.303","min","186.520","μmol/L","Humid","21.753","deg","99526","µV","27.004","°C","1020.000","hPa","36.0","pmil","0","55.700","deg","20.000","°C","100.000","%a.s.","22.210","deg","20.000","°C","971.000","hPa","0.826","-0.01532","0.000401","-0.00012","0","11.08","Humid","30.45","0","49.40","254813.39","SABD0002000012","AAV2.0.0.13","4.0.0.2323","PSt7-10","171027-008","9/15/2022 2:43:31 PM","0000-00","0","no battery","V","","µV","","µV"
"10/14/2022","11:57:31","7","default","171425599","OXY_CH7","0.319","min","186.503","μmol/L","Humid","21.752","deg","99513","µV","27.011","°C","1020.000","hPa","36.0","pmil","0","55.700","deg","20.000","°C","100.000","%a.s.","22.210","deg","20.000","°C","971.000","hPa","0.826","-0.01532","0.000401","-0.00012","0","11.08","Humid","30.45","0","49.40","254817.27","SABD0002000012","AAV2.0.0.13","4.0.0.2323","PSt7-10","171027-008","9/15/2022 2:43:31 PM","0000-00","0","no battery","V","","µV","","µV"
"10/14/2022","11:57:32","7","default","171425599","OXY_CH7","0.336","min","186.501","μmol/L","Humid","21.750","deg","99516","µV","27.017","°C","1020.000","hPa","36.0","pmil","0","55.700","deg","20.000","°C","100.000","%a.s.","22.210","deg","20.000","°C","971.000","hPa","0.826","-0.01532","0.000401","-0.00012","0","11.08","Humid","30.45","0","49.40","254812.19","SABD0002000012","AAV2.0.0.13","4.0.0.2323","PSt7-10","171027-008","9/15/2022 2:43:31 PM","0000-00","0","no battery","V","","µV","","µV"
"10/14/2022","11:57:33","7","default","171425599","OXY_CH7","0.353","min","186.569","μmol/L","Humid","21.750","deg","99518","µV","27.004","°C","1020.000","hPa","36.0","pmil","0","55.700","deg","20.000","°C","100.000","%a.s.","22.210","deg","20.000","°C","971.000","hPa","0.826","-0.01532","0.000401","-0.00012","0","11.08","Humid","30.45","0","49.40","254823.00","SABD0002000012","AAV2.0.0.13","4.0.0.2323","PSt7-10","171027-008","9/15/2022 2:43:31 PM","0000-00","0","no battery","V","","µV","","µV"
"10/14/2022","11:57:34","7","default","171425599","OXY_CH7","0.370","min","186.586","μmol/L","Humid","21.749","deg","99517","µV","27.004","°C","1020.000","hPa","36.0","pmil","0","55.700","deg","20.000","°C","100.000","%a.s.","22.210","deg","20.000","°C","971.000","hPa","0.826","-0.01532","0.000401","-0.00012","0","11.08","Humid","30.45","0","49.40","254819.34","SABD0002000012","AAV2.0.0.13","4.0.0.2323","PSt7-10","171027-008","9/15/2022 2:43:31 PM","0000-00","0","no battery","V","","µV","","µV"
"10/14/2022","11:57:35","7","default","171425599","OXY_CH7","0.386","min","186.486","μmol/L","Humid","21.753","deg","99498","µV","27.011","°C","1020.000","hPa","36.0","pmil","0","55.700","deg","20.000","°C","100.000","%a.s.","22.210","deg","20.000","°C","971.000","hPa","0.826","-0.01532","0.000401","-0.00012","0","11.08","Humid","30.45","0","49.40","254799.17","SABD0002000012","AAV2.0.0.13","4.0.0.2323","PSt7-10","171027-008","9/15/2022 2:43:31 PM","0000-00","0","no battery","V","","µV","","µV"
"10/14/2022","11:57:36","7","default","171425599","OXY_CH7","0.403","min","186.586","μmol/L","Humid","21.749","deg","99493","µV","27.004","°C","1020.000","hPa","36.0","pmil","0","55.700","deg","20.000","°C","100.000","%a.s.","22.210","deg","20.000","°C","971.000","hPa","0.826","-0.01532","0.000401","-0.00012","0","11.08","Humid","30.45","0","49.40","254801.64","SABD0002000012","AAV2.0.0.13","4.0.0.2323","PSt7-10","171027-008","9/15/2022 2:43:31 PM","0000-00","0","no battery","V","","µV","","µV"
"10/14/2022","11:57:37","7","default","171425599","OXY_CH7","0.419","min","186.618","μmol/L","Humid","21.747","deg","99489","µV","27.004","°C","1020.000","hPa","36.0","pmil","0","55.700","deg","20.000","°C","100.000","%a.s.","22.210","deg","20.000","°C","971.000","hPa","0.826","-0.01532","0.000401","-0.00012","0","11.08","Humid","30.45","0","49.40","254798.69","SABD0002000012","AAV2.0.0.13","4.0.0.2323","PSt7-10","171027-008","9/15/2022 2:43:31 PM","0000-00","0","no battery","V","","µV","","µV"
"10/14/2022","11:57:38","7","default","171425599","OXY_CH7","0.436","min","186.568","μmol/L","Humid","21.748","deg","99489","µV","27.011","°C","1020.000","hPa","36.0","pmil","0","55.700","deg","20.000","°C","100.000","%a.s.","22.210","deg","20.000","°C","971.000","hPa","0.826","-0.01532","0.000401","-0.00012","0","11.08","Humid","30.45","0","49.40","254794.56","SABD0002000012","AAV2.0.0.13","4.0.0.2323","PSt7-10","171027-008","9/15/2022 2:43:31 PM","0000-00","0","no battery","V","","µV","","µV"
"10/14/2022","11:57:39","7","default","171425599","OXY_CH7","0.453","min","186.601","μmol/L","Humid","21.746","deg","99465","µV","27.011","°C","1020.000","hPa","36.0","pmil","0","55.700","deg","20.000","°C","100.000","%a.s.","22.210","deg","20.000","°C","971.000","hPa","0.826","-0.01532","0.000401","-0.00012","0","11.08","Humid","30.45","0","49.40","254794.74","SABD0002000012","AAV2.0.0.13","4.0.0.2323","PSt7-10","171027-008","9/15/2022 2:43:31 PM","0000-00","0","no battery","V","","µV","","µV"
"10/14/2022","11:57:40","7","default","171425599","OXY_CH7","0.469","min","186.601","μmol/L","Humid","21.746","deg","99478","µV","27.011","°C","1020.000","hPa","36.0","pmil","0","55.700","deg","20.000","°C","100.000","%a.s.","22.210","deg","20.000","°C","971.000","hPa","0.826","-0.01532","0.000401","-0.00012","0","11.08","Humid","30.45","0","49.40","254781.60","SABD0002000012","AAV2.0.0.13","4.0.0.2323","PSt7-10","171027-008","9/15/2022 2:43:31 PM","0000-00","0","no battery","V","","µV","","µV"
"10/14/2022","11:57:41","7","default","171425599","OXY_CH7","0.486","min","186.568","μmol/L","Humid","21.748","deg","99491","µV","27.011","°C","1020.000","hPa","36.0","pmil","0","55.700","deg","20.000","°C","100.000","%a.s.","22.210","deg","20.000","°C","971.000","hPa","0.826","-0.01532","0.000401","-0.00012","0","11.08","Humid","30.45","0","49.40","254795.10","SABD0002000012","AAV2.0.0.13","4.0.0.2323","PSt7-10","171027-008","9/15/2022 2:43:31 PM","0000-00","0","no battery","V","","µV","","µV"
"10/14/2022","11:57:42","7","default","171425599","OXY_CH7","0.503","min","186.568","μmol/L","Humid","21.748","deg","99470","µV","27.011","°C","1020.000","hPa","36.0","pmil","0","55.700","deg","20.000","°C","100.000","%a.s.","22.210","deg","20.000","°C","971.000","hPa","0.826","-0.01532","0.000401","-0.00012","0","11.08","Humid","30.45","0","49.40","254779.56","SABD0002000012","AAV2.0.0.13","4.0.0.2323","PSt7-10","171027-008","9/15/2022 2:43:31 PM","0000-00","0","no battery","V","","µV","","µV"
"10/14/2022","11:57:43","7","default","171425599","OXY_CH7","0.519","min","186.569","μmol/L","Humid","21.750","deg","99459","µV","27.004","°C","1020.000","hPa","36.0","pmil","0","55.700","deg","20.000","°C","100.000","%a.s.","22.210","deg","20.000","°C","971.000","hPa","0.826","-0.01532","0.000401","-0.00012","0","11.08","Humid","30.45","0","49.40","254779.51","SABD0002000012","AAV2.0.0.13","4.0.0.2323","PSt7-10","171027-008","9/15/2022 2:43:31 PM","0000-00","0","no battery","V","","µV","","µV"
"10/14/2022","11:57:44","7","default","171425599","OXY_CH7","0.536","min","186.553","μmol/L","Humid","21.751","deg","99447","µV","27.004","°C","1020.000","hPa","36.0","pmil","0","55.700","deg","20.000","°C","100.000","%a.s.","22.210","deg","20.000","°C","971.000","hPa","0.826","-0.01532","0.000401","-0.00012","0","11.08","Humid","30.45","0","49.40","254768.71","SABD0002000012","AAV2.0.0.13","4.0.0.2323","PSt7-10","171027-008","9/15/2022 2:43:31 PM","0000-00","0","no battery","V","","µV","","µV"
"10/14/2022","11:57:45","7","default","171425599","OXY_CH7","0.553","min","186.584","μmol/L","Humid","21.747","deg","99450","µV","27.011","°C","1020.000","hPa","36.0","pmil","0","55.700","deg","20.000","°C","100.000","%a.s.","22.210","deg","20.000","°C","971.000","hPa","0.826","-0.01532","0.000401","-0.00012","0","11.08","Humid","30.45","0","49.40","254787.20","SABD0002000012","AAV2.0.0.13","4.0.0.2323","PSt7-10","171027-008","9/15/2022 2:43:31 PM","0000-00","0","no battery","V","","µV","","µV"
"10/14/2022","11:57:46","7","default","171425599","OXY_CH7","0.570","min","186.650","μmol/L","Humid","21.743","deg","99448","µV","27.011","°C","1020.000","hPa","36.0","pmil","0","55.700","deg","20.000","°C","100.000","%a.s.","22.210","deg","20.000","°C","971.000","hPa","0.826","-0.01532","0.000401","-0.00012","0","11.08","Humid","30.45","0","49.40","254777.81","SABD0002000012","AAV2.0.0.13","4.0.0.2323","PSt7-10","171027-008","9/15/2022 2:43:31 PM","0000-00","0","no battery","V","","µV","","µV"
"10/14/2022","11:57:47","7","default","171425599","OXY_CH7","0.586","min","186.668","μmol/L","Humid","21.744","deg","99437","µV","27.004","°C","1020.000","hPa","36.0","pmil","0","55.700","deg","20.000","°C","100.000","%a.s.","22.210","deg","20.000","°C","971.000","hPa","0.826","-0.01532","0.000401","-0.00012","0","11.08","Humid","30.45","0","49.40","254765.16","SABD0002000012","AAV2.0.0.13","4.0.0.2323","PSt7-10","171027-008","9/15/2022 2:43:31 PM","0000-00","0","no battery","V","","µV","","µV"
"10/14/2022","11:57:48","7","default","171425599","OXY_CH7","0.602","min","186.635","μmol/L","Humid","21.746","deg","99431","µV","27.004","°C","1020.000","hPa","36.0","pmil","0","55.700","deg","20.000","°C","100.000","%a.s.","22.210","deg","20.000","°C","971.000","hPa","0.826","-0.01532","0.000401","-0.00012","0","11.08","Humid","30.45","0","49.40","254762.92","SABD0002000012","AAV2.0.0.13","4.0.0.2323","PSt7-10","171027-008","9/15/2022 2:43:31 PM","0000-00","0","no battery","V","","µV","","µV"
"10/14/2022","11:57:49","7","default","171425599","OXY_CH7","0.619","min","186.601","μmol/L","Humid","21.746","deg","99422","µV","27.011","°C","1020.000","hPa","36.0","pmil","0","55.700","deg","20.000","°C","100.000","%a.s.","22.210","deg","20.000","°C","971.000","hPa","0.826","-0.01532","0.000401","-0.00012","0","11.08","Humid","30.45","0","49.40","254769.88","SABD0002000012","AAV2.0.0.13","4.0.0.2323","PSt7-10","171027-008","9/15/2022 2:43:31 PM","0000-00","0","no battery","V","","µV","","µV"
"10/14/2022","11:57:50","7","default","171425599","OXY_CH7","0.636","min","186.700","μmol/L","Humid","21.742","deg","99417","µV","27.004","°C","1020.000","hPa","36.0","pmil","0","55.700","deg","20.000","°C","100.000","%a.s.","22.210","deg","20.000","°C","971.000","hPa","0.826","-0.01532","0.000401","-0.00012","0","11.08","Humid","30.45","0","49.40","254776.14","SABD0002000012","AAV2.0.0.13","4.0.0.2323","PSt7-10","171027-008","9/15/2022 2:43:31 PM","0000-00","0","no battery","V","","µV","","µV"
"10/14/2022","11:57:51","7","default","171425599","OXY_CH7","0.653","min","186.584","μmol/L","Humid","21.747","deg","99423","µV","27.011","°C","1020.000","hPa","36.0","pmil","0","55.700","deg","20.000","°C","100.000","%a.s.","22.210","deg","20.000","°C","971.000","hPa","0.826","-0.01532","0.000401","-0.00012","0","11.08","Humid","30.45","0","49.40","254779.79","SABD0002000012","AAV2.0.0.13","4.0.0.2323","PSt7-10","171027-008","9/15/2022 2:43:31 PM","0000-00","0","no battery","V","","µV","","µV"
"10/14/2022","11:57:52","7","default","171425599","OXY_CH7","0.669","min","186.682","μmol/L","Humid","21.741","deg","99416","µV","27.011","°C","1020.000","hPa","36.0","pmil","0","55.700","deg","20.000","°C","100.000","%a.s.","22.210","deg","20.000","°C","971.000","hPa","0.826","-0.01532","0.000401","-0.00012","0","11.08","Humid","30.45","0","49.40","254767.32","SABD0002000012","AAV2.0.0.13","4.0.0.2323","PSt7-10","171027-008","9/15/2022 2:43:31 PM","0000-00","0","no battery","V","","µV","","µV"
"10/14/2022","11:57:53","7","default","171425599","OXY_CH7","0.686","min","186.731","μmol/L","Humid","21.738","deg","99413","µV","27.011","°C","1020.000","hPa","36.0","pmil","0","55.700","deg","20.000","°C","100.000","%a.s.","22.210","deg","20.000","°C","971.000","hPa","0.826","-0.01532","0.000401","-0.00012","0","11.08","Humid","30.45","0","49.40","254766.93","SABD0002000012","AAV2.0.0.13","4.0.0.2323","PSt7-10","171027-008","9/15/2022 2:43:31 PM","0000-00","0","no battery","V","","µV","","µV"
"10/14/2022","11:57:54","7","default","171425599","OXY_CH7","0.703","min","186.666","μmol/L","Humid","21.742","deg","99415","µV","27.011","°C","1020.000","hPa","36.0","pmil","0","55.700","deg","20.000","°C","100.000","%a.s.","22.210","deg","20.000","°C","971.000","hPa","0.826","-0.01532","0.000401","-0.00012","0","11.08","Humid","30.45","0","49.40","254762.30","SABD0002000012","AAV2.0.0.13","4.0.0.2323","PSt7-10","171027-008","9/15/2022 2:43:31 PM","0000-00","0","no battery","V","","µV","","µV"
"10/14/2022","11:57:55","7","default","171425599","OXY_CH7","0.719","min","186.733","μmol/L","Humid","21.740","deg","99403","µV","27.004","°C","1020.000","hPa","36.0","pmil","0","55.700","deg","20.000","°C","100.000","%a.s.","22.210","deg","20.000","°C","971.000","hPa","0.826","-0.01532","0.000401","-0.00012","0","11.08","Humid","30.45","0","49.40","254747.75","SABD0002000012","AAV2.0.0.13","4.0.0.2323","PSt7-10","171027-008","9/15/2022 2:43:31 PM","0000-00","0","no battery","V","","µV","","µV"
"10/14/2022","11:57:56","7","default","171425599","OXY_CH7","0.736","min","186.650","μmol/L","Humid","21.743","deg","99395","µV","27.011","°C","1020.000","hPa","36.0","pmil","0","55.700","deg","20.000","°C","100.000","%a.s.","22.210","deg","20.000","°C","971.000","hPa","0.826","-0.01532","0.000401","-0.00012","0","11.08","Humid","30.45","0","49.40","254758.23","SABD0002000012","AAV2.0.0.13","4.0.0.2323","PSt7-10","171027-008","9/15/2022 2:43:31 PM","0000-00","0","no battery","V","","µV","","µV"
"10/14/2022","11:57:57","7","default","171425599","OXY_CH7","0.753","min","186.764","μmol/L","Humid","21.736","deg","99392","µV","27.011","°C","1020.000","hPa","36.0","pmil","0","55.700","deg","20.000","°C","100.000","%a.s.","22.210","deg","20.000","°C","971.000","hPa","0.826","-0.01532","0.000401","-0.00012","0","11.08","Humid","30.45","0","49.40","254753.31","SABD0002000012","AAV2.0.0.13","4.0.0.2323","PSt7-10","171027-008","9/15/2022 2:43:31 PM","0000-00","0","no battery","V","","µV","","µV"
"10/14/2022","11:57:58","7","default","171425599","OXY_CH7","0.770","min","186.697","μmol/L","Humid","21.738","deg","99395","µV","27.017","°C","1020.000","hPa","36.0","pmil","0","55.700","deg","20.000","°C","100.000","%a.s.","22.210","deg","20.000","°C","971.000","hPa","0.826","-0.01532","0.000401","-0.00012","0","11.08","Humid","30.45","0","49.40","254743.33","SABD0002000012","AAV2.0.0.13","4.0.0.2323","PSt7-10","171027-008","9/15/2022 2:43:31 PM","0000-00","0","no battery","V","","µV","","µV"
"10/14/2022","11:57:59","7","default","171425599","OXY_CH7","0.786","min","186.713","μmol/L","Humid","21.737","deg","99375","µV","27.017","°C","1020.000","hPa","36.0","pmil","0","55.700","deg","20.000","°C","100.000","%a.s.","22.210","deg","20.000","°C","971.000","hPa","0.826","-0.01532","0.000401","-0.00012","0","11.08","Humid","30.45","0","49.40","254742.58","SABD0002000012","AAV2.0.0.13","4.0.0.2323","PSt7-10","171027-008","9/15/2022 2:43:31 PM","0000-00","0","no battery","V","","µV","","µV"
"10/14/2022","11:58:00","7","default","171425599","OXY_CH7","0.802","min","186.713","μmol/L","Humid","21.737","deg","99379","µV","27.017","°C","1020.000","hPa","36.0","pmil","0","55.700","deg","20.000","°C","100.000","%a.s.","22.210","deg","20.000","°C","971.000","hPa","0.826","-0.01532","0.000401","-0.00012","0","11.08","Humid","30.45","0","49.40","254746.66","SABD0002000012","AAV2.0.0.13","4.0.0.2323","PSt7-10","171027-008","9/15/2022 2:43:31 PM","0000-00","0","no battery","V","","µV","","µV"
"10/14/2022","11:58:01","7","default","171425599","OXY_CH7","0.819","min","186.730","μmol/L","Humid","21.736","deg","99373","µV","27.017","°C","1020.000","hPa","36.0","pmil","0","55.700","deg","20.000","°C","100.000","%a.s.","22.210","deg","20.000","°C","971.000","hPa","0.826","-0.01532","0.000401","-0.00012","0","11.08","Humid","30.45","0","49.40","254742.15","SABD0002000012","AAV2.0.0.13","4.0.0.2323","PSt7-10","171027-008","9/15/2022 2:43:31 PM","0000-00","0","no battery","V","","µV","","µV"
"10/14/2022","11:58:02","7","default","171425599","OXY_CH7","0.836","min","186.681","μmol/L","Humid","21.739","deg","99368","µV","27.017","°C","1020.000","hPa","36.0","pmil","0","55.700","deg","20.000","°C","100.000","%a.s.","22.210","deg","20.000","°C","971.000","hPa","0.826","-0.01532","0.000401","-0.00012","0","11.08","Humid","30.45","0","49.40","254748.43","SABD0002000012","AAV2.0.0.13","4.0.0.2323","PSt7-10","171027-008","9/15/2022 2:43:31 PM","0000-00","0","no battery","V","","µV","","µV"
"10/14/2022","11:58:03","7","default","171425599","OXY_CH7","0.853","min","186.713","μmol/L","Humid","21.737","deg","99368","µV","27.017","°C","1020.000","hPa","36.0","pmil","0","55.700","deg","20.000","°C","100.000","%a.s.","22.210","deg","20.000","°C","971.000","hPa","0.826","-0.01532","0.000401","-0.00012","0","11.08","Humid","30.45","0","49.40","254749.40","SABD0002000012","AAV2.0.0.13","4.0.0.2323","PSt7-10","171027-008","9/15/2022 2:43:31 PM","0000-00","0","no battery","V","","µV","","µV"
"10/14/2022","11:58:04","7","default","171425599","OXY_CH7","0.870","min","186.831","μmol/L","Humid","21.734","deg","99368","µV","27.004","°C","1020.000","hPa","36.0","pmil","0","55.700","deg","20.000","°C","100.000","%a.s.","22.210","deg","20.000","°C","971.000","hPa","0.826","-0.01532","0.000401","-0.00012","0","11.08","Humid","30.45","0","49.40","254759.59","SABD0002000012","AAV2.0.0.13","4.0.0.2323","PSt7-10","171027-008","9/15/2022 2:43:31 PM","0000-00","0","no battery","V","","µV","","µV"
"10/14/2022","11:58:05","7","default","171425599","OXY_CH7","0.886","min","186.780","μmol/L","Humid","21.735","deg","99357","µV","27.011","°C","1020.000","hPa","36.0","pmil","0","55.700","deg","20.000","°C","100.000","%a.s.","22.210","deg","20.000","°C","971.000","hPa","0.826","-0.01532","0.000401","-0.00012","0","11.08","Humid","30.45","0","49.40","254759.18","SABD0002000012","AAV2.0.0.13","4.0.0.2323","PSt7-10","171027-008","9/15/2022 2:43:31 PM","0000-00","0","no battery","V","","µV","","µV"
"10/14/2022","11:58:06","7","default","171425599","OXY_CH7","0.903","min","186.779","μmol/L","Humid","21.733","deg","99348","µV","27.017","°C","1020.000","hPa","36.0","pmil","0","55.700","deg","20.000","°C","100.000","%a.s.","22.210","deg","20.000","°C","971.000","hPa","0.826","-0.01532","0.000401","-0.00012","0","11.08","Humid","30.45","0","49.40","254742.26","SABD0002000012","AAV2.0.0.13","4.0.0.2323","PSt7-10","171027-008","9/15/2022 2:43:31 PM","0000-00","0","no battery","V","","µV","","µV"
"10/14/2022","11:58:07","7","default","171425599","OXY_CH7","0.920","min","186.815","μmol/L","Humid","21.735","deg","99345","µV","27.004","°C","1020.000","hPa","36.0","pmil","0","55.700","deg","20.000","°C","100.000","%a.s.","22.210","deg","20.000","°C","971.000","hPa","0.826","-0.01532","0.000401","-0.00012","0","11.08","Humid","30.45","0","49.40","254737.14","SABD0002000012","AAV2.0.0.13","4.0.0.2323","PSt7-10","171027-008","9/15/2022 2:43:31 PM","0000-00","0","no battery","V","","µV","","µV"
"10/14/2022","11:58:08","7","default","171425599","OXY_CH7","0.936","min","186.846","μmol/L","Humid","21.731","deg","99344","µV","27.011","°C","1020.000","hPa","36.0","pmil","0","55.700","deg","20.000","°C","100.000","%a.s.","22.210","deg","20.000","°C","971.000","hPa","0.826","-0.01532","0.000401","-0.00012","0","11.08","Humid","30.45","0","49.40","254747.09","SABD0002000012","AAV2.0.0.13","4.0.0.2323","PSt7-10","171027-008","9/15/2022 2:43:31 PM","0000-00","0","no battery","V","","µV","","µV"
"10/14/2022","11:58:09","7","default","171425599","OXY_CH7","0.952","min","186.862","μmol/L","Humid","21.730","deg","99332","µV","27.011","°C","1020.000","hPa","36.0","pmil","0","55.700","deg","20.000","°C","100.000","%a.s.","22.210","deg","20.000","°C","971.000","hPa","0.826","-0.01532","0.000401","-0.00012","0","11.08","Humid","30.45","0","49.40","254728.48","SABD0002000012","AAV2.0.0.13","4.0.0.2323","PSt7-10","171027-008","9/15/2022 2:43:31 PM","0000-00","0","no battery","V","","µV","","µV"
"10/14/2022","11:58:10","7","default","171425599","OXY_CH7","0.969","min","186.748","μmol/L","Humid","21.737","deg","99325","µV","27.011","°C","1020.000","hPa","36.0","pmil","0","55.700","deg","20.000","°C","100.000","%a.s.","22.210","deg","20.000","°C","971.000","hPa","0.826","-0.01532","0.000401","-0.00012","0","11.08","Humid","30.45","0","49.40","254727.52","SABD0002000012","AAV2.0.0.13","4.0.0.2323","PSt7-10","171027-008","9/15/2022 2:43:31 PM","0000-00","0","no battery","V","","µV","","µV"
"10/14/2022","11:58:11","7","default","171425599","OXY_CH7","0.986","min","186.795","μmol/L","Humid","21.732","deg","99331","µV","27.017","°C","1020.000","hPa","36.0","pmil","0","55.700","deg","20.000","°C","100.000","%a.s.","22.210","deg","20.000","°C","971.000","hPa","0.826","-0.01532","0.000401","-0.00012","0","11.08","Humid","30.45","0","49.40","254727.22","SABD0002000012","AAV2.0.0.13","4.0.0.2323","PSt7-10","171027-008","9/15/2022 2:43:31 PM","0000-00","0","no battery","V","","µV","","µV"
"10/14/2022","11:58:12","7","default","171425599","OXY_CH7","1.003","min","186.846","μmol/L","Humid","21.731","deg","99325","µV","27.011","°C","1020.000","hPa","36.0","pmil","0","55.700","deg","20.000","°C","100.000","%a.s.","22.210","deg","20.000","°C","971.000","hPa","0.826","-0.01532","0.000401","-0.00012","0","11.08","Humid","30.45","0","49.40","254715.41","SABD0002000012","AAV2.0.0.13","4.0.0.2323","PSt7-10","171027-008","9/15/2022 2:43:31 PM","0000-00","0","no battery","V","","µV","","µV"
"10/14/2022","11:58:13","7","default","171425599","OXY_CH7","1.019","min","186.862","μmol/L","Humid","21.730","deg","99324","µV","27.011","°C","1020.000","hPa","36.0","pmil","0","55.700","deg","20.000","°C","100.000","%a.s.","22.210","deg","20.000","°C","971.000","hPa","0.826","-0.01532","0.000401","-0.00012","0","11.08","Humid","30.45","0","49.40","254722.51","SABD0002000012","AAV2.0.0.13","4.0.0.2323","PSt7-10","171027-008","9/15/2022 2:43:31 PM","0000-00","0","no battery","V","","µV","","µV"
"10/14/2022","11:58:14","7","default","171425599","OXY_CH7","1.036","min","186.911","μmol/L","Humid","21.727","deg","99312","µV","27.011","°C","1020.000","hPa","36.0","pmil","0","55.700","deg","20.000","°C","100.000","%a.s.","22.210","deg","20.000","°C","971.000","hPa","0.826","-0.01532","0.000401","-0.00012","0","11.08","Humid","30.45","0","49.40","254719.98","SABD0002000012","AAV2.0.0.13","4.0.0.2323","PSt7-10","171027-008","9/15/2022 2:43:31 PM","0000-00","0","no battery","V","","µV","","µV"
"10/14/2022","11:58:15","7","default","171425599","OXY_CH7","1.053","min","186.877","μmol/L","Humid","21.727","deg","99315","µV","27.017","°C","1020.000","hPa","36.0","pmil","0","55.700","deg","20.000","°C","100.000","%a.s.","22.210","deg","20.000","°C","971.000","hPa","0.826","-0.01532","0.000401","-0.00012","0","11.08","Humid","30.45","0","49.40","254706.25","SABD0002000012","AAV2.0.0.13","4.0.0.2323","PSt7-10","171027-008","9/15/2022 2:43:31 PM","0000-00","0","no battery","V","","µV","","µV"
"10/14/2022","11:58:16","7","default","171425599","OXY_CH7","1.070","min","186.828","μmol/L","Humid","21.730","deg","99309","µV","27.017","°C","1020.000","hPa","36.0","pmil","0","55.700","deg","20.000","°C","100.000","%a.s.","22.210","deg","20.000","°C","971.000","hPa","0.826","-0.01532","0.000401","-0.00012","0","11.08","Humid","30.45","0","49.40","254720.23","SABD0002000012","AAV2.0.0.13","4.0.0.2323","PSt7-10","171027-008","9/15/2022 2:43:31 PM","0000-00","0","no battery","V","","µV","","µV"
"10/14/2022","11:58:17","7","default","171425599","OXY_CH7","1.087","min","186.861","μmol/L","Humid","21.728","deg","99307","µV","27.017","°C","1020.000","hPa","36.0","pmil","0","55.700","deg","20.000","°C","100.000","%a.s.","22.210","deg","20.000","°C","971.000","hPa","0.826","-0.01532","0.000401","-0.00012","0","11.08","Humid","30.45","0","49.40","254721.67","SABD0002000012","AAV2.0.0.13","4.0.0.2323","PSt7-10","171027-008","9/15/2022 2:43:31 PM","0000-00","0","no battery","V","","µV","","µV"
"10/14/2022","11:58:18","7","default","171425599","OXY_CH7","1.103","min","186.893","μmol/L","Humid","21.726","deg","99293","µV","27.017","°C","1020.000","hPa","36.0","pmil","0","55.700","deg","20.000","°C","100.000","%a.s.","22.210","deg","20.000","°C","971.000","hPa","0.826","-0.01532","0.000401","-0.00012","0","11.08","Humid","30.45","0","49.40","254710.44","SABD0002000012","AAV2.0.0.13","4.0.0.2323","PSt7-10","171027-008","9/15/2022 2:43:31 PM","0000-00","0","no battery","V","","µV","","µV"
"10/14/2022","11:58:19","7","default","171425599","OXY_CH7","1.119","min","186.877","μmol/L","Humid","21.727","deg","99297","µV","27.017","°C","1020.000","hPa","36.0","pmil","0","55.700","deg","20.000","°C","100.000","%a.s.","22.210","deg","20.000","°C","971.000","hPa","0.826","-0.01532","0.000401","-0.00012","0","11.08","Humid","30.45","0","49.40","254713.38","SABD0002000012","AAV2.0.0.13","4.0.0.2323","PSt7-10","171027-008","9/15/2022 2:43:31 PM","0000-00","0","no battery","V","","µV","","µV"
"10/14/2022","11:58:20","7","default","171425599","OXY_CH7","1.136","min","186.877","μmol/L","Humid","21.727","deg","99289","µV","27.017","°C","1020.000","hPa","36.0","pmil","0","55.700","deg","20.000","°C","100.000","%a.s.","22.210","deg","20.000","°C","971.000","hPa","0.826","-0.01532","0.000401","-0.00012","0","11.08","Humid","30.45","0","49.40","254722.96","SABD0002000012","AAV2.0.0.13","4.0.0.2323","PSt7-10","171027-008","9/15/2022 2:43:31 PM","0000-00","0","no battery","V","","µV","","µV"
"10/14/2022","11:58:21","7","default","171425599","OXY_CH7","1.153","min","186.893","μmol/L","Humid","21.726","deg","99277","µV","27.017","°C","1020.000","hPa","36.0","pmil","0","55.700","deg","20.000","°C","100.000","%a.s.","22.210","deg","20.000","°C","971.000","hPa","0.826","-0.01532","0.000401","-0.00012","0","11.08","Humid","30.45","0","49.40","254707.12","SABD0002000012","AAV2.0.0.13","4.0.0.2323","PSt7-10","171027-008","9/15/2022 2:43:31 PM","0000-00","0","no battery","V","","µV","","µV"
"10/14/2022","11:58:22","7","default","171425599","OXY_CH7","1.169","min","186.928","μmol/L","Humid","21.726","deg","99270","µV","27.011","°C","1020.000","hPa","36.0","pmil","0","55.700","deg","20.000","°C","100.000","%a.s.","22.210","deg","20.000","°C","971.000","hPa","0.826","-0.01532","0.000401","-0.00012","0","11.08","Humid","30.45","0","49.40","254703.66","SABD0002000012","AAV2.0.0.13","4.0.0.2323","PSt7-10","171027-008","9/15/2022 2:43:31 PM","0000-00","0","no battery","V","","µV","","µV"
"10/14/2022","11:58:23","7","default","171425599","OXY_CH7","1.186","min","186.910","μmol/L","Humid","21.725","deg","99269","µV","27.017","°C","1020.000","hPa","36.0","pmil","0","55.700","deg","20.000","°C","100.000","%a.s.","22.210","deg","20.000","°C","971.000","hPa","0.826","-0.01532","0.000401","-0.00012","0","11.08","Humid","30.45","0","49.40","254700.41","SABD0002000012","AAV2.0.0.13","4.0.0.2323","PSt7-10","171027-008","9/15/2022 2:43:31 PM","0000-00","0","no battery","V","","µV","","µV"
"10/14/2022","11:58:24","7","default","171425599","OXY_CH7","1.203","min","186.892","μmol/L","Humid","21.724","deg","99266","µV","27.023","°C","1020.000","hPa","36.0","pmil","0","55.700","deg","20.000","°C","100.000","%a.s.","22.210","deg","20.000","°C","971.000","hPa","0.826","-0.01532","0.000401","-0.00012","0","11.08","Humid","30.45","0","49.40","254698.88","SABD0002000012","AAV2.0.0.13","4.0.0.2323","PSt7-10","171027-008","9/15/2022 2:43:31 PM","0000-00","0","no battery","V","","µV","","µV"
"10/14/2022","11:58:25","7","default","171425599","OXY_CH7","1.220","min","186.859","μmol/L","Humid","21.726","deg","99263","µV","27.023","°C","1020.000","hPa","36.0","pmil","0","55.700","deg","20.000","°C","100.000","%a.s.","22.210","deg","20.000","°C","971.000","hPa","0.826","-0.01532","0.000401","-0.00012","0","11.08","Humid","30.45","0","49.40","254698.52","SABD0002000012","AAV2.0.0.13","4.0.0.2323","PSt7-10","171027-008","9/15/2022 2:43:31 PM","0000-00","0","no battery","V","","µV","","µV"
"10/14/2022","11:58:26","7","default","171425599","OXY_CH7","1.236","min","186.893","μmol/L","Humid","21.726","deg","99263","µV","27.017","°C","1020.000","hPa","36.0","pmil","0","55.700","deg","20.000","°C","100.000","%a.s.","22.210","deg","20.000","°C","971.000","hPa","0.826","-0.01532","0.000401","-0.00012","0","11.08","Humid","30.45","0","49.40","254707.24","SABD0002000012","AAV2.0.0.13","4.0.0.2323","PSt7-10","171027-008","9/15/2022 2:43:31 PM","0000-00","0","no battery","V","","µV","","µV"
"10/14/2022","11:58:27","7","default","171425599","OXY_CH7","1.253","min","186.893","μmol/L","Humid","21.726","deg","99260","µV","27.017","°C","1020.000","hPa","36.0","pmil","0","55.700","deg","20.000","°C","100.000","%a.s.","22.210","deg","20.000","°C","971.000","hPa","0.826","-0.01532","0.000401","-0.00012","0","11.08","Humid","30.45","0","49.40","254698.66","SABD0002000012","AAV2.0.0.13","4.0.0.2323","PSt7-10","171027-008","9/15/2022 2:43:31 PM","0000-00","0","no battery","V","","µV","","µV"
"10/14/2022","11:58:28","7","default","171425599","OXY_CH7","1.269","min","186.925","μmol/L","Humid","21.722","deg","99253","µV","27.023","°C","1020.000","hPa","36.0","pmil","0","55.700","deg","20.000","°C","100.000","%a.s.","22.210","deg","20.000","°C","971.000","hPa","0.826","-0.01532","0.000401","-0.00012","0","11.08","Humid","30.45","0","49.40","254702.24","SABD0002000012","AAV2.0.0.13","4.0.0.2323","PSt7-10","171027-008","9/15/2022 2:43:31 PM","0000-00","0","no battery","V","","µV","","µV"
"10/14/2022","11:58:29","7","default","171425599","OXY_CH7","1.286","min","186.959","μmol/L","Humid","21.722","deg","99254","µV","27.017","°C","1020.000","hPa","36.0","pmil","0","55.700","deg","20.000","°C","100.000","%a.s.","22.210","deg","20.000","°C","971.000","hPa","0.826","-0.01532","0.000401","-0.00012","0","11.08","Humid","30.45","0","49.40","254706.12","SABD0002000012","AAV2.0.0.13","4.0.0.2323","PSt7-10","171027-008","9/15/2022 2:43:31 PM","0000-00","0","no battery","V","","µV","","µV"
"10/14/2022","11:58:30","7","default","171425599","OXY_CH7","1.303","min","186.992","μmol/L","Humid","21.720","deg","99253","µV","27.017","°C","1020.000","hPa","36.0","pmil","0","55.700","deg","20.000","°C","100.000","%a.s.","22.210","deg","20.000","°C","971.000","hPa","0.826","-0.01532","0.000401","-0.00012","0","11.08","Humid","30.45","0","49.40","254708.25","SABD0002000012","AAV2.0.0.13","4.0.0.2323","PSt7-10","171027-008","9/15/2022 2:43:31 PM","0000-00","0","no battery","V","","µV","","µV"
"10/14/2022","11:58:31","7","default","171425599","OXY_CH7","1.319","min","187.008","μmol/L","Humid","21.719","deg","99246","µV","27.017","°C","1020.000","hPa","36.0","pmil","0","55.700","deg","20.000","°C","100.000","%a.s.","22.210","deg","20.000","°C","971.000","hPa","0.826","-0.01532","0.000401","-0.00012","0","11.08","Humid","30.45","0","49.40","254701.13","SABD0002000012","AAV2.0.0.13","4.0.0.2323","PSt7-10","171027-008","9/15/2022 2:43:31 PM","0000-00","0","no battery","V","","µV","","µV"
"10/14/2022","11:58:32","7","default","171425599","OXY_CH7","1.336","min","186.957","μmol/L","Humid","21.720","deg","99241","µV","27.023","°C","1020.000","hPa","36.0","pmil","0","55.700","deg","20.000","°C","100.000","%a.s.","22.210","deg","20.000","°C","971.000","hPa","0.826","-0.01532","0.000401","-0.00012","0","11.08","Humid","30.45","0","49.40","254693.61","SABD0002000012","AAV2.0.0.13","4.0.0.2323","PSt7-10","171027-008","9/15/2022 2:43:31 PM","0000-00","0","no battery","V","","µV","","µV"
"10/14/2022","11:58:33","7","default","171425599","OXY_CH7","1.353","min","186.974","μmol/L","Humid","21.719","deg","99230","µV","27.023","°C","1020.000","hPa","36.0","pmil","0","55.700","deg","20.000","°C","100.000","%a.s.","22.210","deg","20.000","°C","971.000","hPa","0.826","-0.01532","0.000401","-0.00012","0","11.08","Humid","30.45","0","49.40","254680.86","SABD0002000012","AAV2.0.0.13","4.0.0.2323","PSt7-10","171027-008","9/15/2022 2:43:31 PM","0000-00","0","no battery","V","","µV","","µV"
"10/14/2022","11:58:34","7","default","171425599","OXY_CH7","1.370","min","187.008","μmol/L","Humid","21.719","deg","99218","µV","27.017","°C","1020.000","hPa","36.0","pmil","0","55.700","deg","20.000","°C","100.000","%a.s.","22.210","deg","20.000","°C","971.000","hPa","0.826","-0.01532","0.000401","-0.00012","0","11.08","Humid","30.45","0","49.40","254690.63","SABD0002000012","AAV2.0.0.13","4.0.0.2323","PSt7-10","171027-008","9/15/2022 2:43:31 PM","0000-00","0","no battery","V","","µV","","µV"
"10/14/2022","11:58:35","7","default","171425599","OXY_CH7","1.386","min","187.006","μmol/L","Humid","21.717","deg","99221","µV","27.023","°C","1020.000","hPa","36.0","pmil","0","55.700","deg","20.000","°C","100.000","%a.s.","22.210","deg","20.000","°C","971.000","hPa","0.826","-0.01532","0.000401","-0.00012","0","11.08","Humid","30.45","0","49.40","254689.24","SABD0002000012","AAV2.0.0.13","4.0.0.2323","PSt7-10","171027-008","9/15/2022 2:43:31 PM","0000-00","0","no battery","V","","µV","","µV"
"10/14/2022","11:58:36","7","default","171425599","OXY_CH7","1.402","min","187.039","μmol/L","Humid","21.715","deg","99227","µV","27.023","°C","1020.000","hPa","36.0","pmil","0","55.700","deg","20.000","°C","100.000","%a.s.","22.210","deg","20.000","°C","971.000","hPa","0.826","-0.01532","0.000401","-0.00012","0","11.08","Humid","30.45","0","49.40","254691.10","SABD0002000012","AAV2.0.0.13","4.0.0.2323","PSt7-10","171027-008","9/15/2022 2:43:31 PM","0000-00","0","no battery","V","","µV","","µV"
"10/14/2022","11:58:37","7","default","171425599","OXY_CH7","1.419","min","187.123","μmol/L","Humid","21.712","deg","99219","µV","27.017","°C","1020.000","hPa","36.0","pmil","0","55.700","deg","20.000","°C","100.000","%a.s.","22.210","deg","20.000","°C","971.000","hPa","0.826","-0.01532","0.000401","-0.00012","0","11.08","Humid","30.45","0","49.40","254681.49","SABD0002000012","AAV2.0.0.13","4.0.0.2323","PSt7-10","171027-008","9/15/2022 2:43:31 PM","0000-00","0","no battery","V","","µV","","µV"
"10/14/2022","11:58:38","7","default","171425599","OXY_CH7","1.436","min","187.123","μmol/L","Humid","21.712","deg","99210","µV","27.017","°C","1020.000","hPa","36.0","pmil","0","55.700","deg","20.000","°C","100.000","%a.s.","22.210","deg","20.000","°C","971.000","hPa","0.826","-0.01532","0.000401","-0.00012","0","11.08","Humid","30.45","0","49.40","254671.30","SABD0002000012","AAV2.0.0.13","4.0.0.2323","PSt7-10","171027-008","9/15/2022 2:43:31 PM","0000-00","0","no battery","V","","µV","","µV"
"10/14/2022","11:58:39","7","default","171425599","OXY_CH7","1.453","min","187.057","μmol/L","Humid","21.716","deg","99203","µV","27.017","°C","1020.000","hPa","36.0","pmil","0","55.700","deg","20.000","°C","100.000","%a.s.","22.210","deg","20.000","°C","971.000","hPa","0.826","-0.01532","0.000401","-0.00012","0","11.08","Humid","30.45","0","49.40","254677.81","SABD0002000012","AAV2.0.0.13","4.0.0.2323","PSt7-10","171027-008","9/15/2022 2:43:31 PM","0000-00","0","no battery","V","","µV","","µV"
"10/14/2022","11:58:40","7","default","171425599","OXY_CH7","1.469","min","186.972","μmol/L","Humid","21.717","deg","99197","µV","27.029","°C","1020.000","hPa","36.0","pmil","0","55.700","deg","20.000","°C","100.000","%a.s.","22.210","deg","20.000","°C","971.000","hPa","0.826","-0.01532","0.000401","-0.00012","0","11.08","Humid","30.45","0","49.40","254671.34","SABD0002000012","AAV2.0.0.13","4.0.0.2323","PSt7-10","171027-008","9/15/2022 2:43:31 PM","0000-00","0","no battery","V","","µV","","µV"
"10/14/2022","11:58:41","7","default","171425599","OXY_CH7","1.486","min","187.056","μmol/L","Humid","21.714","deg","99197","µV","27.023","°C","1020.000","hPa","36.0","pmil","0","55.700","deg","20.000","°C","100.000","%a.s.","22.210","deg","20.000","°C","971.000","hPa","0.826","-0.01532","0.000401","-0.00012","0","11.08","Humid","30.45","0","49.40","254675.92","SABD0002000012","AAV2.0.0.13","4.0.0.2323","PSt7-10","171027-008","9/15/2022 2:43:31 PM","0000-00","0","no battery","V","","µV","","µV"
"10/14/2022","11:58:42","7","default","171425599","OXY_CH7","1.503","min","187.106","μmol/L","Humid","21.713","deg","99194","µV","27.017","°C","1020.000","hPa","36.0","pmil","0","55.700","deg","20.000","°C","100.000","%a.s.","22.210","deg","20.000","°C","971.000","hPa","0.826","-0.01532","0.000401","-0.00012","0","11.08","Humid","30.45","0","49.40","254670.28","SABD0002000012","AAV2.0.0.13","4.0.0.2323","PSt7-10","171027-008","9/15/2022 2:43:31 PM","0000-00","0","no battery","V","","µV","","µV"
"10/14/2022","11:58:43","7","default","171425599","OXY_CH7","1.520","min","187.121","μmol/L","Humid","21.710","deg","99189","µV","27.023","°C","1020.000","hPa","36.0","pmil","0","55.700","deg","20.000","°C","100.000","%a.s.","22.210","deg","20.000","°C","971.000","hPa","0.826","-0.01532","0.000401","-0.00012","0","11.08","Humid","30.45","0","49.40","254671.09","SABD0002000012","AAV2.0.0.13","4.0.0.2323","PSt7-10","171027-008","9/15/2022 2:43:31 PM","0000-00","0","no battery","V","","µV","","µV"
"10/14/2022","11:58:44","7","default","171425599","OXY_CH7","1.536","min","187.123","μmol/L","Humid","21.712","deg","99183","µV","27.017","°C","1020.000","hPa","36.0","pmil","0","55.700","deg","20.000","°C","100.000","%a.s.","22.210","deg","20.000","°C","971.000","hPa","0.826","-0.01532","0.000401","-0.00012","0","11.08","Humid","30.45","0","49.40","254668.62","SABD0002000012","AAV2.0.0.13","4.0.0.2323","PSt7-10","171027-008","9/15/2022 2:43:31 PM","0000-00","0","no battery","V","","µV","","µV"
"10/14/2022","11:58:45","7","default","171425599","OXY_CH7","1.553","min","187.121","μmol/L","Humid","21.710","deg","99176","µV","27.023","°C","1020.000","hPa","36.0","pmil","0","55.700","deg","20.000","°C","100.000","%a.s.","22.210","deg","20.000","°C","971.000","hPa","0.826","-0.01532","0.000401","-0.00012","0","11.08","Humid","30.45","0","49.40","254666.08","SABD0002000012","AAV2.0.0.13","4.0.0.2323","PSt7-10","171027-008","9/15/2022 2:43:31 PM","0000-00","0","no battery","V","","µV","","µV"
"10/14/2022","11:58:46","7","default","171425599","OXY_CH7","1.569","min","187.138","μmol/L","Humid","21.709","deg","99167","µV","27.023","°C","1020.000","hPa","36.0","pmil","0","55.700","deg","20.000","°C","100.000","%a.s.","22.210","deg","20.000","°C","971.000","hPa","0.826","-0.01532","0.000401","-0.00012","0","11.08","Humid","30.45","0","49.40","254661.05","SABD0002000012","AAV2.0.0.13","4.0.0.2323","PSt7-10","171027-008","9/15/2022 2:43:31 PM","0000-00","0","no battery","V","","µV","","µV"
"10/14/2022","11:58:47","7","default","171425599","OXY_CH7","1.586","min","187.121","μmol/L","Humid","21.710","deg","99167","µV","27.023","°C","1020.000","hPa","36.0","pmil","0","55.700","deg","20.000","°C","100.000","%a.s.","22.210","deg","20.000","°C","971.000","hPa","0.826","-0.01532","0.000401","-0.00012","0","11.08","Humid","30.45","0","49.40","254653.77","SABD0002000012","AAV2.0.0.13","4.0.0.2323","PSt7-10","171027-008","9/15/2022 2:43:31 PM","0000-00","0","no battery","V","","µV","","µV"
"10/14/2022","11:58:48","7","default","171425599","OXY_CH7","1.603","min","187.138","μmol/L","Humid","21.709","deg","99170","µV","27.023","°C","1020.000","hPa","36.0","pmil","0","55.700","deg","20.000","°C","100.000","%a.s.","22.210","deg","20.000","°C","971.000","hPa","0.826","-0.01532","0.000401","-0.00012","0","11.08","Humid","30.45","0","49.40","254650.46","SABD0002000012","AAV2.0.0.13","4.0.0.2323","PSt7-10","171027-008","9/15/2022 2:43:31 PM","0000-00","0","no battery","V","","µV","","µV"
"10/14/2022","11:58:49","7","default","171425599","OXY_CH7","1.620","min","187.254","μmol/L","Humid","21.704","deg","99162","µV","27.017","°C","1020.000","hPa","36.0","pmil","0","55.700","deg","20.000","°C","100.000","%a.s.","22.210","deg","20.000","°C","971.000","hPa","0.826","-0.01532","0.000401","-0.00012","0","11.08","Humid","30.45","0","49.40","254649.32","SABD0002000012","AAV2.0.0.13","4.0.0.2323","PSt7-10","171027-008","9/15/2022 2:43:31 PM","0000-00","0","no battery","V","","µV","","µV"
"10/14/2022","11:58:50","7","default","171425599","OXY_CH7","1.636","min","187.203","μmol/L","Humid","21.705","deg","99152","µV","27.023","°C","1020.000","hPa","36.0","pmil","0","55.700","deg","20.000","°C","100.000","%a.s.","22.210","deg","20.000","°C","971.000","hPa","0.826","-0.01532","0.000401","-0.00012","0","11.08","Humid","30.45","0","49.40","254651.86","SABD0002000012","AAV2.0.0.13","4.0.0.2323","PSt7-10","171027-008","9/15/2022 2:43:31 PM","0000-00","0","no battery","V","","µV","","µV"
"10/14/2022","11:58:51","7","default","171425599","OXY_CH7","1.653","min","187.170","μmol/L","Humid","21.707","deg","99147","µV","27.023","°C","1020.000","hPa","36.0","pmil","0","55.700","deg","20.000","°C","100.000","%a.s.","22.210","deg","20.000","°C","971.000","hPa","0.826","-0.01532","0.000401","-0.00012","0","11.08","Humid","30.45","0","49.40","254644.43","SABD0002000012","AAV2.0.0.13","4.0.0.2323","PSt7-10","171027-008","9/15/2022 2:43:31 PM","0000-00","0","no battery","V","","µV","","µV"
"10/14/2022","11:58:52","7","default","171425599","OXY_CH7","1.670","min","187.187","μmol/L","Humid","21.706","deg","99149","µV","27.023","°C","1020.000","hPa","36.0","pmil","0","55.700","deg","20.000","°C","100.000","%a.s.","22.210","deg","20.000","°C","971.000","hPa","0.826","-0.01532","0.000401","-0.00012","0","11.08","Humid","30.45","0","49.40","254644.23","SABD0002000012","AAV2.0.0.13","4.0.0.2323","PSt7-10","171027-008","9/15/2022 2:43:31 PM","0000-00","0","no battery","V","","µV","","µV"
"10/14/2022","11:58:53","7","default","171425599","OXY_CH7","1.686","min","187.254","μmol/L","Humid","21.704","deg","99143","µV","27.017","°C","1020.000","hPa","36.0","pmil","0","55.700","deg","20.000","°C","100.000","%a.s.","22.210","deg","20.000","°C","971.000","hPa","0.826","-0.01532","0.000401","-0.00012","0","11.08","Humid","30.45","0","49.40","254660.80","SABD0002000012","AAV2.0.0.13","4.0.0.2323","PSt7-10","171027-008","9/15/2022 2:43:31 PM","0000-00","0","no battery","V","","µV","","µV"
"10/14/2022","11:58:54","7","default","171425599","OXY_CH7","1.703","min","187.170","μmol/L","Humid","21.707","deg","99133","µV","27.023","°C","1020.000","hPa","36.0","pmil","0","55.700","deg","20.000","°C","100.000","%a.s.","22.210","deg","20.000","°C","971.000","hPa","0.826","-0.01532","0.000401","-0.00012","0","11.08","Humid","30.45","0","49.40","254647.91","SABD0002000012","AAV2.0.0.13","4.0.0.2323","PSt7-10","171027-008","9/15/2022 2:43:31 PM","0000-00","0","no battery","V","","µV","","µV"
"10/14/2022","11:58:55","7","default","171425599","OXY_CH7","1.719","min","187.267","μmol/L","Humid","21.699","deg","99129","µV","27.029","°C","1020.000","hPa","36.0","pmil","0","55.700","deg","20.000","°C","100.000","%a.s.","22.210","deg","20.000","°C","971.000","hPa","0.826","-0.01532","0.000401","-0.00012","0","11.08","Humid","30.45","0","49.40","254649.94","SABD0002000012","AAV2.0.0.13","4.0.0.2323","PSt7-10","171027-008","9/15/2022 2:43:31 PM","0000-00","0","no battery","V","","µV","","µV"
"10/14/2022","11:58:56","7","default","171425599","OXY_CH7","1.736","min","187.285","μmol/L","Humid","21.700","deg","99128","µV","27.023","°C","1020.000","hPa","36.0","pmil","0","55.700","deg","20.000","°C","100.000","%a.s.","22.210","deg","20.000","°C","971.000","hPa","0.826","-0.01532","0.000401","-0.00012","0","11.08","Humid","30.45","0","49.40","254656.37","SABD0002000012","AAV2.0.0.13","4.0.0.2323","PSt7-10","171027-008","9/15/2022 2:43:31 PM","0000-00","0","no battery","V","","µV","","µV"
"10/14/2022","11:58:57","7","default","171425599","OXY_CH7","1.753","min","187.269","μmol/L","Humid","21.701","deg","99121","µV","27.023","°C","1020.000","hPa","36.0","pmil","0","55.700","deg","20.000","°C","100.000","%a.s.","22.210","deg","20.000","°C","971.000","hPa","0.826","-0.01532","0.000401","-0.00012","0","11.08","Humid","30.45","0","49.40","254643.76","SABD0002000012","AAV2.0.0.13","4.0.0.2323","PSt7-10","171027-008","9/15/2022 2:43:31 PM","0000-00","0","no battery","V","","µV","","µV"
"10/14/2022","11:58:58","7","default","171425599","OXY_CH7","1.769","min","187.334","μmol/L","Humid","21.697","deg","99114","µV","27.023","°C","1020.000","hPa","36.0","pmil","0","55.700","deg","20.000","°C","100.000","%a.s.","22.210","deg","20.000","°C","971.000","hPa","0.826","-0.01532","0.000401","-0.00012","0","11.08","Humid","30.45","0","49.40","254656.92","SABD0002000012","AAV2.0.0.13","4.0.0.2323","PSt7-10","171027-008","9/15/2022 2:43:31 PM","0000-00","0","no battery","V","","µV","","µV"
"10/14/2022","11:58:59","7","default","171425599","OXY_CH7","1.786","min","187.252","μmol/L","Humid","21.702","deg","99117","µV","27.023","°C","1020.000","hPa","36.0","pmil","0","55.700","deg","20.000","°C","100.000","%a.s.","22.210","deg","20.000","°C","971.000","hPa","0.826","-0.01532","0.000401","-0.00012","0","11.08","Humid","30.45","0","49.40","254641.17","SABD0002000012","AAV2.0.0.13","4.0.0.2323","PSt7-10","171027-008","9/15/2022 2:43:31 PM","0000-00","0","no battery","V","","µV","","µV"
"10/14/2022","11:59:00","7","default","171425599","OXY_CH7","1.803","min","187.267","μmol/L","Humid","21.699","deg","99106","µV","27.029","°C","1020.000","hPa","36.0","pmil","0","55.700","deg","20.000","°C","100.000","%a.s.","22.210","deg","20.000","°C","971.000","hPa","0.826","-0.01532","0.000401","-0.00012","0","11.08","Humid","30.45","0","49.40","254632.78","SABD0002000012","AAV2.0.0.13","4.0.0.2323","PSt7-10","171027-008","9/15/2022 2:43:31 PM","0000-00","0","no battery","V","","µV","","µV"
"10/14/2022","11:59:01","7","default","171425599","OXY_CH7","1.820","min","187.269","μmol/L","Humid","21.701","deg","99096","µV","27.023","°C","1020.000","hPa","36.0","pmil","0","55.700","deg","20.000","°C","100.000","%a.s.","22.210","deg","20.000","°C","971.000","hPa","0.826","-0.01532","0.000401","-0.00012","0","11.08","Humid","30.45","0","49.40","254632.98","SABD0002000012","AAV2.0.0.13","4.0.0.2323","PSt7-10","171027-008","9/15/2022 2:43:31 PM","0000-00","0","no battery","V","","µV","","µV"
"10/14/2022","11:59:02","7","default","171425599","OXY_CH7","1.836","min","187.318","μmol/L","Humid","21.698","deg","99105","µV","27.023","°C","1020.000","hPa","36.0","pmil","0","55.700","deg","20.000","°C","100.000","%a.s.","22.210","deg","20.000","°C","971.000","hPa","0.826","-0.01532","0.000401","-0.00012","0","11.08","Humid","30.45","0","49.40","254640.45","SABD0002000012","AAV2.0.0.13","4.0.0.2323","PSt7-10","171027-008","9/15/2022 2:43:31 PM","0000-00","0","no battery","V","","µV","","µV"
"10/14/2022","11:59:03","7","default","171425599","OXY_CH7","1.853","min","187.333","μmol/L","Humid","21.695","deg","99093","µV","27.029","°C","1020.000","hPa","36.0","pmil","0","55.700","deg","20.000","°C","100.000","%a.s.","22.210","deg","20.000","°C","971.000","hPa","0.826","-0.01532","0.000401","-0.00012","0","11.08","Humid","30.45","0","49.40","254626.68","SABD0002000012","AAV2.0.0.13","4.0.0.2323","PSt7-10","171027-008","9/15/2022 2:43:31 PM","0000-00","0","no battery","V","","µV","","µV"
"10/14/2022","11:59:04","7","default","171425599","OXY_CH7","1.870","min","187.318","μmol/L","Humid","21.698","deg","99089","µV","27.023","°C","1020.000","hPa","36.0","pmil","0","55.700","deg","20.000","°C","100.000","%a.s.","22.210","deg","20.000","°C","971.000","hPa","0.826","-0.01532","0.000401","-0.00012","0","11.08","Humid","30.45","0","49.40","254635.94","SABD0002000012","AAV2.0.0.13","4.0.0.2323","PSt7-10","171027-008","9/15/2022 2:43:31 PM","0000-00","0","no battery","V","","µV","","µV"
"10/14/2022","11:59:05","7","default","171425599","OXY_CH7","1.886","min","187.367","μmol/L","Humid","21.695","deg","99083","µV","27.023","°C","1020.000","hPa","36.0","pmil","0","55.700","deg","20.000","°C","100.000","%a.s.","22.210","deg","20.000","°C","971.000","hPa","0.826","-0.01532","0.000401","-0.00012","0","11.08","Humid","30.45","0","49.40","254628.09","SABD0002000012","AAV2.0.0.13","4.0.0.2323","PSt7-10","171027-008","9/15/2022 2:43:31 PM","0000-00","0","no battery","V","","µV","","µV"
"10/14/2022","11:59:06","7","default","171425599","OXY_CH7","1.902","min","187.400","μmol/L","Humid","21.693","deg","99079","µV","27.023","°C","1020.000","hPa","36.0","pmil","0","55.700","deg","20.000","°C","100.000","%a.s.","22.210","deg","20.000","°C","971.000","hPa","0.826","-0.01532","0.000401","-0.00012","0","11.08","Humid","30.45","0","49.40","254619.28","SABD0002000012","AAV2.0.0.13","4.0.0.2323","PSt7-10","171027-008","9/15/2022 2:43:31 PM","0000-00","0","no battery","V","","µV","","µV"
"10/14/2022","11:59:07","7","default","171425599","OXY_CH7","1.919","min","187.366","μmol/L","Humid","21.693","deg","99065","µV","27.029","°C","1020.000","hPa","36.0","pmil","0","55.700","deg","20.000","°C","100.000","%a.s.","22.210","deg","20.000","°C","971.000","hPa","0.826","-0.01532","0.000401","-0.00012","0","11.08","Humid","30.45","0","49.40","254610.07","SABD0002000012","AAV2.0.0.13","4.0.0.2323","PSt7-10","171027-008","9/15/2022 2:43:31 PM","0000-00","0","no battery","V","","µV","","µV"
"10/14/2022","11:59:08","7","default","171425599","OXY_CH7","1.936","min","187.417","μmol/L","Humid","21.692","deg","99068","µV","27.023","°C","1020.000","hPa","36.0","pmil","0","55.700","deg","20.000","°C","100.000","%a.s.","22.210","deg","20.000","°C","971.000","hPa","0.826","-0.01532","0.000401","-0.00012","0","11.08","Humid","30.45","0","49.40","254640.52","SABD0002000012","AAV2.0.0.13","4.0.0.2323","PSt7-10","171027-008","9/15/2022 2:43:31 PM","0000-00","0","no battery","V","","µV","","µV"
"10/14/2022","11:59:09","7","default","171425599","OXY_CH7","1.953","min","187.366","μmol/L","Humid","21.693","deg","99063","µV","27.029","°C","1020.000","hPa","36.0","pmil","0","55.700","deg","20.000","°C","100.000","%a.s.","22.210","deg","20.000","°C","971.000","hPa","0.826","-0.01532","0.000401","-0.00012","0","11.08","Humid","30.45","0","49.40","254624.65","SABD0002000012","AAV2.0.0.13","4.0.0.2323","PSt7-10","171027-008","9/15/2022 2:43:31 PM","0000-00","0","no battery","V","","µV","","µV"
"10/14/2022","11:59:10","7","default","171425599","OXY_CH7","1.969","min","187.466","μmol/L","Humid","21.689","deg","99058","µV","27.023","°C","1020.000","hPa","36.0","pmil","0","55.700","deg","20.000","°C","100.000","%a.s.","22.210","deg","20.000","°C","971.000","hPa","0.826","-0.01532","0.000401","-0.00012","0","11.08","Humid","30.45","0","49.40","254615.79","SABD0002000012","AAV2.0.0.13","4.0.0.2323","PSt7-10","171027-008","9/15/2022 2:43:31 PM","0000-00","0","no battery","V","","µV","","µV"
"10/14/2022","11:59:11","7","default","171425599","OXY_CH7","1.986","min","187.448","μmol/L","Humid","21.688","deg","99052","µV","27.029","°C","1020.000","hPa","36.0","pmil","0","55.700","deg","20.000","°C","100.000","%a.s.","22.210","deg","20.000","°C","971.000","hPa","0.826","-0.01532","0.000401","-0.00012","0","11.08","Humid","30.45","0","49.40","254620.49","SABD0002000012","AAV2.0.0.13","4.0.0.2323","PSt7-10","171027-008","9/15/2022 2:43:31 PM","0000-00","0","no battery","V","","µV","","µV"
"10/14/2022","11:59:12","7","default","171425599","OXY_CH7","2.003","min","187.464","μmol/L","Humid","21.687","deg","99046","µV","27.029","°C","1020.000","hPa","36.0","pmil","0","55.700","deg","20.000","°C","100.000","%a.s.","22.210","deg","20.000","°C","971.000","hPa","0.826","-0.01532","0.000401","-0.00012","0","11.08","Humid","30.45","0","49.40","254625.24","SABD0002000012","AAV2.0.0.13","4.0.0.2323","PSt7-10","171027-008","9/15/2022 2:43:31 PM","0000-00","0","no battery","V","","µV","","µV"
"10/14/2022","11:59:13","7","default","171425599","OXY_CH7","2.020","min","187.415","μmol/L","Humid","21.690","deg","99040","µV","27.029","°C","1020.000","hPa","36.0","pmil","0","55.700","deg","20.000","°C","100.000","%a.s.","22.210","deg","20.000","°C","971.000","hPa","0.826","-0.01532","0.000401","-0.00012","0","11.08","Humid","30.45","0","49.40","254611.24","SABD0002000012","AAV2.0.0.13","4.0.0.2323","PSt7-10","171027-008","9/15/2022 2:43:31 PM","0000-00","0","no battery","V","","µV","","µV"
"10/14/2022","11:59:14","7","default","171425599","OXY_CH7","2.036","min","187.497","μmol/L","Humid","21.685","deg","99038","µV","27.029","°C","1020.000","hPa","36.0","pmil","0","55.700","deg","20.000","°C","100.000","%a.s.","22.210","deg","20.000","°C","971.000","hPa","0.826","-0.01532","0.000401","-0.00012","0","11.08","Humid","30.45","0","49.40","254600.39","SABD0002000012","AAV2.0.0.13","4.0.0.2323","PSt7-10","171027-008","9/15/2022 2:43:31 PM","0000-00","0","no battery","V","","µV","","µV"
"10/14/2022","11:59:15","7","default","171425599","OXY_CH7","2.053","min","187.566","μmol/L","Humid","21.685","deg","99035","µV","27.017","°C","1020.000","hPa","36.0","pmil","0","55.700","deg","20.000","°C","100.000","%a.s.","22.210","deg","20.000","°C","971.000","hPa","0.826","-0.01532","0.000401","-0.00012","0","11.08","Humid","30.45","0","49.40","254596.53","SABD0002000012","AAV2.0.0.13","4.0.0.2323","PSt7-10","171027-008","9/15/2022 2:43:31 PM","0000-00","0","no battery","V","","µV","","µV"
"10/14/2022","11:59:16","7","default","171425599","OXY_CH7","2.070","min","187.497","μmol/L","Humid","21.685","deg","99022","µV","27.029","°C","1020.000","hPa","36.0","pmil","0","55.700","deg","20.000","°C","100.000","%a.s.","22.210","deg","20.000","°C","971.000","hPa","0.826","-0.01532","0.000401","-0.00012","0","11.08","Humid","30.45","0","49.40","254601.68","SABD0002000012","AAV2.0.0.13","4.0.0.2323","PSt7-10","171027-008","9/15/2022 2:43:31 PM","0000-00","0","no battery","V","","µV","","µV"
"10/14/2022","11:59:17","7","default","171425599","OXY_CH7","2.086","min","187.547","μmol/L","Humid","21.682","deg","99024","µV","27.029","°C","1020.000","hPa","36.0","pmil","0","55.700","deg","20.000","°C","100.000","%a.s.","22.210","deg","20.000","°C","971.000","hPa","0.826","-0.01532","0.000401","-0.00012","0","11.08","Humid","30.45","0","49.40","254611.71","SABD0002000012","AAV2.0.0.13","4.0.0.2323","PSt7-10","171027-008","9/15/2022 2:43:31 PM","0000-00","0","no battery","V","","µV","","µV"
"10/14/2022","11:59:18","7","default","171425599","OXY_CH7","2.103","min","187.497","μmol/L","Humid","21.685","deg","99018","µV","27.029","°C","1020.000","hPa","36.0","pmil","0","55.700","deg","20.000","°C","100.000","%a.s.","22.210","deg","20.000","°C","971.000","hPa","0.826","-0.01532","0.000401","-0.00012","0","11.08","Humid","30.45","0","49.40","254615.93","SABD0002000012","AAV2.0.0.13","4.0.0.2323","PSt7-10","171027-008","9/15/2022 2:43:31 PM","0000-00","0","no battery","V","","µV","","µV"
"10/14/2022","11:59:19","7","default","171425599","OXY_CH7","2.119","min","187.563","μmol/L","Humid","21.681","deg","99010","µV","27.029","°C","1020.000","hPa","36.0","pmil","0","55.700","deg","20.000","°C","100.000","%a.s.","22.210","deg","20.000","°C","971.000","hPa","0.826","-0.01532","0.000401","-0.00012","0","11.08","Humid","30.45","0","49.40","254613.72","SABD0002000012","AAV2.0.0.13","4.0.0.2323","PSt7-10","171027-008","9/15/2022 2:43:31 PM","0000-00","0","no battery","V","","µV","","µV"
"10/14/2022","11:59:20","7","default","171425599","OXY_CH7","2.136","min","187.563","μmol/L","Humid","21.681","deg","99011","µV","27.029","°C","1020.000","hPa","36.0","pmil","0","55.700","deg","20.000","°C","100.000","%a.s.","22.210","deg","20.000","°C","971.000","hPa","0.826","-0.01532","0.000401","-0.00012","0","11.08","Humid","30.45","0","49.40","254607.41","SABD0002000012","AAV2.0.0.13","4.0.0.2323","PSt7-10","171027-008","9/15/2022 2:43:31 PM","0000-00","0","no battery","V","","µV","","µV"
"10/14/2022","11:59:21","7","default","171425599","OXY_CH7","2.153","min","187.579","μmol/L","Humid","21.680","deg","99009","µV","27.029","°C","1020.000","hPa","36.0","pmil","0","55.700","deg","20.000","°C","100.000","%a.s.","22.210","deg","20.000","°C","971.000","hPa","0.826","-0.01532","0.000401","-0.00012","0","11.08","Humid","30.45","0","49.40","254601.40","SABD0002000012","AAV2.0.0.13","4.0.0.2323","PSt7-10","171027-008","9/15/2022 2:43:31 PM","0000-00","0","no battery","V","","µV","","µV"
"10/14/2022","11:59:22","7","default","171425599","OXY_CH7","2.170","min","187.596","μmol/L","Humid","21.679","deg","98994","µV","27.029","°C","1020.000","hPa","36.0","pmil","0","55.700","deg","20.000","°C","100.000","%a.s.","22.210","deg","20.000","°C","971.000","hPa","0.826","-0.01532","0.000401","-0.00012","0","11.08","Humid","30.45","0","49.40","254588.42","SABD0002000012","AAV2.0.0.13","4.0.0.2323","PSt7-10","171027-008","9/15/2022 2:43:31 PM","0000-00","0","no battery","V","","µV","","µV"
"10/14/2022","11:59:23","7","default","171425599","OXY_CH7","2.186","min","187.596","μmol/L","Humid","21.679","deg","98988","µV","27.029","°C","1020.000","hPa","36.0","pmil","0","55.700","deg","20.000","°C","100.000","%a.s.","22.210","deg","20.000","°C","971.000","hPa","0.826","-0.01532","0.000401","-0.00012","0","11.08","Humid","30.45","0","49.40","254587.74","SABD0002000012","AAV2.0.0.13","4.0.0.2323","PSt7-10","171027-008","9/15/2022 2:43:31 PM","0000-00","0","no battery","V","","µV","","µV"
"10/14/2022","11:59:24","7","default","171425599","OXY_CH7","2.203","min","187.629","μmol/L","Humid","21.677","deg","98992","µV","27.029","°C","1020.000","hPa","36.0","pmil","0","55.700","deg","20.000","°C","100.000","%a.s.","22.210","deg","20.000","°C","971.000","hPa","0.826","-0.01532","0.000401","-0.00012","0","11.08","Humid","30.45","0","49.40","254584.65","SABD0002000012","AAV2.0.0.13","4.0.0.2323","PSt7-10","171027-008","9/15/2022 2:43:31 PM","0000-00","0","no battery","V","","µV","","µV"
"10/14/2022","11:59:25","7","default","171425599","OXY_CH7","2.220","min","187.696","μmol/L","Humid","21.675","deg","98987","µV","27.023","°C","1020.000","hPa","36.0","pmil","0","55.700","deg","20.000","°C","100.000","%a.s.","22.210","deg","20.000","°C","971.000","hPa","0.826","-0.01532","0.000401","-0.00012","0","11.08","Humid","30.45","0","49.40","254588.68","SABD0002000012","AAV2.0.0.13","4.0.0.2323","PSt7-10","171027-008","9/15/2022 2:43:31 PM","0000-00","0","no battery","V","","µV","","µV"
"10/14/2022","11:59:26","7","default","171425599","OXY_CH7","2.236","min","187.645","μmol/L","Humid","21.676","deg","98980","µV","27.029","°C","1020.000","hPa","36.0","pmil","0","55.700","deg","20.000","°C","100.000","%a.s.","22.210","deg","20.000","°C","971.000","hPa","0.826","-0.01532","0.000401","-0.00012","0","11.08","Humid","30.45","0","49.40","254595.51","SABD0002000012","AAV2.0.0.13","4.0.0.2323","PSt7-10","171027-008","9/15/2022 2:43:31 PM","0000-00","0","no battery","V","","µV","","µV"
"10/14/2022","11:59:27","7","default","171425599","OXY_CH7","2.253","min","187.612","μmol/L","Humid","21.678","deg","98977","µV","27.029","°C","1020.000","hPa","36.0","pmil","0","55.700","deg","20.000","°C","100.000","%a.s.","22.210","deg","20.000","°C","971.000","hPa","0.826","-0.01532","0.000401","-0.00012","0","11.08","Humid","30.45","0","49.40","254598.74","SABD0002000012","AAV2.0.0.13","4.0.0.2323","PSt7-10","171027-008","9/15/2022 2:43:31 PM","0000-00","0","no battery","V","","µV","","µV"
"10/14/2022","11:59:28","7","default","171425599","OXY_CH7","2.269","min","187.662","μmol/L","Humid","21.675","deg","98972","µV","27.029","°C","1020.000","hPa","36.0","pmil","0","55.700","deg","20.000","°C","100.000","%a.s.","22.210","deg","20.000","°C","971.000","hPa","0.826","-0.01532","0.000401","-0.00012","0","11.08","Humid","30.45","0","49.40","254595.77","SABD0002000012","AAV2.0.0.13","4.0.0.2323","PSt7-10","171027-008","9/15/2022 2:43:31 PM","0000-00","0","no battery","V","","µV","","µV"
"10/14/2022","11:59:29","7","default","171425599","OXY_CH7","2.286","min","187.678","μmol/L","Humid","21.674","deg","98975","µV","27.029","°C","1020.000","hPa","36.0","pmil","0","55.700","deg","20.000","°C","100.000","%a.s.","22.210","deg","20.000","°C","971.000","hPa","0.826","-0.01532","0.000401","-0.00012","0","11.08","Humid","30.45","0","49.40","254583.84","SABD0002000012","AAV2.0.0.13","4.0.0.2323","PSt7-10","171027-008","9/15/2022 2:43:31 PM","0000-00","0","no battery","V","","µV","","µV"
"10/14/2022","11:59:30","7","default","171425599","OXY_CH7","2.303","min","187.662","μmol/L","Humid","21.675","deg","98972","µV","27.029","°C","1020.000","hPa","36.0","pmil","0","55.700","deg","20.000","°C","100.000","%a.s.","22.210","deg","20.000","°C","971.000","hPa","0.826","-0.01532","0.000401","-0.00012","0","11.08","Humid","30.45","0","49.40","254586.32","SABD0002000012","AAV2.0.0.13","4.0.0.2323","PSt7-10","171027-008","9/15/2022 2:43:31 PM","0000-00","0","no battery","V","","µV","","µV"
"10/14/2022","11:59:31","7","default","171425599","OXY_CH7","2.320","min","187.762","μmol/L","Humid","21.671","deg","98964","µV","27.023","°C","1020.000","hPa","36.0","pmil","0","55.700","deg","20.000","°C","100.000","%a.s.","22.210","deg","20.000","°C","971.000","hPa","0.826","-0.01532","0.000401","-0.00012","0","11.08","Humid","30.45","0","49.40","254571.51","SABD0002000012","AAV2.0.0.13","4.0.0.2323","PSt7-10","171027-008","9/15/2022 2:43:31 PM","0000-00","0","no battery","V","","µV","","µV"
"10/14/2022","11:59:32","7","default","171425599","OXY_CH7","2.336","min","187.612","μmol/L","Humid","21.678","deg","98954","µV","27.029","°C","1020.000","hPa","36.0","pmil","0","55.700","deg","20.000","°C","100.000","%a.s.","22.210","deg","20.000","°C","971.000","hPa","0.826","-0.01532","0.000401","-0.00012","0","11.08","Humid","30.45","0","49.40","254578.36","SABD0002000012","AAV2.0.0.13","4.0.0.2323","PSt7-10","171027-008","9/15/2022 2:43:31 PM","0000-00","0","no battery","V","","µV","","µV"
"10/14/2022","11:59:33","7","default","171425599","OXY_CH7","2.353","min","187.728","μmol/L","Humid","21.671","deg","98956","µV","27.029","°C","1020.000","hPa","36.0","pmil","0","55.700","deg","20.000","°C","100.000","%a.s.","22.210","deg","20.000","°C","971.000","hPa","0.826","-0.01532","0.000401","-0.00012","0","11.08","Humid","30.45","0","49.40","254576.11","SABD0002000012","AAV2.0.0.13","4.0.0.2323","PSt7-10","171027-008","9/15/2022 2:43:31 PM","0000-00","0","no battery","V","","µV","","µV"
"10/14/2022","11:59:34","7","default","171425599","OXY_CH7","2.369","min","187.660","μmol/L","Humid","21.673","deg","98954","µV","27.035","°C","1020.000","hPa","36.0","pmil","0","55.700","deg","20.000","°C","100.000","%a.s.","22.210","deg","20.000","°C","971.000","hPa","0.826","-0.01532","0.000401","-0.00012","0","11.08","Humid","30.45","0","49.40","254575.79","SABD0002000012","AAV2.0.0.13","4.0.0.2323","PSt7-10","171027-008","9/15/2022 2:43:31 PM","0000-00","0","no battery","V","","µV","","µV"
"10/14/2022","11:59:35","7","default","171425599","OXY_CH7","2.386","min","187.695","μmol/L","Humid","21.673","deg","98942","µV","27.029","°C","1020.000","hPa","36.0","pmil","0","55.700","deg","20.000","°C","100.000","%a.s.","22.210","deg","20.000","°C","971.000","hPa","0.826","-0.01532","0.000401","-0.00012","0","11.08","Humid","30.45","0","49.40","254572.14","SABD0002000012","AAV2.0.0.13","4.0.0.2323","PSt7-10","171027-008","9/15/2022 2:43:31 PM","0000-00","0","no battery","V","","µV","","µV"
"10/14/2022","11:59:36","7","default","171425599","OXY_CH7","2.403","min","187.693","μmol/L","Humid","21.671","deg","98943","µV","27.035","°C","1020.000","hPa","36.0","pmil","0","55.700","deg","20.000","°C","100.000","%a.s.","22.210","deg","20.000","°C","971.000","hPa","0.826","-0.01532","0.000401","-0.00012","0","11.08","Humid","30.45","0","49.40","254575.00","SABD0002000012","AAV2.0.0.13","4.0.0.2323","PSt7-10","171027-008","9/15/2022 2:43:31 PM","0000-00","0","no battery","V","","µV","","µV"
"10/14/2022","11:59:37","7","default","171425599","OXY_CH7","2.419","min","187.693","μmol/L","Humid","21.671","deg","98946","µV","27.035","°C","1020.000","hPa","36.0","pmil","0","55.700","deg","20.000","°C","100.000","%a.s.","22.210","deg","20.000","°C","971.000","hPa","0.826","-0.01532","0.000401","-0.00012","0","11.08","Humid","30.45","0","49.40","254571.56","SABD0002000012","AAV2.0.0.13","4.0.0.2323","PSt7-10","171027-008","9/15/2022 2:43:31 PM","0000-00","0","no battery","V","","µV","","µV"
"10/14/2022","11:59:38","7","default","171425599","OXY_CH7","2.436","min","187.775","μmol/L","Humid","21.666","deg","98936","µV","27.035","°C","1020.000","hPa","36.0","pmil","0","55.700","deg","20.000","°C","100.000","%a.s.","22.210","deg","20.000","°C","971.000","hPa","0.826","-0.01532","0.000401","-0.00012","0","11.08","Humid","30.45","0","49.40","254565.46","SABD0002000012","AAV2.0.0.13","4.0.0.2323","PSt7-10","171027-008","9/15/2022 2:43:31 PM","0000-00","0","no battery","V","","µV","","µV"
"10/14/2022","11:59:39","7","default","171425599","OXY_CH7","2.453","min","187.675","μmol/L","Humid","21.670","deg","98930","µV","27.041","°C","1020.000","hPa","36.0","pmil","0","55.700","deg","20.000","°C","100.000","%a.s.","22.210","deg","20.000","°C","971.000","hPa","0.826","-0.01532","0.000401","-0.00012","0","11.08","Humid","30.45","0","49.40","254565.34","SABD0002000012","AAV2.0.0.13","4.0.0.2323","PSt7-10","171027-008","9/15/2022 2:43:31 PM","0000-00","0","no battery","V","","µV","","µV"
"10/14/2022","11:59:40","7","default","171425599","OXY_CH7","2.470","min","187.759","μmol/L","Humid","21.667","deg","98922","µV","27.035","°C","1020.000","hPa","36.0","pmil","0","55.700","deg","20.000","°C","100.000","%a.s.","22.210","deg","20.000","°C","971.000","hPa","0.826","-0.01532","0.000401","-0.00012","0","11.08","Humid","30.45","0","49.40","254565.59","SABD0002000012","AAV2.0.0.13","4.0.0.2323","PSt7-10","171027-008","9/15/2022 2:43:31 PM","0000-00","0","no battery","V","","µV","","µV"
"10/14/2022","11:59:41","7","default","171425599","OXY_CH7","2.486","min","187.859","μmol/L","Humid","21.663","deg","98920","µV","27.029","°C","1020.000","hPa","36.0","pmil","0","55.700","deg","20.000","°C","100.000","%a.s.","22.210","deg","20.000","°C","971.000","hPa","0.826","-0.01532","0.000401","-0.00012","0","11.08","Humid","30.45","0","49.40","254555.80","SABD0002000012","AAV2.0.0.13","4.0.0.2323","PSt7-10","171027-008","9/15/2022 2:43:31 PM","0000-00","0","no battery","V","","µV","","µV"
"10/14/2022","11:59:42","7","default","171425599","OXY_CH7","2.502","min","187.760","μmol/L","Humid","21.669","deg","98914","µV","27.029","°C","1020.000","hPa","36.0","pmil","0","55.700","deg","20.000","°C","100.000","%a.s.","22.210","deg","20.000","°C","971.000","hPa","0.826","-0.01532","0.000401","-0.00012","0","11.08","Humid","30.45","0","49.40","254553.61","SABD0002000012","AAV2.0.0.13","4.0.0.2323","PSt7-10","171027-008","9/15/2022 2:43:31 PM","0000-00","0","no battery","V","","µV","","µV"
"10/14/2022","11:59:43","7","default","171425599","OXY_CH7","2.519","min","187.808","μmol/L","Humid","21.664","deg","98914","µV","27.035","°C","1020.000","hPa","36.0","pmil","0","55.700","deg","20.000","°C","100.000","%a.s.","22.210","deg","20.000","°C","971.000","hPa","0.826","-0.01532","0.000401","-0.00012","0","11.08","Humid","30.45","0","49.40","254561.27","SABD0002000012","AAV2.0.0.13","4.0.0.2323","PSt7-10","171027-008","9/15/2022 2:43:31 PM","0000-00","0","no battery","V","","µV","","µV"
"10/14/2022","11:59:44","7","default","171425599","OXY_CH7","2.536","min","187.825","μmol/L","Humid","21.663","deg","98905","µV","27.035","°C","1020.000","hPa","36.0","pmil","0","55.700","deg","20.000","°C","100.000","%a.s.","22.210","deg","20.000","°C","971.000","hPa","0.826","-0.01532","0.000401","-0.00012","0","11.08","Humid","30.45","0","49.40","254562.52","SABD0002000012","AAV2.0.0.13","4.0.0.2323","PSt7-10","171027-008","9/15/2022 2:43:31 PM","0000-00","0","no battery","V","","µV","","µV"
"10/14/2022","11:59:45","7","default","171425599","OXY_CH7","2.553","min","187.858","μmol/L","Humid","21.661","deg","98905","µV","27.035","°C","1020.000","hPa","36.0","pmil","0","55.700","deg","20.000","°C","100.000","%a.s.","22.210","deg","20.000","°C","971.000","hPa","0.826","-0.01532","0.000401","-0.00012","0","11.08","Humid","30.45","0","49.40","254558.58","SABD0002000012","AAV2.0.0.13","4.0.0.2323","PSt7-10","171027-008","9/15/2022 2:43:31 PM","0000-00","0","no battery","V","","µV","","µV"
"10/14/2022","11:59:46","7","default","171425599","OXY_CH7","2.570","min","187.874","μmol/L","Humid","21.660","deg","98899","µV","27.035","°C","1020.000","hPa","36.0","pmil","0","55.700","deg","20.000","°C","100.000","%a.s.","22.210","deg","20.000","°C","971.000","hPa","0.826","-0.01532","0.000401","-0.00012","0","11.08","Humid","30.45","0","49.40","254571.87","SABD0002000012","AAV2.0.0.13","4.0.0.2323","PSt7-10","171027-008","9/15/2022 2:43:31 PM","0000-00","0","no battery","V","","µV","","µV"
"10/14/2022","11:59:47","7","default","171425599","OXY_CH7","2.586","min","187.858","μmol/L","Humid","21.661","deg","98897","µV","27.035","°C","1020.000","hPa","36.0","pmil","0","55.700","deg","20.000","°C","100.000","%a.s.","22.210","deg","20.000","°C","971.000","hPa","0.826","-0.01532","0.000401","-0.00012","0","11.08","Humid","30.45","0","49.40","254565.51","SABD0002000012","AAV2.0.0.13","4.0.0.2323","PSt7-10","171027-008","9/15/2022 2:43:31 PM","0000-00","0","no battery","V","","µV","","µV"
"10/14/2022","11:59:48","7","default","171425599","OXY_CH7","2.603","min","187.840","μmol/L","Humid","21.660","deg","98887","µV","27.041","°C","1020.000","hPa","36.0","pmil","0","55.700","deg","20.000","°C","100.000","%a.s.","22.210","deg","20.000","°C","971.000","hPa","0.826","-0.01532","0.000401","-0.00012","0","11.08","Humid","30.45","0","49.40","254568.06","SABD0002000012","AAV2.0.0.13","4.0.0.2323","PSt7-10","171027-008","9/15/2022 2:43:31 PM","0000-00","0","no battery","V","","µV","","µV"
"10/14/2022","11:59:49","7","default","171425599","OXY_CH7","2.620","min","187.874","μmol/L","Humid","21.660","deg","98884","µV","27.035","°C","1020.000","hPa","36.0","pmil","0","55.700","deg","20.000","°C","100.000","%a.s.","22.210","deg","20.000","°C","971.000","hPa","0.826","-0.01532","0.000401","-0.00012","0","11.08","Humid","30.45","0","49.40","254557.00","SABD0002000012","AAV2.0.0.13","4.0.0.2323","PSt7-10","171027-008","9/15/2022 2:43:31 PM","0000-00","0","no battery","V","","µV","","µV"
"10/14/2022","11:59:50","7","default","171425599","OXY_CH7","2.636","min","187.907","μmol/L","Humid","21.658","deg","98886","µV","27.035","°C","1020.000","hPa","36.0","pmil","0","55.700","deg","20.000","°C","100.000","%a.s.","22.210","deg","20.000","°C","971.000","hPa","0.826","-0.01532","0.000401","-0.00012","0","11.08","Humid","30.45","0","49.40","254546.82","SABD0002000012","AAV2.0.0.13","4.0.0.2323","PSt7-10","171027-008","9/15/2022 2:43:31 PM","0000-00","0","no battery","V","","µV","","µV"
"10/14/2022","11:59:51","7","default","171425599","OXY_CH7","2.653","min","187.874","μmol/L","Humid","21.660","deg","98875","µV","27.035","°C","1020.000","hPa","36.0","pmil","0","55.700","deg","20.000","°C","100.000","%a.s.","22.210","deg","20.000","°C","971.000","hPa","0.826","-0.01532","0.000401","-0.00012","0","11.08","Humid","30.45","0","49.40","254549.43","SABD0002000012","AAV2.0.0.13","4.0.0.2323","PSt7-10","171027-008","9/15/2022 2:43:31 PM","0000-00","0","no battery","V","","µV","","µV"
"10/14/2022","11:59:52","7","default","171425599","OXY_CH7","2.669","min","187.840","μmol/L","Humid","21.660","deg","98870","µV","27.041","°C","1020.000","hPa","36.0","pmil","0","55.700","deg","20.000","°C","100.000","%a.s.","22.210","deg","20.000","°C","971.000","hPa","0.826","-0.01532","0.000401","-0.00012","0","11.08","Humid","30.45","0","49.40","254553.18","SABD0002000012","AAV2.0.0.13","4.0.0.2323","PSt7-10","171027-008","9/15/2022 2:43:31 PM","0000-00","0","no battery","V","","µV","","µV"
"10/14/2022","11:59:53","7","default","171425599","OXY_CH7","2.686","min","187.873","μmol/L","Humid","21.658","deg","98871","µV","27.041","°C","1020.000","hPa","36.0","pmil","0","55.700","deg","20.000","°C","100.000","%a.s.","22.210","deg","20.000","°C","971.000","hPa","0.826","-0.01532","0.000401","-0.00012","0","11.08","Humid","30.45","0","49.40","254552.09","SABD0002000012","AAV2.0.0.13","4.0.0.2323","PSt7-10","171027-008","9/15/2022 2:43:31 PM","0000-00","0","no battery","V","","µV","","µV"
"10/14/2022","11:59:54","7","default","171425599","OXY_CH7","2.702","min","187.973","μmol/L","Humid","21.654","deg","98868","µV","27.035","°C","1020.000","hPa","36.0","pmil","0","55.700","deg","20.000","°C","100.000","%a.s.","22.210","deg","20.000","°C","971.000","hPa","0.826","-0.01532","0.000401","-0.00012","0","11.08","Humid","30.45","0","49.40","254558.89","SABD0002000012","AAV2.0.0.13","4.0.0.2323","PSt7-10","171027-008","9/15/2022 2:43:31 PM","0000-00","0","no battery","V","","µV","","µV"
"10/14/2022","11:59:55","7","default","171425599","OXY_CH7","2.719","min","187.840","μmol/L","Humid","21.660","deg","98854","µV","27.041","°C","1020.000","hPa","36.0","pmil","0","55.700","deg","20.000","°C","100.000","%a.s.","22.210","deg","20.000","°C","971.000","hPa","0.826","-0.01532","0.000401","-0.00012","0","11.08","Humid","30.45","0","49.40","254550.44","SABD0002000012","AAV2.0.0.13","4.0.0.2323","PSt7-10","171027-008","9/15/2022 2:43:31 PM","0000-00","0","no battery","V","","µV","","µV"
"10/14/2022","11:59:56","7","default","171425599","OXY_CH7","2.736","min","187.988","μmol/L","Humid","21.651","deg","98855","µV","27.041","°C","1020.000","hPa","36.0","pmil","0","55.700","deg","20.000","°C","100.000","%a.s.","22.210","deg","20.000","°C","971.000","hPa","0.826","-0.01532","0.000401","-0.00012","0","11.08","Humid","30.45","0","49.40","254536.61","SABD0002000012","AAV2.0.0.13","4.0.0.2323","PSt7-10","171027-008","9/15/2022 2:43:31 PM","0000-00","0","no battery","V","","µV","","µV"
"10/14/2022","11:59:57","7","default","171425599","OXY_CH7","2.753","min","187.906","μmol/L","Humid","21.656","deg","98838","µV","27.041","°C","1020.000","hPa","36.0","pmil","0","55.700","deg","20.000","°C","100.000","%a.s.","22.210","deg","20.000","°C","971.000","hPa","0.826","-0.01532","0.000401","-0.00012","0","11.08","Humid","30.45","0","49.40","254536.55","SABD0002000012","AAV2.0.0.13","4.0.0.2323","PSt7-10","171027-008","9/15/2022 2:43:31 PM","0000-00","0","no battery","V","","µV","","µV"
"10/14/2022","11:59:58","7","default","171425599","OXY_CH7","2.770","min","187.990","μmol/L","Humid","21.653","deg","98851","µV","27.035","°C","1020.000","hPa","36.0","pmil","0","55.700","deg","20.000","°C","100.000","%a.s.","22.210","deg","20.000","°C","971.000","hPa","0.826","-0.01532","0.000401","-0.00012","0","11.08","Humid","30.45","0","49.40","254543.06","SABD0002000012","AAV2.0.0.13","4.0.0.2323","PSt7-10","171027-008","9/15/2022 2:43:31 PM","0000-00","0","no battery","V","","µV","","µV"
"10/14/2022","11:59:59","7","default","171425599","OXY_CH7","2.786","min","187.955","μmol/L","Humid","21.653","deg","98837","µV","27.041","°C","1020.000","hPa","36.0","pmil","0","55.700","deg","20.000","°C","100.000","%a.s.","22.210","deg","20.000","°C","971.000","hPa","0.826","-0.01532","0.000401","-0.00012","0","11.08","Humid","30.45","0","49.40","254545.60","SABD0002000012","AAV2.0.0.13","4.0.0.2323","PSt7-10","171027-008","9/15/2022 2:43:31 PM","0000-00","0","no battery","V","","µV","","µV"
"10/14/2022","12:00:00","7","default","171425599","OXY_CH7","2.803","min","188.089","μmol/L","Humid","21.647","deg","98836","µV","27.035","°C","1020.000","hPa","36.0","pmil","0","55.700","deg","20.000","°C","100.000","%a.s.","22.210","deg","20.000","°C","971.000","hPa","0.826","-0.01532","0.000401","-0.00012","0","11.08","Humid","30.45","0","49.40","254544.89","SABD0002000012","AAV2.0.0.13","4.0.0.2323","PSt7-10","171027-008","9/15/2022 2:43:31 PM","0000-00","0","no battery","V","","µV","","µV"
"10/14/2022","12:00:01","7","default","171425599","OXY_CH7","2.820","min","188.087","μmol/L","Humid","21.645","deg","98829","µV","27.041","°C","1020.000","hPa","36.0","pmil","0","55.700","deg","20.000","°C","100.000","%a.s.","22.210","deg","20.000","°C","971.000","hPa","0.826","-0.01532","0.000401","-0.00012","0","11.08","Humid","30.45","0","49.40","254546.84","SABD0002000012","AAV2.0.0.13","4.0.0.2323","PSt7-10","171027-008","9/15/2022 2:43:31 PM","0000-00","0","no battery","V","","µV","","µV"
"10/14/2022","12:00:02","7","default","171425599","OXY_CH7","2.836","min","188.054","μmol/L","Humid","21.647","deg","98820","µV","27.041","°C","1020.000","hPa","36.0","pmil","0","55.700","deg","20.000","°C","100.000","%a.s.","22.210","deg","20.000","°C","971.000","hPa","0.826","-0.01532","0.000401","-0.00012","0","11.08","Humid","30.45","0","49.40","254541.21","SABD0002000012","AAV2.0.0.13","4.0.0.2323","PSt7-10","171027-008","9/15/2022 2:43:31 PM","0000-00","0","no battery","V","","µV","","µV"
"10/14/2022","12:00:03","7","default","171425599","OXY_CH7","2.852","min","188.039","μmol/L","Humid","21.650","deg","98809","µV","27.035","°C","1020.000","hPa","36.0","pmil","0","55.700","deg","20.000","°C","100.000","%a.s.","22.210","deg","20.000","°C","971.000","hPa","0.826","-0.01532","0.000401","-0.00012","0","11.08","Humid","30.45","0","49.40","254530.73","SABD0002000012","AAV2.0.0.13","4.0.0.2323","PSt7-10","171027-008","9/15/2022 2:43:31 PM","0000-00","0","no battery","V","","µV","","µV"
"10/14/2022","12:00:04","7","default","171425599","OXY_CH7","2.869","min","188.072","μmol/L","Humid","21.648","deg","98809","µV","27.035","°C","1020.000","hPa","36.0","pmil","0","55.700","deg","20.000","°C","100.000","%a.s.","22.210","deg","20.000","°C","971.000","hPa","0.826","-0.01532","0.000401","-0.00012","0","11.08","Humid","30.45","0","49.40","254523.91","SABD0002000012","AAV2.0.0.13","4.0.0.2323","PSt7-10","171027-008","9/15/2022 2:43:31 PM","0000-00","0","no battery","V","","µV","","µV"
"10/14/2022","12:00:05","7","default","171425599","OXY_CH7","2.886","min","188.105","μmol/L","Humid","21.646","deg","98806","µV","27.035","°C","1020.000","hPa","36.0","pmil","0","55.700","deg","20.000","°C","100.000","%a.s.","22.210","deg","20.000","°C","971.000","hPa","0.826","-0.01532","0.000401","-0.00012","0","11.08","Humid","30.45","0","49.40","254539.45","SABD0002000012","AAV2.0.0.13","4.0.0.2323","PSt7-10","171027-008","9/15/2022 2:43:31 PM","0000-00","0","no battery","V","","µV","","µV"
"10/14/2022","12:00:06","7","default","171425599","OXY_CH7","2.903","min","188.104","μmol/L","Humid","21.644","deg","98811","µV","27.041","°C","1020.000","hPa","36.0","pmil","0","55.700","deg","20.000","°C","100.000","%a.s.","22.210","deg","20.000","°C","971.000","hPa","0.826","-0.01532","0.000401","-0.00012","0","11.08","Humid","30.45","0","49.40","254542.43","SABD0002000012","AAV2.0.0.13","4.0.0.2323","PSt7-10","171027-008","9/15/2022 2:43:31 PM","0000-00","0","no battery","V","","µV","","µV"
"10/14/2022","12:00:07","7","default","171425599","OXY_CH7","2.919","min","188.155","μmol/L","Humid","21.643","deg","98800","µV","27.035","°C","1020.000","hPa","36.0","pmil","0","55.700","deg","20.000","°C","100.000","%a.s.","22.210","deg","20.000","°C","971.000","hPa","0.826","-0.01532","0.000401","-0.00012","0","11.08","Humid","30.45","0","49.40","254537.78","SABD0002000012","AAV2.0.0.13","4.0.0.2323","PSt7-10","171027-008","9/15/2022 2:43:31 PM","0000-00","0","no battery","V","","µV","","µV"
"10/14/2022","12:00:08","7","default","171425599","OXY_CH7","2.936","min","188.221","μmol/L","Humid","21.639","deg","98793","µV","27.035","°C","1020.000","hPa","36.0","pmil","0","55.700","deg","20.000","°C","100.000","%a.s.","22.210","deg","20.000","°C","971.000","hPa","0.826","-0.01532","0.000401","-0.00012","0","11.08","Humid","30.45","0","49.40","254529.25","SABD0002000012","AAV2.0.0.13","4.0.0.2323","PSt7-10","171027-008","9/15/2022 2:43:31 PM","0000-00","0","no battery","V","","µV","","µV"
"10/14/2022","12:00:09","7","default","171425599","OXY_CH7","2.953","min","188.087","μmol/L","Humid","21.645","deg","98792","µV","27.041","°C","1020.000","hPa","36.0","pmil","0","55.700","deg","20.000","°C","100.000","%a.s.","22.210","deg","20.000","°C","971.000","hPa","0.826","-0.01532","0.000401","-0.00012","0","11.08","Humid","30.45","0","49.40","254527.22","SABD0002000012","AAV2.0.0.13","4.0.0.2323","PSt7-10","171027-008","9/15/2022 2:43:31 PM","0000-00","0","no battery","V","","µV","","µV"
"10/14/2022","12:00:10","7","default","171425599","OXY_CH7","2.970","min","188.138","μmol/L","Humid","21.644","deg","98783","µV","27.035","°C","1020.000","hPa","36.0","pmil","0","55.700","deg","20.000","°C","100.000","%a.s.","22.210","deg","20.000","°C","971.000","hPa","0.826","-0.01532","0.000401","-0.00012","0","11.08","Humid","30.45","0","49.40","254525.64","SABD0002000012","AAV2.0.0.13","4.0.0.2323","PSt7-10","171027-008","9/15/2022 2:43:31 PM","0000-00","0","no battery","V","","µV","","µV"
"10/14/2022","12:00:11","7","default","171425599","OXY_CH7","2.986","min","188.186","μmol/L","Humid","21.639","deg","98774","µV","27.041","°C","1020.000","hPa","36.0","pmil","0","55.700","deg","20.000","°C","100.000","%a.s.","22.210","deg","20.000","°C","971.000","hPa","0.826","-0.01532","0.000401","-0.00012","0","11.08","Humid","30.45","0","49.40","254515.54","SABD0002000012","AAV2.0.0.13","4.0.0.2323","PSt7-10","171027-008","9/15/2022 2:43:31 PM","0000-00","0","no battery","V","","µV","","µV"
"10/14/2022","12:00:12","7","default","171425599","OXY_CH7","3.002","min","188.204","μmol/L","Humid","21.640","deg","98771","µV","27.035","°C","1020.000","hPa","36.0","pmil","0","55.700","deg","20.000","°C","100.000","%a.s.","22.210","deg","20.000","°C","971.000","hPa","0.826","-0.01532","0.000401","-0.00012","0","11.08","Humid","30.45","0","49.40","254523.76","SABD0002000012","AAV2.0.0.13","4.0.0.2323","PSt7-10","171027-008","9/15/2022 2:43:31 PM","0000-00","0","no battery","V","","µV","","µV"
"10/14/2022","12:00:13","7","default","171425599","OXY_CH7","3.019","min","188.254","μmol/L","Humid","21.637","deg","98772","µV","27.035","°C","1020.000","hPa","36.0","pmil","0","55.700","deg","20.000","°C","100.000","%a.s.","22.210","deg","20.000","°C","971.000","hPa","0.826","-0.01532","0.000401","-0.00012","0","11.08","Humid","30.45","0","49.40","254531.20","SABD0002000012","AAV2.0.0.13","4.0.0.2323","PSt7-10","171027-008","9/15/2022 2:43:31 PM","0000-00","0","no battery","V","","µV","","µV"
"10/14/2022","12:00:14","7","default","171425599","OXY_CH7","3.036","min","188.137","μmol/L","Humid","21.642","deg","98771","µV","27.041","°C","1020.000","hPa","36.0","pmil","0","55.700","deg","20.000","°C","100.000","%a.s.","22.210","deg","20.000","°C","971.000","hPa","0.826","-0.01532","0.000401","-0.00012","0","11.08","Humid","30.45","0","49.40","254525.84","SABD0002000012","AAV2.0.0.13","4.0.0.2323","PSt7-10","171027-008","9/15/2022 2:43:31 PM","0000-00","0","no battery","V","","µV","","µV"
"10/14/2022","12:00:15","7","default","171425599","OXY_CH7","3.053","min","188.170","μmol/L","Humid","21.640","deg","98763","µV","27.041","°C","1020.000","hPa","36.0","pmil","0","55.700","deg","20.000","°C","100.000","%a.s.","22.210","deg","20.000","°C","971.000","hPa","0.826","-0.01532","0.000401","-0.00012","0","11.08","Humid","30.45","0","49.40","254516.96","SABD0002000012","AAV2.0.0.13","4.0.0.2323","PSt7-10","171027-008","9/15/2022 2:43:31 PM","0000-00","0","no battery","V","","µV","","µV"
"10/14/2022","12:00:16","7","default","171425599","OXY_CH7","3.069","min","188.269","μmol/L","Humid","21.634","deg","98758","µV","27.041","°C","1020.000","hPa","36.0","pmil","0","55.700","deg","20.000","°C","100.000","%a.s.","22.210","deg","20.000","°C","971.000","hPa","0.826","-0.01532","0.000401","-0.00012","0","11.08","Humid","30.45","0","49.40","254510.02","SABD0002000012","AAV2.0.0.13","4.0.0.2323","PSt7-10","171027-008","9/15/2022 2:43:31 PM","0000-00","0","no battery","V","","µV","","µV"
"10/14/2022","12:00:17","7","default","171425599","OXY_CH7","3.086","min","188.252","μmol/L","Humid","21.635","deg","98744","µV","27.041","°C","1020.000","hPa","36.0","pmil","0","55.700","deg","20.000","°C","100.000","%a.s.","22.210","deg","20.000","°C","971.000","hPa","0.826","-0.01532","0.000401","-0.00012","0","11.08","Humid","30.45","0","49.40","254507.00","SABD0002000012","AAV2.0.0.13","4.0.0.2323","PSt7-10","171027-008","9/15/2022 2:43:31 PM","0000-00","0","no battery","V","","µV","","µV"
"10/14/2022","12:00:18","7","default","171425599","OXY_CH7","3.103","min","188.254","μmol/L","Humid","21.637","deg","98745","µV","27.035","°C","1020.000","hPa","36.0","pmil","0","55.700","deg","20.000","°C","100.000","%a.s.","22.210","deg","20.000","°C","971.000","hPa","0.826","-0.01532","0.000401","-0.00012","0","11.08","Humid","30.45","0","49.40","254525.87","SABD0002000012","AAV2.0.0.13","4.0.0.2323","PSt7-10","171027-008","9/15/2022 2:43:31 PM","0000-00","0","no battery","V","","µV","","µV"
"10/14/2022","12:00:19","7","default","171425599","OXY_CH7","3.120","min","188.302","μmol/L","Humid","21.632","deg","98745","µV","27.041","°C","1020.000","hPa","36.0","pmil","0","55.700","deg","20.000","°C","100.000","%a.s.","22.210","deg","20.000","°C","971.000","hPa","0.826","-0.01532","0.000401","-0.00012","0","11.08","Humid","30.45","0","49.40","254505.93","SABD0002000012","AAV2.0.0.13","4.0.0.2323","PSt7-10","171027-008","9/15/2022 2:43:31 PM","0000-00","0","no battery","V","","µV","","µV"
"10/14/2022","12:00:20","7","default","171425599","OXY_CH7","3.136","min","188.320","μmol/L","Humid","21.633","deg","98726","µV","27.035","°C","1020.000","hPa","36.0","pmil","0","55.700","deg","20.000","°C","100.000","%a.s.","22.210","deg","20.000","°C","971.000","hPa","0.826","-0.01532","0.000401","-0.00012","0","11.08","Humid","30.45","0","49.40","254502.32","SABD0002000012","AAV2.0.0.13","4.0.0.2323","PSt7-10","171027-008","9/15/2022 2:43:31 PM","0000-00","0","no battery","V","","µV","","µV"
"10/14/2022","12:00:21","7","default","171425599","OXY_CH7","3.153","min","188.335","μmol/L","Humid","21.630","deg","98730","µV","27.041","°C","1020.000","hPa","36.0","pmil","0","55.700","deg","20.000","°C","100.000","%a.s.","22.210","deg","20.000","°C","971.000","hPa","0.826","-0.01532","0.000401","-0.00012","0","11.08","Humid","30.45","0","49.40","254514.30","SABD0002000012","AAV2.0.0.13","4.0.0.2323","PSt7-10","171027-008","9/15/2022 2:43:31 PM","0000-00","0","no battery","V","","µV","","µV"
"10/14/2022","12:00:22","7","default","171425599","OXY_CH7","3.170","min","188.269","μmol/L","Humid","21.634","deg","98728","µV","27.041","°C","1020.000","hPa","36.0","pmil","0","55.700","deg","20.000","°C","100.000","%a.s.","22.210","deg","20.000","°C","971.000","hPa","0.826","-0.01532","0.000401","-0.00012","0","11.08","Humid","30.45","0","49.40","254513.42","SABD0002000012","AAV2.0.0.13","4.0.0.2323","PSt7-10","171027-008","9/15/2022 2:43:31 PM","0000-00","0","no battery","V","","µV","","µV"
"10/14/2022","12:00:23","7","default","171425599","OXY_CH7","3.186","min","188.302","μmol/L","Humid","21.632","deg","98719","µV","27.041","°C","1020.000","hPa","36.0","pmil","0","55.700","deg","20.000","°C","100.000","%a.s.","22.210","deg","20.000","°C","971.000","hPa","0.826","-0.01532","0.000401","-0.00012","0","11.08","Humid","30.45","0","49.40","254514.81","SABD0002000012","AAV2.0.0.13","4.0.0.2323","PSt7-10","171027-008","9/15/2022 2:43:31 PM","0000-00","0","no battery","V","","µV","","µV"
"10/14/2022","12:00:24","7","default","171425599","OXY_CH7","3.202","min","188.419","μmol/L","Humid","21.627","deg","98730","µV","27.035","°C","1020.000","hPa","36.0","pmil","0","55.700","deg","20.000","°C","100.000","%a.s.","22.210","deg","20.000","°C","971.000","hPa","0.826","-0.01532","0.000401","-0.00012","0","11.08","Humid","30.45","0","49.40","254496.38","SABD0002000012","AAV2.0.0.13","4.0.0.2323","PSt7-10","171027-008","9/15/2022 2:43:31 PM","0000-00","0","no battery","V","","µV","","µV"
"10/14/2022","12:00:25","7","default","171425599","OXY_CH7","3.219","min","188.368","μmol/L","Humid","21.628","deg","98716","µV","27.041","°C","1020.000","hPa","36.0","pmil","0","55.700","deg","20.000","°C","100.000","%a.s.","22.210","deg","20.000","°C","971.000","hPa","0.826","-0.01532","0.000401","-0.00012","0","11.08","Humid","30.45","0","49.40","254503.73","SABD0002000012","AAV2.0.0.13","4.0.0.2323","PSt7-10","171027-008","9/15/2022 2:43:31 PM","0000-00","0","no battery","V","","µV","","µV"
"10/14/2022","12:00:26","7","default","171425599","OXY_CH7","3.236","min","188.368","μmol/L","Humid","21.628","deg","98716","µV","27.041","°C","1020.000","hPa","36.0","pmil","0","55.700","deg","20.000","°C","100.000","%a.s.","22.210","deg","20.000","°C","971.000","hPa","0.826","-0.01532","0.000401","-0.00012","0","11.08","Humid","30.45","0","49.40","254501.83","SABD0002000012","AAV2.0.0.13","4.0.0.2323","PSt7-10","171027-008","9/15/2022 2:43:31 PM","0000-00","0","no battery","V","","µV","","µV"
"10/14/2022","12:00:27","7","default","171425599","OXY_CH7","3.253","min","188.401","μmol/L","Humid","21.626","deg","98714","µV","27.041","°C","1020.000","hPa","36.0","pmil","0","55.700","deg","20.000","°C","100.000","%a.s.","22.210","deg","20.000","°C","971.000","hPa","0.826","-0.01532","0.000401","-0.00012","0","11.08","Humid","30.45","0","49.40","254504.10","SABD0002000012","AAV2.0.0.13","4.0.0.2323","PSt7-10","171027-008","9/15/2022 2:43:31 PM","0000-00","0","no battery","V","","µV","","µV"
"10/14/2022","12:00:28","7","default","171425599","OXY_CH7","3.269","min","188.335","μmol/L","Humid","21.630","deg","98704","µV","27.041","°C","1020.000","hPa","36.0","pmil","0","55.700","deg","20.000","°C","100.000","%a.s.","22.210","deg","20.000","°C","971.000","hPa","0.826","-0.01532","0.000401","-0.00012","0","11.08","Humid","30.45","0","49.40","254502.76","SABD0002000012","AAV2.0.0.13","4.0.0.2323","PSt7-10","171027-008","9/15/2022 2:43:31 PM","0000-00","0","no battery","V","","µV","","µV"
"10/14/2022","12:00:29","7","default","171425599","OXY_CH7","3.286","min","188.317","μmol/L","Humid","21.629","deg","98706","µV","27.048","°C","1020.000","hPa","36.0","pmil","0","55.700","deg","20.000","°C","100.000","%a.s.","22.210","deg","20.000","°C","971.000","hPa","0.826","-0.01532","0.000401","-0.00012","0","11.08","Humid","30.45","0","49.40","254504.46","SABD0002000012","AAV2.0.0.13","4.0.0.2323","PSt7-10","171027-008","9/15/2022 2:43:31 PM","0000-00","0","no battery","V","","µV","","µV"
"10/14/2022","12:00:30","7","default","171425599","OXY_CH7","3.303","min","188.317","μmol/L","Humid","21.629","deg","98703","µV","27.048","°C","1020.000","hPa","36.0","pmil","0","55.700","deg","20.000","°C","100.000","%a.s.","22.210","deg","20.000","°C","971.000","hPa","0.826","-0.01532","0.000401","-0.00012","0","11.08","Humid","30.45","0","49.40","254504.10","SABD0002000012","AAV2.0.0.13","4.0.0.2323","PSt7-10","171027-008","9/15/2022 2:43:31 PM","0000-00","0","no battery","V","","µV","","µV"
"10/14/2022","12:00:31","7","default","171425599","OXY_CH7","3.320","min","188.399","μmol/L","Humid","21.624","deg","98699","µV","27.048","°C","1020.000","hPa","36.0","pmil","0","55.700","deg","20.000","°C","100.000","%a.s.","22.210","deg","20.000","°C","971.000","hPa","0.826","-0.01532","0.000401","-0.00012","0","11.08","Humid","30.45","0","49.40","254499.06","SABD0002000012","AAV2.0.0.13","4.0.0.2323","PSt7-10","171027-008","9/15/2022 2:43:31 PM","0000-00","0","no battery","V","","µV","","µV"
"10/14/2022","12:00:32","7","default","171425599","OXY_CH7","3.336","min","188.416","μmol/L","Humid","21.623","deg","98688","µV","27.048","°C","1020.000","hPa","36.0","pmil","0","55.700","deg","20.000","°C","100.000","%a.s.","22.210","deg","20.000","°C","971.000","hPa","0.826","-0.01532","0.000401","-0.00012","0","11.08","Humid","30.45","0","49.40","254495.66","SABD0002000012","AAV2.0.0.13","4.0.0.2323","PSt7-10","171027-008","9/15/2022 2:43:31 PM","0000-00","0","no battery","V","","µV","","µV"
"10/14/2022","12:00:33","7","default","171425599","OXY_CH7","3.352","min","188.433","μmol/L","Humid","21.622","deg","98687","µV","27.048","°C","1020.000","hPa","36.0","pmil","0","55.700","deg","20.000","°C","100.000","%a.s.","22.210","deg","20.000","°C","971.000","hPa","0.826","-0.01532","0.000401","-0.00012","0","11.08","Humid","30.45","0","49.40","254486.93","SABD0002000012","AAV2.0.0.13","4.0.0.2323","PSt7-10","171027-008","9/15/2022 2:43:31 PM","0000-00","0","no battery","V","","µV","","µV"
"10/14/2022","12:00:34","7","default","171425599","OXY_CH7","3.369","min","188.414","μmol/L","Humid","21.621","deg","98672","µV","27.054","°C","1020.000","hPa","36.0","pmil","0","55.700","deg","20.000","°C","100.000","%a.s.","22.210","deg","20.000","°C","971.000","hPa","0.826","-0.01532","0.000401","-0.00012","0","11.08","Humid","30.45","0","49.40","254491.14","SABD0002000012","AAV2.0.0.13","4.0.0.2323","PSt7-10","171027-008","9/15/2022 2:43:31 PM","0000-00","0","no battery","V","","µV","","µV"
"10/14/2022","12:00:35","7","default","171425599","OXY_CH7","3.386","min","188.434","μmol/L","Humid","21.624","deg","98673","µV","27.041","°C","1020.000","hPa","36.0","pmil","0","55.700","deg","20.000","°C","100.000","%a.s.","22.210","deg","20.000","°C","971.000","hPa","0.826","-0.01532","0.000401","-0.00012","0","11.08","Humid","30.45","0","49.40","254476.88","SABD0002000012","AAV2.0.0.13","4.0.0.2323","PSt7-10","171027-008","9/15/2022 2:43:31 PM","0000-00","0","no battery","V","","µV","","µV"
"10/14/2022","12:00:36","7","default","171425599","OXY_CH7","3.403","min","188.502","μmol/L","Humid","21.622","deg","98661","µV","27.035","°C","1020.000","hPa","36.0","pmil","0","55.700","deg","20.000","°C","100.000","%a.s.","22.210","deg","20.000","°C","971.000","hPa","0.826","-0.01532","0.000401","-0.00012","0","11.08","Humid","30.45","0","49.40","254470.96","SABD0002000012","AAV2.0.0.13","4.0.0.2323","PSt7-10","171027-008","9/15/2022 2:43:31 PM","0000-00","0","no battery","V","","µV","","µV"
"10/14/2022","12:00:37","7","default","171425599","OXY_CH7","3.420","min","188.466","μmol/L","Humid","21.620","deg","98662","µV","27.048","°C","1020.000","hPa","36.0","pmil","0","55.700","deg","20.000","°C","100.000","%a.s.","22.210","deg","20.000","°C","971.000","hPa","0.826","-0.01532","0.000401","-0.00012","0","11.08","Humid","30.45","0","49.40","254484.99","SABD0002000012","AAV2.0.0.13","4.0.0.2323","PSt7-10","171027-008","9/15/2022 2:43:31 PM","0000-00","0","no battery","V","","µV","","µV"
"10/14/2022","12:00:38","7","default","171425599","OXY_CH7","3.436","min","188.517","μmol/L","Humid","21.619","deg","98657","µV","27.041","°C","1020.000","hPa","36.0","pmil","0","55.700","deg","20.000","°C","100.000","%a.s.","22.210","deg","20.000","°C","971.000","hPa","0.826","-0.01532","0.000401","-0.00012","0","11.08","Humid","30.45","0","49.40","254476.60","SABD0002000012","AAV2.0.0.13","4.0.0.2323","PSt7-10","171027-008","9/15/2022 2:43:31 PM","0000-00","0","no battery","V","","µV","","µV"
"10/14/2022","12:00:39","7","default","171425599","OXY_CH7","3.453","min","188.515","μmol/L","Humid","21.617","deg","98658","µV","27.048","°C","1020.000","hPa","36.0","pmil","0","55.700","deg","20.000","°C","100.000","%a.s.","22.210","deg","20.000","°C","971.000","hPa","0.826","-0.01532","0.000401","-0.00012","0","11.08","Humid","30.45","0","49.40","254473.73","SABD0002000012","AAV2.0.0.13","4.0.0.2323","PSt7-10","171027-008","9/15/2022 2:43:31 PM","0000-00","0","no battery","V","","µV","","µV"
"10/14/2022","12:00:40","7","default","171425599","OXY_CH7","3.469","min","188.550","μmol/L","Humid","21.617","deg","98656","µV","27.041","°C","1020.000","hPa","36.0","pmil","0","55.700","deg","20.000","°C","100.000","%a.s.","22.210","deg","20.000","°C","971.000","hPa","0.826","-0.01532","0.000401","-0.00012","0","11.08","Humid","30.45","0","49.40","254472.58","SABD0002000012","AAV2.0.0.13","4.0.0.2323","PSt7-10","171027-008","9/15/2022 2:43:31 PM","0000-00","0","no battery","V","","µV","","µV"
"10/14/2022","12:00:41","7","default","171425599","OXY_CH7","3.486","min","188.583","μmol/L","Humid","21.615","deg","98642","µV","27.041","°C","1020.000","hPa","36.0","pmil","0","55.700","deg","20.000","°C","100.000","%a.s.","22.210","deg","20.000","°C","971.000","hPa","0.826","-0.01532","0.000401","-0.00012","0","11.08","Humid","30.45","0","49.40","254473.93","SABD0002000012","AAV2.0.0.13","4.0.0.2323","PSt7-10","171027-008","9/15/2022 2:43:31 PM","0000-00","0","no battery","V","","µV","","µV"
"10/14/2022","12:00:42","7","default","171425599","OXY_CH7","3.503","min","188.584","μmol/L","Humid","21.617","deg","98643","µV","27.035","°C","1020.000","hPa","36.0","pmil","0","55.700","deg","20.000","°C","100.000","%a.s.","22.210","deg","20.000","°C","971.000","hPa","0.826","-0.01532","0.000401","-0.00012","0","11.08","Humid","30.45","0","49.40","254486.52","SABD0002000012","AAV2.0.0.13","4.0.0.2323","PSt7-10","171027-008","9/15/2022 2:43:31 PM","0000-00","0","no battery","V","","µV","","µV"
"10/14/2022","12:00:43","7","default","171425599","OXY_CH7","3.519","min","188.616","μmol/L","Humid","21.613","deg","98637","µV","27.041","°C","1020.000","hPa","36.0","pmil","0","55.700","deg","20.000","°C","100.000","%a.s.","22.210","deg","20.000","°C","971.000","hPa","0.826","-0.01532","0.000401","-0.00012","0","11.08","Humid","30.45","0","49.40","254464.59","SABD0002000012","AAV2.0.0.13","4.0.0.2323","PSt7-10","171027-008","9/15/2022 2:43:31 PM","0000-00","0","no battery","V","","µV","","µV"
"10/14/2022","12:00:44","7","default","171425599","OXY_CH7","3.536","min","188.566","μmol/L","Humid","21.616","deg","98628","µV","27.041","°C","1020.000","hPa","36.0","pmil","0","55.700","deg","20.000","°C","100.000","%a.s.","22.210","deg","20.000","°C","971.000","hPa","0.826","-0.01532","0.000401","-0.00012","0","11.08","Humid","30.45","0","49.40","254462.68","SABD0002000012","AAV2.0.0.13","4.0.0.2323","PSt7-10","171027-008","9/15/2022 2:43:31 PM","0000-00","0","no battery","V","","µV","","µV"
"10/14/2022","12:00:45","7","default","171425599","OXY_CH7","3.553","min","188.682","μmol/L","Humid","21.609","deg","98634","µV","27.041","°C","1020.000","hPa","36.0","pmil","0","55.700","deg","20.000","°C","100.000","%a.s.","22.210","deg","20.000","°C","971.000","hPa","0.826","-0.01532","0.000401","-0.00012","0","11.08","Humid","30.45","0","49.40","254462.17","SABD0002000012","AAV2.0.0.13","4.0.0.2323","PSt7-10","171027-008","9/15/2022 2:43:31 PM","0000-00","0","no battery","V","","µV","","µV"
"10/14/2022","12:00:46","7","default","171425599","OXY_CH7","3.570","min","188.598","μmol/L","Humid","21.612","deg","98625","µV","27.048","°C","1020.000","hPa","36.0","pmil","0","55.700","deg","20.000","°C","100.000","%a.s.","22.210","deg","20.000","°C","971.000","hPa","0.826","-0.01532","0.000401","-0.00012","0","11.08","Humid","30.45","0","49.40","254465.16","SABD0002000012","AAV2.0.0.13","4.0.0.2323","PSt7-10","171027-008","9/15/2022 2:43:31 PM","0000-00","0","no battery","V","","µV","","µV"
"10/14/2022","12:00:47","7","default","171425599","OXY_CH7","3.586","min","188.631","μmol/L","Humid","21.610","deg","98618","µV","27.048","°C","1020.000","hPa","36.0","pmil","0","55.700","deg","20.000","°C","100.000","%a.s.","22.210","deg","20.000","°C","971.000","hPa","0.826","-0.01532","0.000401","-0.00012","0","11.08","Humid","30.45","0","49.40","254467.10","SABD0002000012","AAV2.0.0.13","4.0.0.2323","PSt7-10","171027-008","9/15/2022 2:43:31 PM","0000-00","0","no battery","V","","µV","","µV"
"10/14/2022","12:00:48","7","default","171425599","OXY_CH7","3.602","min","188.616","μmol/L","Humid","21.613","deg","98618","µV","27.041","°C","1020.000","hPa","36.0","pmil","0","55.700","deg","20.000","°C","100.000","%a.s.","22.210","deg","20.000","°C","971.000","hPa","0.826","-0.01532","0.000401","-0.00012","0","11.08","Humid","30.45","0","49.40","254470.81","SABD0002000012","AAV2.0.0.13","4.0.0.2323","PSt7-10","171027-008","9/15/2022 2:43:31 PM","0000-00","0","no battery","V","","µV","","µV"
"10/14/2022","12:00:49","7","default","171425599","OXY_CH7","3.619","min","188.664","μmol/L","Humid","21.608","deg","98608","µV","27.048","°C","1020.000","hPa","36.0","pmil","0","55.700","deg","20.000","°C","100.000","%a.s.","22.210","deg","20.000","°C","971.000","hPa","0.826","-0.01532","0.000401","-0.00012","0","11.08","Humid","30.45","0","49.40","254476.73","SABD0002000012","AAV2.0.0.13","4.0.0.2323","PSt7-10","171027-008","9/15/2022 2:43:31 PM","0000-00","0","no battery","V","","µV","","µV"
"10/14/2022","12:00:50","7","default","171425599","OXY_CH7","3.636","min","188.681","μmol/L","Humid","21.607","deg","98608","µV","27.048","°C","1020.000","hPa","36.0","pmil","0","55.700","deg","20.000","°C","100.000","%a.s.","22.210","deg","20.000","°C","971.000","hPa","0.826","-0.01532","0.000401","-0.00012","0","11.08","Humid","30.45","0","49.40","254476.12","SABD0002000012","AAV2.0.0.13","4.0.0.2323","PSt7-10","171027-008","9/15/2022 2:43:31 PM","0000-00","0","no battery","V","","µV","","µV"
"10/14/2022","12:00:51","7","default","171425599","OXY_CH7","3.653","min","188.732","μmol/L","Humid","21.606","deg","98601","µV","27.041","°C","1020.000","hPa","36.0","pmil","0","55.700","deg","20.000","°C","100.000","%a.s.","22.210","deg","20.000","°C","971.000","hPa","0.826","-0.01532","0.000401","-0.00012","0","11.08","Humid","30.45","0","49.40","254472.65","SABD0002000012","AAV2.0.0.13","4.0.0.2323","PSt7-10","171027-008","9/15/2022 2:43:31 PM","0000-00","0","no battery","V","","µV","","µV"
"10/14/2022","12:00:52","7","default","171425599","OXY_CH7","3.670","min","188.681","μmol/L","Humid","21.607","deg","98603","µV","27.048","°C","1020.000","hPa","36.0","pmil","0","55.700","deg","20.000","°C","100.000","%a.s.","22.210","deg","20.000","°C","971.000","hPa","0.826","-0.01532","0.000401","-0.00012","0","11.08","Humid","30.45","0","49.40","254458.05","SABD0002000012","AAV2.0.0.13","4.0.0.2323","PSt7-10","171027-008","9/15/2022 2:43:31 PM","0000-00","0","no battery","V","","µV","","µV"
"10/14/2022","12:00:53","7","default","171425599","OXY_CH7","3.686","min","188.712","μmol/L","Humid","21.603","deg","98597","µV","27.054","°C","1020.000","hPa","36.0","pmil","0","55.700","deg","20.000","°C","100.000","%a.s.","22.210","deg","20.000","°C","971.000","hPa","0.826","-0.01532","0.000401","-0.00012","0","11.08","Humid","30.45","0","49.40","254465.36","SABD0002000012","AAV2.0.0.13","4.0.0.2323","PSt7-10","171027-008","9/15/2022 2:43:31 PM","0000-00","0","no battery","V","","µV","","µV"
"10/14/2022","12:00:54","7","default","171425599","OXY_CH7","3.703","min","188.712","μmol/L","Humid","21.603","deg","98596","µV","27.054","°C","1020.000","hPa","36.0","pmil","0","55.700","deg","20.000","°C","100.000","%a.s.","22.210","deg","20.000","°C","971.000","hPa","0.826","-0.01532","0.000401","-0.00012","0","11.08","Humid","30.45","0","49.40","254465.22","SABD0002000012","AAV2.0.0.13","4.0.0.2323","PSt7-10","171027-008","9/15/2022 2:43:31 PM","0000-00","0","no battery","V","","µV","","µV"
"10/14/2022","12:00:55","7","default","171425599","OXY_CH7","3.720","min","188.780","μmol/L","Humid","21.601","deg","98591","µV","27.048","°C","1020.000","hPa","36.0","pmil","0","55.700","deg","20.000","°C","100.000","%a.s.","22.210","deg","20.000","°C","971.000","hPa","0.826","-0.01532","0.000401","-0.00012","0","11.08","Humid","30.45","0","49.40","254475.50","SABD0002000012","AAV2.0.0.13","4.0.0.2323","PSt7-10","171027-008","9/15/2022 2:43:31 PM","0000-00","0","no battery","V","","µV","","µV"
"10/14/2022","12:00:56","7","default","171425599","OXY_CH7","3.736","min","188.764","μmol/L","Humid","21.602","deg","98573","µV","27.048","°C","1020.000","hPa","36.0","pmil","0","55.700","deg","20.000","°C","100.000","%a.s.","22.210","deg","20.000","°C","971.000","hPa","0.826","-0.01532","0.000401","-0.00012","0","11.08","Humid","30.45","0","49.40","254457.26","SABD0002000012","AAV2.0.0.13","4.0.0.2323","PSt7-10","171027-008","9/15/2022 2:43:31 PM","0000-00","0","no battery","V","","µV","","µV"
"10/14/2022","12:00:57","7","default","171425599","OXY_CH7","3.752","min","188.798","μmol/L","Humid","21.602","deg","98580","µV","27.041","°C","1020.000","hPa","36.0","pmil","0","55.700","deg","20.000","°C","100.000","%a.s.","22.210","deg","20.000","°C","971.000","hPa","0.826","-0.01532","0.000401","-0.00012","0","11.08","Humid","30.45","0","49.40","254456.45","SABD0002000012","AAV2.0.0.13","4.0.0.2323","PSt7-10","171027-008","9/15/2022 2:43:31 PM","0000-00","0","no battery","V","","µV","","µV"
"10/14/2022","12:00:58","7","default","171425599","OXY_CH7","3.769","min","188.746","μmol/L","Humid","21.601","deg","98573","µV","27.054","°C","1020.000","hPa","36.0","pmil","0","55.700","deg","20.000","°C","100.000","%a.s.","22.210","deg","20.000","°C","971.000","hPa","0.826","-0.01532","0.000401","-0.00012","0","11.08","Humid","30.45","0","49.40","254462.94","SABD0002000012","AAV2.0.0.13","4.0.0.2323","PSt7-10","171027-008","9/15/2022 2:43:31 PM","0000-00","0","no battery","V","","µV","","µV"
"10/14/2022","12:00:59","7","default","171425599","OXY_CH7","3.786","min","188.847","μmol/L","Humid","21.597","deg","98563","µV","27.048","°C","1020.000","hPa","36.0","pmil","0","55.700","deg","20.000","°C","100.000","%a.s.","22.210","deg","20.000","°C","971.000","hPa","0.826","-0.01532","0.000401","-0.00012","0","11.08","Humid","30.45","0","49.40","254463.38","SABD0002000012","AAV2.0.0.13","4.0.0.2323","PSt7-10","171027-008","9/15/2022 2:43:31 PM","0000-00","0","no battery","V","","µV","","µV"
"10/14/2022","12:01:00","7","default","171425599","OXY_CH7","3.803","min","188.830","μmol/L","Humid","21.598","deg","98555","µV","27.048","°C","1020.000","hPa","36.0","pmil","0","55.700","deg","20.000","°C","100.000","%a.s.","22.210","deg","20.000","°C","971.000","hPa","0.826","-0.01532","0.000401","-0.00012","0","11.08","Humid","30.45","0","49.40","254452.11","SABD0002000012","AAV2.0.0.13","4.0.0.2323","PSt7-10","171027-008","9/15/2022 2:43:31 PM","0000-00","0","no battery","V","","µV","","µV"
"10/14/2022","12:01:01","7","default","171425599","OXY_CH7","3.820","min","188.865","μmol/L","Humid","21.598","deg","98552","µV","27.041","°C","1020.000","hPa","36.0","pmil","0","55.700","deg","20.000","°C","100.000","%a.s.","22.210","deg","20.000","°C","971.000","hPa","0.826","-0.01532","0.000401","-0.00012","0","11.08","Humid","30.45","0","49.40","254459.56","SABD0002000012","AAV2.0.0.13","4.0.0.2323","PSt7-10","171027-008","9/15/2022 2:43:31 PM","0000-00","0","no battery","V","","µV","","µV"
"10/14/2022","12:01:02","7","default","171425599","OXY_CH7","3.836","min","188.829","μmol/L","Humid","21.596","deg","98552","µV","27.054","°C","1020.000","hPa","36.0","pmil","0","55.700","deg","20.000","°C","100.000","%a.s.","22.210","deg","20.000","°C","971.000","hPa","0.826","-0.01532","0.000401","-0.00012","0","11.08","Humid","30.45","0","49.40","254445.87","SABD0002000012","AAV2.0.0.13","4.0.0.2323","PSt7-10","171027-008","9/15/2022 2:43:31 PM","0000-00","0","no battery","V","","µV","","µV"
"10/14/2022","12:01:03","7","default","171425599","OXY_CH7","3.853","min","188.896","μmol/L","Humid","21.594","deg","98546","µV","27.048","°C","1020.000","hPa","36.0","pmil","0","55.700","deg","20.000","°C","100.000","%a.s.","22.210","deg","20.000","°C","971.000","hPa","0.826","-0.01532","0.000401","-0.00012","0","11.08","Humid","30.45","0","49.40","254454.49","SABD0002000012","AAV2.0.0.13","4.0.0.2323","PSt7-10","171027-008","9/15/2022 2:43:31 PM","0000-00","0","no battery","V","","µV","","µV"
"10/14/2022","12:01:04","7","default","171425599","OXY_CH7","3.870","min","188.914","μmol/L","Humid","21.595","deg","98541","µV","27.041","°C","1020.000","hPa","36.0","pmil","0","55.700","deg","20.000","°C","100.000","%a.s.","22.210","deg","20.000","°C","971.000","hPa","0.826","-0.01532","0.000401","-0.00012","0","11.08","Humid","30.45","0","49.40","254450.92","SABD0002000012","AAV2.0.0.13","4.0.0.2323","PSt7-10","171027-008","9/15/2022 2:43:31 PM","0000-00","0","no battery","V","","µV","","µV"
"10/14/2022","12:01:05","7","default","171425599","OXY_CH7","3.886","min","188.895","μmol/L","Humid","21.592","deg","98533","µV","27.054","°C","1020.000","hPa","36.0","pmil","0","55.700","deg","20.000","°C","100.000","%a.s.","22.210","deg","20.000","°C","971.000","hPa","0.826","-0.01532","0.000401","-0.00012","0","11.08","Humid","30.45","0","49.40","254448.82","SABD0002000012","AAV2.0.0.13","4.0.0.2323","PSt7-10","171027-008","9/15/2022 2:43:31 PM","0000-00","0","no battery","V","","µV","","µV"
"10/14/2022","12:01:06","7","default","171425599","OXY_CH7","3.902","min","188.896","μmol/L","Humid","21.594","deg","98533","µV","27.048","°C","1020.000","hPa","36.0","pmil","0","55.700","deg","20.000","°C","100.000","%a.s.","22.210","deg","20.000","°C","971.000","hPa","0.826","-0.01532","0.000401","-0.00012","0","11.08","Humid","30.45","0","49.40","254450.80","SABD0002000012","AAV2.0.0.13","4.0.0.2323","PSt7-10","171027-008","9/15/2022 2:43:31 PM","0000-00","0","no battery","V","","µV","","µV"
"10/14/2022","12:01:07","7","default","171425599","OXY_CH7","3.919","min","188.862","μmol/L","Humid","21.594","deg","98529","µV","27.054","°C","1020.000","hPa","36.0","pmil","0","55.700","deg","20.000","°C","100.000","%a.s.","22.210","deg","20.000","°C","971.000","hPa","0.826","-0.01532","0.000401","-0.00012","0","11.08","Humid","30.45","0","49.40","254443.83","SABD0002000012","AAV2.0.0.13","4.0.0.2323","PSt7-10","171027-008","9/15/2022 2:43:31 PM","0000-00","0","no battery","V","","µV","","µV"
"10/14/2022","12:01:08","7","default","171425599","OXY_CH7","3.936","min","188.946","μmol/L","Humid","21.591","deg","98527","µV","27.048","°C","1020.000","hPa","36.0","pmil","0","55.700","deg","20.000","°C","100.000","%a.s.","22.210","deg","20.000","°C","971.000","hPa","0.826","-0.01532","0.000401","-0.00012","0","11.08","Humid","30.45","0","49.40","254444.89","SABD0002000012","AAV2.0.0.13","4.0.0.2323","PSt7-10","171027-008","9/15/2022 2:43:31 PM","0000-00","0","no battery","V","","µV","","µV"
"10/14/2022","12:01:09","7","default","171425599","OXY_CH7","3.953","min","188.996","μmol/L","Humid","21.588","deg","98527","µV","27.048","°C","1020.000","hPa","36.0","pmil","0","55.700","deg","20.000","°C","100.000","%a.s.","22.210","deg","20.000","°C","971.000","hPa","0.826","-0.01532","0.000401","-0.00012","0","11.08","Humid","30.45","0","49.40","254445.05","SABD0002000012","AAV2.0.0.13","4.0.0.2323","PSt7-10","171027-008","9/15/2022 2:43:31 PM","0000-00","0","no battery","V","","µV","","µV"
"10/14/2022","12:01:10","7","default","171425599","OXY_CH7","3.969","min","188.928","μmol/L","Humid","21.590","deg","98512","µV","27.054","°C","1020.000","hPa","36.0","pmil","0","55.700","deg","20.000","°C","100.000","%a.s.","22.210","deg","20.000","°C","971.000","hPa","0.826","-0.01532","0.000401","-0.00012","0","11.08","Humid","30.45","0","49.40","254433.91","SABD0002000012","AAV2.0.0.13","4.0.0.2323","PSt7-10","171027-008","9/15/2022 2:43:31 PM","0000-00","0","no battery","V","","µV","","µV"
"10/14/2022","12:01:11","7","default","171425599","OXY_CH7","3.986","min","189.014","μmol/L","Humid","21.589","deg","98515","µV","27.041","°C","1020.000","hPa","36.0","pmil","0","55.700","deg","20.000","°C","100.000","%a.s.","22.210","deg","20.000","°C","971.000","hPa","0.826","-0.01532","0.000401","-0.00012","0","11.08","Humid","30.45","0","49.40","254459.16","SABD0002000012","AAV2.0.0.13","4.0.0.2323","PSt7-10","171027-008","9/15/2022 2:43:31 PM","0000-00","0","no battery","V","","µV","","µV"
"10/14/2022","12:01:12","7","default","171425599","OXY_CH7","4.003","min","189.029","μmol/L","Humid","21.586","deg","98508","µV","27.048","°C","1020.000","hPa","36.0","pmil","0","55.700","deg","20.000","°C","100.000","%a.s.","22.210","deg","20.000","°C","971.000","hPa","0.826","-0.01532","0.000401","-0.00012","0","11.08","Humid","30.45","0","49.40","254438.92","SABD0002000012","AAV2.0.0.13","4.0.0.2323","PSt7-10","171027-008","9/15/2022 2:43:31 PM","0000-00","0","no battery","V","","µV","","µV"
"10/14/2022","12:01:13","7","default","171425599","OXY_CH7","4.020","min","189.028","μmol/L","Humid","21.584","deg","98497","µV","27.054","°C","1020.000","hPa","36.0","pmil","0","55.700","deg","20.000","°C","100.000","%a.s.","22.210","deg","20.000","°C","971.000","hPa","0.826","-0.01532","0.000401","-0.00012","0","11.08","Humid","30.45","0","49.40","254429.48","SABD0002000012","AAV2.0.0.13","4.0.0.2323","PSt7-10","171027-008","9/15/2022 2:43:31 PM","0000-00","0","no battery","V","","µV","","µV"
"10/14/2022","12:01:14","7","default","171425599","OXY_CH7","4.036","min","188.994","μmol/L","Humid","21.586","deg","98492","µV","27.054","°C","1020.000","hPa","36.0","pmil","0","55.700","deg","20.000","°C","100.000","%a.s.","22.210","deg","20.000","°C","971.000","hPa","0.826","-0.01532","0.000401","-0.00012","0","11.08","Humid","30.45","0","49.40","254441.34","SABD0002000012","AAV2.0.0.13","4.0.0.2323","PSt7-10","171027-008","9/15/2022 2:43:31 PM","0000-00","0","no battery","V","","µV","","µV"
"10/14/2022","12:01:15","7","default","171425599","OXY_CH7","4.052","min","189.044","μmol/L","Humid","21.583","deg","98486","µV","27.054","°C","1020.000","hPa","36.0","pmil","0","55.700","deg","20.000","°C","100.000","%a.s.","22.210","deg","20.000","°C","971.000","hPa","0.826","-0.01532","0.000401","-0.00012","0","11.08","Humid","30.45","0","49.40","254442.36","SABD0002000012","AAV2.0.0.13","4.0.0.2323","PSt7-10","171027-008","9/15/2022 2:43:31 PM","0000-00","0","no battery","V","","µV","","µV"
"10/14/2022","12:01:16","7","default","171425599","OXY_CH7","4.069","min","189.011","μmol/L","Humid","21.585","deg","98487","µV","27.054","°C","1020.000","hPa","36.0","pmil","0","55.700","deg","20.000","°C","100.000","%a.s.","22.210","deg","20.000","°C","971.000","hPa","0.826","-0.01532","0.000401","-0.00012","0","11.08","Humid","30.45","0","49.40","254447.28","SABD0002000012","AAV2.0.0.13","4.0.0.2323","PSt7-10","171027-008","9/15/2022 2:43:31 PM","0000-00","0","no battery","V","","µV","","µV"
"10/14/2022","12:01:17","7","default","171425599","OXY_CH7","4.086","min","188.994","μmol/L","Humid","21.586","deg","98481","µV","27.054","°C","1020.000","hPa","36.0","pmil","0","55.700","deg","20.000","°C","100.000","%a.s.","22.210","deg","20.000","°C","971.000","hPa","0.826","-0.01532","0.000401","-0.00012","0","11.08","Humid","30.45","0","49.40","254446.30","SABD0002000012","AAV2.0.0.13","4.0.0.2323","PSt7-10","171027-008","9/15/2022 2:43:31 PM","0000-00","0","no battery","V","","µV","","µV"
"10/14/2022","12:01:18","7","default","171425599","OXY_CH7","4.103","min","189.061","μmol/L","Humid","21.582","deg","98479","µV","27.054","°C","1020.000","hPa","36.0","pmil","0","55.700","deg","20.000","°C","100.000","%a.s.","22.210","deg","20.000","°C","971.000","hPa","0.826","-0.01532","0.000401","-0.00012","0","11.08","Humid","30.45","0","49.40","254440.07","SABD0002000012","AAV2.0.0.13","4.0.0.2323","PSt7-10","171027-008","9/15/2022 2:43:31 PM","0000-00","0","no battery","V","","µV","","µV"
"10/14/2022","12:01:19","7","default","171425599","OXY_CH7","4.120","min","189.026","μmol/L","Humid","21.582","deg","98479","µV","27.060","°C","1020.000","hPa","36.0","pmil","0","55.700","deg","20.000","°C","100.000","%a.s.","22.210","deg","20.000","°C","971.000","hPa","0.826","-0.01532","0.000401","-0.00012","0","11.08","Humid","30.45","0","49.40","254435.94","SABD0002000012","AAV2.0.0.13","4.0.0.2323","PSt7-10","171027-008","9/15/2022 2:43:31 PM","0000-00","0","no battery","V","","µV","","µV"
"10/14/2022","12:01:20","7","default","171425599","OXY_CH7","4.136","min","189.179","μmol/L","Humid","21.577","deg","98460","µV","27.048","°C","1020.000","hPa","36.0","pmil","0","55.700","deg","20.000","°C","100.000","%a.s.","22.210","deg","20.000","°C","971.000","hPa","0.826","-0.01532","0.000401","-0.00012","0","11.08","Humid","30.45","0","49.40","254428.83","SABD0002000012","AAV2.0.0.13","4.0.0.2323","PSt7-10","171027-008","9/15/2022 2:43:31 PM","0000-00","0","no battery","V","","µV","","µV"
"10/14/2022","12:01:21","7","default","171425599","OXY_CH7","4.153","min","189.059","μmol/L","Humid","21.580","deg","98465","µV","27.060","°C","1020.000","hPa","36.0","pmil","0","55.700","deg","20.000","°C","100.000","%a.s.","22.210","deg","20.000","°C","971.000","hPa","0.826","-0.01532","0.000401","-0.00012","0","11.08","Humid","30.45","0","49.40","254428.39","SABD0002000012","AAV2.0.0.13","4.0.0.2323","PSt7-10","171027-008","9/15/2022 2:43:31 PM","0000-00","0","no battery","V","","µV","","µV"
"10/14/2022","12:01:22","7","default","171425599","OXY_CH7","4.170","min","189.144","μmol/L","Humid","21.577","deg","98451","µV","27.054","°C","1020.000","hPa","36.0","pmil","0","55.700","deg","20.000","°C","100.000","%a.s.","22.210","deg","20.000","°C","971.000","hPa","0.826","-0.01532","0.000401","-0.00012","0","11.08","Humid","30.45","0","49.40","254421.25","SABD0002000012","AAV2.0.0.13","4.0.0.2323","PSt7-10","171027-008","9/15/2022 2:43:31 PM","0000-00","0","no battery","V","","µV","","µV"
"10/14/2022","12:01:23","7","default","171425599","OXY_CH7","4.186","min","189.127","μmol/L","Humid","21.578","deg","98443","µV","27.054","°C","1020.000","hPa","36.0","pmil","0","55.700","deg","20.000","°C","100.000","%a.s.","22.210","deg","20.000","°C","971.000","hPa","0.826","-0.01532","0.000401","-0.00012","0","11.08","Humid","30.45","0","49.40","254414.69","SABD0002000012","AAV2.0.0.13","4.0.0.2323","PSt7-10","171027-008","9/15/2022 2:43:31 PM","0000-00","0","no battery","V","","µV","","µV"
"10/14/2022","12:01:24","7","default","171425599","OXY_CH7","4.202","min","189.162","μmol/L","Humid","21.578","deg","98446","µV","27.048","°C","1020.000","hPa","36.0","pmil","0","55.700","deg","20.000","°C","100.000","%a.s.","22.210","deg","20.000","°C","971.000","hPa","0.826","-0.01532","0.000401","-0.00012","0","11.08","Humid","30.45","0","49.40","254419.62","SABD0002000012","AAV2.0.0.13","4.0.0.2323","PSt7-10","171027-008","9/15/2022 2:43:31 PM","0000-00","0","no battery","V","","µV","","µV"
"10/14/2022","12:01:25","7","default","171425599","OXY_CH7","4.219","min","189.161","μmol/L","Humid","21.576","deg","98442","µV","27.054","°C","1020.000","hPa","36.0","pmil","0","55.700","deg","20.000","°C","100.000","%a.s.","22.210","deg","20.000","°C","971.000","hPa","0.826","-0.01532","0.000401","-0.00012","0","11.08","Humid","30.45","0","49.40","254421.65","SABD0002000012","AAV2.0.0.13","4.0.0.2323","PSt7-10","171027-008","9/15/2022 2:43:31 PM","0000-00","0","no battery","V","","µV","","µV"
"10/14/2022","12:01:26","7","default","171425599","OXY_CH7","4.236","min","189.262","μmol/L","Humid","21.572","deg","98439","µV","27.048","°C","1020.000","hPa","36.0","pmil","0","55.700","deg","20.000","°C","100.000","%a.s.","22.210","deg","20.000","°C","971.000","hPa","0.826","-0.01532","0.000401","-0.00012","0","11.08","Humid","30.45","0","49.40","254412.22","SABD0002000012","AAV2.0.0.13","4.0.0.2323","PSt7-10","171027-008","9/15/2022 2:43:31 PM","0000-00","0","no battery","V","","µV","","µV"
"10/14/2022","12:01:27","7","default","171425599","OXY_CH7","4.253","min","189.210","μmol/L","Humid","21.573","deg","98427","µV","27.054","°C","1020.000","hPa","36.0","pmil","0","55.700","deg","20.000","°C","100.000","%a.s.","22.210","deg","20.000","°C","971.000","hPa","0.826","-0.01532","0.000401","-0.00012","0","11.08","Humid","30.45","0","49.40","254421.46","SABD0002000012","AAV2.0.0.13","4.0.0.2323","PSt7-10","171027-008","9/15/2022 2:43:31 PM","0000-00","0","no battery","V","","µV","","µV"
"10/14/2022","12:01:28","7","default","171425599","OXY_CH7","4.270","min","189.194","μmol/L","Humid","21.574","deg","98422","µV","27.054","°C","1020.000","hPa","36.0","pmil","0","55.700","deg","20.000","°C","100.000","%a.s.","22.210","deg","20.000","°C","971.000","hPa","0.826","-0.01532","0.000401","-0.00012","0","11.08","Humid","30.45","0","49.40","254415.87","SABD0002000012","AAV2.0.0.13","4.0.0.2323","PSt7-10","171027-008","9/15/2022 2:43:31 PM","0000-00","0","no battery","V","","µV","","µV"
"10/14/2022","12:01:29","7","default","171425599","OXY_CH7","4.286","min","189.192","μmol/L","Humid","21.572","deg","98415","µV","27.060","°C","1020.000","hPa","36.0","pmil","0","55.700","deg","20.000","°C","100.000","%a.s.","22.210","deg","20.000","°C","971.000","hPa","0.826","-0.01532","0.000401","-0.00012","0","11.08","Humid","30.45","0","49.40","254407.56","SABD0002000012","AAV2.0.0.13","4.0.0.2323","PSt7-10","171027-008","9/15/2022 2:43:31 PM","0000-00","0","no battery","V","","µV","","µV"
"10/14/2022","12:01:30","7","default","171425599","OXY_CH7","4.303","min","189.176","μmol/L","Humid","21.573","deg","98419","µV","27.060","°C","1020.000","hPa","36.0","pmil","0","55.700","deg","20.000","°C","100.000","%a.s.","22.210","deg","20.000","°C","971.000","hPa","0.826","-0.01532","0.000401","-0.00012","0","11.08","Humid","30.45","0","49.40","254413.88","SABD0002000012","AAV2.0.0.13","4.0.0.2323","PSt7-10","171027-008","9/15/2022 2:43:31 PM","0000-00","0","no battery","V","","µV","","µV"
"10/14/2022","12:01:31","7","default","171425599","OXY_CH7","4.319","min","189.294","μmol/L","Humid","21.568","deg","98410","µV","27.054","°C","1020.000","hPa","36.0","pmil","0","55.700","deg","20.000","°C","100.000","%a.s.","22.210","deg","20.000","°C","971.000","hPa","0.826","-0.01532","0.000401","-0.00012","0","11.08","Humid","30.45","0","49.40","254419.74","SABD0002000012","AAV2.0.0.13","4.0.0.2323","PSt7-10","171027-008","9/15/2022 2:43:31 PM","0000-00","0","no battery","V","","µV","","µV"
"10/14/2022","12:01:32","7","default","171425599","OXY_CH7","4.336","min","189.294","μmol/L","Humid","21.568","deg","98407","µV","27.054","°C","1020.000","hPa","36.0","pmil","0","55.700","deg","20.000","°C","100.000","%a.s.","22.210","deg","20.000","°C","971.000","hPa","0.826","-0.01532","0.000401","-0.00012","0","11.08","Humid","30.45","0","49.40","254410.64","SABD0002000012","AAV2.0.0.13","4.0.0.2323","PSt7-10","171027-008","9/15/2022 2:43:31 PM","0000-00","0","no battery","V","","µV","","µV"
"10/14/2022","12:01:33","7","default","171425599","OXY_CH7","4.353","min","189.310","μmol/L","Humid","21.567","deg","98406","µV","27.054","°C","1020.000","hPa","36.0","pmil","0","55.700","deg","20.000","°C","100.000","%a.s.","22.210","deg","20.000","°C","971.000","hPa","0.826","-0.01532","0.000401","-0.00012","0","11.08","Humid","30.45","0","49.40","254414.98","SABD0002000012","AAV2.0.0.13","4.0.0.2323","PSt7-10","171027-008","9/15/2022 2:43:31 PM","0000-00","0","no battery","V","","µV","","µV"
"10/14/2022","12:01:34","7","default","171425599","OXY_CH7","4.369","min","189.328","μmol/L","Humid","21.568","deg","98392","µV","27.048","°C","1020.000","hPa","36.0","pmil","0","55.700","deg","20.000","°C","100.000","%a.s.","22.210","deg","20.000","°C","971.000","hPa","0.826","-0.01532","0.000401","-0.00012","0","11.08","Humid","30.45","0","49.40","254412.70","SABD0002000012","AAV2.0.0.13","4.0.0.2323","PSt7-10","171027-008","9/15/2022 2:43:31 PM","0000-00","0","no battery","V","","µV","","µV"
"10/14/2022","12:01:35","7","default","171425599","OXY_CH7","4.386","min","189.393","μmol/L","Humid","21.562","deg","98396","µV","27.054","°C","1020.000","hPa","36.0","pmil","0","55.700","deg","20.000","°C","100.000","%a.s.","22.210","deg","20.000","°C","971.000","hPa","0.826","-0.01532","0.000401","-0.00012","0","11.08","Humid","30.45","0","49.40","254409.15","SABD0002000012","AAV2.0.0.13","4.0.0.2323","PSt7-10","171027-008","9/15/2022 2:43:31 PM","0000-00","0","no battery","V","","µV","","µV"
"10/14/2022","12:01:36","7","default","171425599","OXY_CH7","4.403","min","189.327","μmol/L","Humid","21.566","deg","98389","µV","27.054","°C","1020.000","hPa","36.0","pmil","0","55.700","deg","20.000","°C","100.000","%a.s.","22.210","deg","20.000","°C","971.000","hPa","0.826","-0.01532","0.000401","-0.00012","0","11.08","Humid","30.45","0","49.40","254410.35","SABD0002000012","AAV2.0.0.13","4.0.0.2323","PSt7-10","171027-008","9/15/2022 2:43:31 PM","0000-00","0","no battery","V","","µV","","µV"
"10/14/2022","12:01:37","7","default","171425599","OXY_CH7","4.420","min","189.360","μmol/L","Humid","21.564","deg","98379","µV","27.054","°C","1020.000","hPa","36.0","pmil","0","55.700","deg","20.000","°C","100.000","%a.s.","22.210","deg","20.000","°C","971.000","hPa","0.826","-0.01532","0.000401","-0.00012","0","11.08","Humid","30.45","0","49.40","254408.53","SABD0002000012","AAV2.0.0.13","4.0.0.2323","PSt7-10","171027-008","9/15/2022 2:43:31 PM","0000-00","0","no battery","V","","µV","","µV"
"10/14/2022","12:01:38","7","default","171425599","OXY_CH7","4.437","min","189.392","μmol/L","Humid","21.560","deg","98375","µV","27.060","°C","1020.000","hPa","36.0","pmil","0","55.700","deg","20.000","°C","100.000","%a.s.","22.210","deg","20.000","°C","971.000","hPa","0.826","-0.01532","0.000401","-0.00012","0","11.08","Humid","30.45","0","49.40","254407.07","SABD0002000012","AAV2.0.0.13","4.0.0.2323","PSt7-10","171027-008","9/15/2022 2:43:31 PM","0000-00","0","no battery","V","","µV","","µV"
"10/14/2022","12:01:39","7","default","171425599","OXY_CH7","4.453","min","189.359","μmol/L","Humid","21.562","deg","98364","µV","27.060","°C","1020.000","hPa","36.0","pmil","0","55.700","deg","20.000","°C","100.000","%a.s.","22.210","deg","20.000","°C","971.000","hPa","0.826","-0.01532","0.000401","-0.00012","0","11.08","Humid","30.45","0","49.40","254398.52","SABD0002000012","AAV2.0.0.13","4.0.0.2323","PSt7-10","171027-008","9/15/2022 2:43:31 PM","0000-00","0","no battery","V","","µV","","µV"
"10/14/2022","12:01:40","7","default","171425599","OXY_CH7","4.469","min","189.425","μmol/L","Humid","21.558","deg","98365","µV","27.060","°C","1020.000","hPa","36.0","pmil","0","55.700","deg","20.000","°C","100.000","%a.s.","22.210","deg","20.000","°C","971.000","hPa","0.826","-0.01532","0.000401","-0.00012","0","11.08","Humid","30.45","0","49.40","254401.76","SABD0002000012","AAV2.0.0.13","4.0.0.2323","PSt7-10","171027-008","9/15/2022 2:43:31 PM","0000-00","0","no battery","V","","µV","","µV"
"10/14/2022","12:01:41","7","default","171425599","OXY_CH7","4.486","min","189.359","μmol/L","Humid","21.562","deg","98364","µV","27.060","°C","1020.000","hPa","36.0","pmil","0","55.700","deg","20.000","°C","100.000","%a.s.","22.210","deg","20.000","°C","971.000","hPa","0.826","-0.01532","0.000401","-0.00012","0","11.08","Humid","30.45","0","49.40","254401.16","SABD0002000012","AAV2.0.0.13","4.0.0.2323","PSt7-10","171027-008","9/15/2022 2:43:31 PM","0000-00","0","no battery","V","","µV","","µV"
"10/14/2022","12:01:42","7","default","171425599","OXY_CH7","4.503","min","189.460","μmol/L","Humid","21.558","deg","98349","µV","27.054","°C","1020.000","hPa","36.0","pmil","0","55.700","deg","20.000","°C","100.000","%a.s.","22.210","deg","20.000","°C","971.000","hPa","0.826","-0.01532","0.000401","-0.00012","0","11.08","Humid","30.45","0","49.40","254395.71","SABD0002000012","AAV2.0.0.13","4.0.0.2323","PSt7-10","171027-008","9/15/2022 2:43:31 PM","0000-00","0","no battery","V","","µV","","µV"
"10/14/2022","12:01:43","7","default","171425599","OXY_CH7","4.519","min","189.510","μmol/L","Humid","21.555","deg","98344","µV","27.054","°C","1020.000","hPa","36.0","pmil","0","55.700","deg","20.000","°C","100.000","%a.s.","22.210","deg","20.000","°C","971.000","hPa","0.826","-0.01532","0.000401","-0.00012","0","11.08","Humid","30.45","0","49.40","254392.73","SABD0002000012","AAV2.0.0.13","4.0.0.2323","PSt7-10","171027-008","9/15/2022 2:43:31 PM","0000-00","0","no battery","V","","µV","","µV"
"10/14/2022","12:01:44","7","default","171425599","OXY_CH7","4.536","min","189.442","μmol/L","Humid","21.557","deg","98347","µV","27.060","°C","1020.000","hPa","36.0","pmil","0","55.700","deg","20.000","°C","100.000","%a.s.","22.210","deg","20.000","°C","971.000","hPa","0.826","-0.01532","0.000401","-0.00012","0","11.08","Humid","30.45","0","49.40","254400.98","SABD0002000012","AAV2.0.0.13","4.0.0.2323","PSt7-10","171027-008","9/15/2022 2:43:31 PM","0000-00","0","no battery","V","","µV","","µV"
"10/14/2022","12:01:45","7","default","171425599","OXY_CH7","4.553","min","189.510","μmol/L","Humid","21.555","deg","98339","µV","27.054","°C","1020.000","hPa","36.0","pmil","0","55.700","deg","20.000","°C","100.000","%a.s.","22.210","deg","20.000","°C","971.000","hPa","0.826","-0.01532","0.000401","-0.00012","0","11.08","Humid","30.45","0","49.40","254393.13","SABD0002000012","AAV2.0.0.13","4.0.0.2323","PSt7-10","171027-008","9/15/2022 2:43:31 PM","0000-00","0","no battery","V","","µV","","µV"
"10/14/2022","12:01:46","7","default","171425599","OXY_CH7","4.570","min","189.509","μmol/L","Humid","21.553","deg","98333","µV","27.060","°C","1020.000","hPa","36.0","pmil","0","55.700","deg","20.000","°C","100.000","%a.s.","22.210","deg","20.000","°C","971.000","hPa","0.826","-0.01532","0.000401","-0.00012","0","11.08","Humid","30.45","0","49.40","254393.45","SABD0002000012","AAV2.0.0.13","4.0.0.2323","PSt7-10","171027-008","9/15/2022 2:43:31 PM","0000-00","0","no battery","V","","µV","","µV"
"10/14/2022","12:01:47","7","default","171425599","OXY_CH7","4.586","min","189.525","μmol/L","Humid","21.552","deg","98325","µV","27.060","°C","1020.000","hPa","36.0","pmil","0","55.700","deg","20.000","°C","100.000","%a.s.","22.210","deg","20.000","°C","971.000","hPa","0.826","-0.01532","0.000401","-0.00012","0","11.08","Humid","30.45","0","49.40","254392.66","SABD0002000012","AAV2.0.0.13","4.0.0.2323","PSt7-10","171027-008","9/15/2022 2:43:31 PM","0000-00","0","no battery","V","","µV","","µV"
"10/14/2022","12:01:48","7","default","171425599","OXY_CH7","4.603","min","189.525","μmol/L","Humid","21.552","deg","98321","µV","27.060","°C","1020.000","hPa","36.0","pmil","0","55.700","deg","20.000","°C","100.000","%a.s.","22.210","deg","20.000","°C","971.000","hPa","0.826","-0.01532","0.000401","-0.00012","0","11.08","Humid","30.45","0","49.40","254382.89","SABD0002000012","AAV2.0.0.13","4.0.0.2323","PSt7-10","171027-008","9/15/2022 2:43:31 PM","0000-00","0","no battery","V","","µV","","µV"
"10/14/2022","12:01:49","7","default","171425599","OXY_CH7","4.619","min","189.559","μmol/L","Humid","21.550","deg","98327","µV","27.060","°C","1020.000","hPa","36.0","pmil","0","55.700","deg","20.000","°C","100.000","%a.s.","22.210","deg","20.000","°C","971.000","hPa","0.826","-0.01532","0.000401","-0.00012","0","11.08","Humid","30.45","0","49.40","254388.59","SABD0002000012","AAV2.0.0.13","4.0.0.2323","PSt7-10","171027-008","9/15/2022 2:43:31 PM","0000-00","0","no battery","V","","µV","","µV"
"10/14/2022","12:01:50","7","default","171425599","OXY_CH7","4.636","min","189.527","μmol/L","Humid","21.554","deg","98314","µV","27.054","°C","1020.000","hPa","36.0","pmil","0","55.700","deg","20.000","°C","100.000","%a.s.","22.210","deg","20.000","°C","971.000","hPa","0.826","-0.01532","0.000401","-0.00012","0","11.08","Humid","30.45","0","49.40","254395.82","SABD0002000012","AAV2.0.0.13","4.0.0.2323","PSt7-10","171027-008","9/15/2022 2:43:31 PM","0000-00","0","no battery","V","","µV","","µV"
"10/14/2022","12:01:51","7","default","171425599","OXY_CH7","4.652","min","189.660","μmol/L","Humid","21.546","deg","98310","µV","27.054","°C","1020.000","hPa","36.0","pmil","0","55.700","deg","20.000","°C","100.000","%a.s.","22.210","deg","20.000","°C","971.000","hPa","0.826","-0.01532","0.000401","-0.00012","0","11.08","Humid","30.45","0","49.40","254379.77","SABD0002000012","AAV2.0.0.13","4.0.0.2323","PSt7-10","171027-008","9/15/2022 2:43:31 PM","0000-00","0","no battery","V","","µV","","µV"
"10/14/2022","12:01:52","7","default","171425599","OXY_CH7","4.669","min","189.642","μmol/L","Humid","21.545","deg","98310","µV","27.060","°C","1020.000","hPa","36.0","pmil","0","55.700","deg","20.000","°C","100.000","%a.s.","22.210","deg","20.000","°C","971.000","hPa","0.826","-0.01532","0.000401","-0.00012","0","11.08","Humid","30.45","0","49.40","254381.30","SABD0002000012","AAV2.0.0.13","4.0.0.2323","PSt7-10","171027-008","9/15/2022 2:43:31 PM","0000-00","0","no battery","V","","µV","","µV"
"10/14/2022","12:01:53","7","default","171425599","OXY_CH7","4.686","min","189.677","μmol/L","Humid","21.545","deg","98296","µV","27.054","°C","1020.000","hPa","36.0","pmil","0","55.700","deg","20.000","°C","100.000","%a.s.","22.210","deg","20.000","°C","971.000","hPa","0.826","-0.01532","0.000401","-0.00012","0","11.08","Humid","30.45","0","49.40","254386.50","SABD0002000012","AAV2.0.0.13","4.0.0.2323","PSt7-10","171027-008","9/15/2022 2:43:31 PM","0000-00","0","no battery","V","","µV","","µV"
"10/14/2022","12:01:54","7","default","171425599","OXY_CH7","4.703","min","189.659","μmol/L","Humid","21.544","deg","98298","µV","27.060","°C","1020.000","hPa","36.0","pmil","0","55.700","deg","20.000","°C","100.000","%a.s.","22.210","deg","20.000","°C","971.000","hPa","0.826","-0.01532","0.000401","-0.00012","0","11.08","Humid","30.45","0","49.40","254391.18","SABD0002000012","AAV2.0.0.13","4.0.0.2323","PSt7-10","171027-008","9/15/2022 2:43:31 PM","0000-00","0","no battery","V","","µV","","µV"
"10/14/2022","12:01:55","7","default","171425599","OXY_CH7","4.720","min","189.677","μmol/L","Humid","21.545","deg","98293","µV","27.054","°C","1020.000","hPa","36.0","pmil","0","55.700","deg","20.000","°C","100.000","%a.s.","22.210","deg","20.000","°C","971.000","hPa","0.826","-0.01532","0.000401","-0.00012","0","11.08","Humid","30.45","0","49.40","254376.28","SABD0002000012","AAV2.0.0.13","4.0.0.2323","PSt7-10","171027-008","9/15/2022 2:43:31 PM","0000-00","0","no battery","V","","µV","","µV"
"10/14/2022","12:01:56","7","default","171425599","OXY_CH7","4.736","min","189.695","μmol/L","Humid","21.546","deg","98281","µV","27.048","°C","1020.000","hPa","36.0","pmil","0","55.700","deg","20.000","°C","100.000","%a.s.","22.210","deg","20.000","°C","971.000","hPa","0.826","-0.01532","0.000401","-0.00012","0","11.08","Humid","30.45","0","49.40","254375.07","SABD0002000012","AAV2.0.0.13","4.0.0.2323","PSt7-10","171027-008","9/15/2022 2:43:31 PM","0000-00","0","no battery","V","","µV","","µV"
"10/14/2022","12:01:57","7","default","171425599","OXY_CH7","4.753","min","189.760","μmol/L","Humid","21.540","deg","98286","µV","27.054","°C","1020.000","hPa","36.0","pmil","0","55.700","deg","20.000","°C","100.000","%a.s.","22.210","deg","20.000","°C","971.000","hPa","0.826","-0.01532","0.000401","-0.00012","0","11.08","Humid","30.45","0","49.40","254396.22","SABD0002000012","AAV2.0.0.13","4.0.0.2323","PSt7-10","171027-008","9/15/2022 2:43:31 PM","0000-00","0","no battery","V","","µV","","µV"
"10/14/2022","12:01:58","7","default","171425599","OXY_CH7","4.770","min","189.709","μmol/L","Humid","21.541","deg","98272","µV","27.060","°C","1020.000","hPa","36.0","pmil","0","55.700","deg","20.000","°C","100.000","%a.s.","22.210","deg","20.000","°C","971.000","hPa","0.826","-0.01532","0.000401","-0.00012","0","11.08","Humid","30.45","0","49.40","254389.25","SABD0002000012","AAV2.0.0.13","4.0.0.2323","PSt7-10","171027-008","9/15/2022 2:43:31 PM","0000-00","0","no battery","V","","µV","","µV"
"10/14/2022","12:01:59","7","default","171425599","OXY_CH7","4.787","min","189.725","μmol/L","Humid","21.540","deg","98273","µV","27.060","°C","1020.000","hPa","36.0","pmil","0","55.700","deg","20.000","°C","100.000","%a.s.","22.210","deg","20.000","°C","971.000","hPa","0.826","-0.01532","0.000401","-0.00012","0","11.08","Humid","30.45","0","49.40","254372.13","SABD0002000012","AAV2.0.0.13","4.0.0.2323","PSt7-10","171027-008","9/15/2022 2:43:31 PM","0000-00","0","no battery","V","","µV","","µV"
"10/14/2022","12:02:00","7","default","171425599","OXY_CH7","4.803","min","189.725","μmol/L","Humid","21.540","deg","98257","µV","27.060","°C","1020.000","hPa","36.0","pmil","0","55.700","deg","20.000","°C","100.000","%a.s.","22.210","deg","20.000","°C","971.000","hPa","0.826","-0.01532","0.000401","-0.00012","0","11.08","Humid","30.45","0","49.40","254358.48","SABD0002000012","AAV2.0.0.13","4.0.0.2323","PSt7-10","171027-008","9/15/2022 2:43:31 PM","0000-00","0","no battery","V","","µV","","µV"
"10/14/2022","12:02:01","7","default","171425599","OXY_CH7","4.819","min","189.759","μmol/L","Humid","21.538","deg","98256","µV","27.060","°C","1020.000","hPa","36.0","pmil","0","55.700","deg","20.000","°C","100.000","%a.s.","22.210","deg","20.000","°C","971.000","hPa","0.826","-0.01532","0.000401","-0.00012","0","11.08","Humid","30.45","0","49.40","254380.94","SABD0002000012","AAV2.0.0.13","4.0.0.2323","PSt7-10","171027-008","9/15/2022 2:43:31 PM","0000-00","0","no battery","V","","µV","","µV"
"10/14/2022","12:02:02","7","default","171425599","OXY_CH7","4.836","min","189.825","μmol/L","Humid","21.534","deg","98261","µV","27.060","°C","1020.000","hPa","36.0","pmil","0","55.700","deg","20.000","°C","100.000","%a.s.","22.210","deg","20.000","°C","971.000","hPa","0.826","-0.01532","0.000401","-0.00012","0","11.08","Humid","30.45","0","49.40","254378.86","SABD0002000012","AAV2.0.0.13","4.0.0.2323","PSt7-10","171027-008","9/15/2022 2:43:31 PM","0000-00","0","no battery","V","","µV","","µV"
"10/14/2022","12:02:03","7","default","171425599","OXY_CH7","4.853","min","189.792","μmol/L","Humid","21.536","deg","98242","µV","27.060","°C","1020.000","hPa","36.0","pmil","0","55.700","deg","20.000","°C","100.000","%a.s.","22.210","deg","20.000","°C","971.000","hPa","0.826","-0.01532","0.000401","-0.00012","0","11.08","Humid","30.45","0","49.40","254369.86","SABD0002000012","AAV2.0.0.13","4.0.0.2323","PSt7-10","171027-008","9/15/2022 2:43:31 PM","0000-00","0","no battery","V","","µV","","µV"
"10/14/2022","12:02:04","7","default","171425599","OXY_CH7","4.869","min","189.825","μmol/L","Humid","21.534","deg","98238","µV","27.060","°C","1020.000","hPa","36.0","pmil","0","55.700","deg","20.000","°C","100.000","%a.s.","22.210","deg","20.000","°C","971.000","hPa","0.826","-0.01532","0.000401","-0.00012","0","11.08","Humid","30.45","0","49.40","254383.01","SABD0002000012","AAV2.0.0.13","4.0.0.2323","PSt7-10","171027-008","9/15/2022 2:43:31 PM","0000-00","0","no battery","V","","µV","","µV"
"10/14/2022","12:02:05","7","default","171425599","OXY_CH7","4.886","min","189.690","μmol/L","Humid","21.540","deg","98233","µV","27.066","°C","1020.000","hPa","36.0","pmil","0","55.700","deg","20.000","°C","100.000","%a.s.","22.210","deg","20.000","°C","971.000","hPa","0.826","-0.01532","0.000401","-0.00012","0","11.08","Humid","30.45","0","49.40","254383.10","SABD0002000012","AAV2.0.0.13","4.0.0.2323","PSt7-10","171027-008","9/15/2022 2:43:31 PM","0000-00","0","no battery","V","","µV","","µV"
"10/14/2022","12:02:06","7","default","171425599","OXY_CH7","4.903","min","189.774","μmol/L","Humid","21.535","deg","98238","µV","27.066","°C","1020.000","hPa","36.0","pmil","0","55.700","deg","20.000","°C","100.000","%a.s.","22.210","deg","20.000","°C","971.000","hPa","0.826","-0.01532","0.000401","-0.00012","0","11.08","Humid","30.45","0","49.40","254376.38","SABD0002000012","AAV2.0.0.13","4.0.0.2323","PSt7-10","171027-008","9/15/2022 2:43:31 PM","0000-00","0","no battery","V","","µV","","µV"
"10/14/2022","12:02:07","7","default","171425599","OXY_CH7","4.920","min","189.842","μmol/L","Humid","21.533","deg","98226","µV","27.060","°C","1020.000","hPa","36.0","pmil","0","55.700","deg","20.000","°C","100.000","%a.s.","22.210","deg","20.000","°C","971.000","hPa","0.826","-0.01532","0.000401","-0.00012","0","11.08","Humid","30.45","0","49.40","254377.96","SABD0002000012","AAV2.0.0.13","4.0.0.2323","PSt7-10","171027-008","9/15/2022 2:43:31 PM","0000-00","0","no battery","V","","µV","","µV"
"10/14/2022","12:02:08","7","default","171425599","OXY_CH7","4.936","min","189.891","μmol/L","Humid","21.528","deg","98229","µV","27.066","°C","1020.000","hPa","36.0","pmil","0","55.700","deg","20.000","°C","100.000","%a.s.","22.210","deg","20.000","°C","971.000","hPa","0.826","-0.01532","0.000401","-0.00012","0","11.08","Humid","30.45","0","49.40","254370.00","SABD0002000012","AAV2.0.0.13","4.0.0.2323","PSt7-10","171027-008","9/15/2022 2:43:31 PM","0000-00","0","no battery","V","","µV","","µV"
"10/14/2022","12:02:09","7","default","171425599","OXY_CH7","4.953","min","189.892","μmol/L","Humid","21.530","deg","98222","µV","27.060","°C","1020.000","hPa","36.0","pmil","0","55.700","deg","20.000","°C","100.000","%a.s.","22.210","deg","20.000","°C","971.000","hPa","0.826","-0.01532","0.000401","-0.00012","0","11.08","Humid","30.45","0","49.40","254379.65","SABD0002000012","AAV2.0.0.13","4.0.0.2323","PSt7-10","171027-008","9/15/2022 2:43:31 PM","0000-00","0","no battery","V","","µV","","µV"
"10/14/2022","12:02:10","7","default","171425599","OXY_CH7","4.969","min","189.792","μmol/L","Humid","21.536","deg","98215","µV","27.060","°C","1020.000","hPa","36.0","pmil","0","55.700","deg","20.000","°C","100.000","%a.s.","22.210","deg","20.000","°C","971.000","hPa","0.826","-0.01532","0.000401","-0.00012","0","11.08","Humid","30.45","0","49.40","254362.28","SABD0002000012","AAV2.0.0.13","4.0.0.2323","PSt7-10","171027-008","9/15/2022 2:43:31 PM","0000-00","0","no battery","V","","µV","","µV"
"10/14/2022","12:02:11","7","default","171425599","OXY_CH7","4.986","min","189.876","μmol/L","Humid","21.531","deg","98211","µV","27.060","°C","1020.000","hPa","36.0","pmil","0","55.700","deg","20.000","°C","100.000","%a.s.","22.210","deg","20.000","°C","971.000","hPa","0.826","-0.01532","0.000401","-0.00012","0","11.08","Humid","30.45","0","49.40","254371.21","SABD0002000012","AAV2.0.0.13","4.0.0.2323","PSt7-10","171027-008","9/15/2022 2:43:31 PM","0000-00","0","no battery","V","","µV","","µV"
"10/14/2022","12:02:12","7","default","171425599","OXY_CH7","5.003","min","189.876","μmol/L","Humid","21.531","deg","98213","µV","27.060","°C","1020.000","hPa","36.0","pmil","0","55.700","deg","20.000","°C","100.000","%a.s.","22.210","deg","20.000","°C","971.000","hPa","0.826","-0.01532","0.000401","-0.00012","0","11.08","Humid","30.45","0","49.40","254366.31","SABD0002000012","AAV2.0.0.13","4.0.0.2323","PSt7-10","171027-008","9/15/2022 2:43:31 PM","0000-00","0","no battery","V","","µV","","µV"
"10/14/2022","12:02:13","7","default","171425599","OXY_CH7","5.020","min","189.857","μmol/L","Humid","21.530","deg","98200","µV","27.066","°C","1020.000","hPa","36.0","pmil","0","55.700","deg","20.000","°C","100.000","%a.s.","22.210","deg","20.000","°C","971.000","hPa","0.826","-0.01532","0.000401","-0.00012","0","11.08","Humid","30.45","0","49.40","254357.99","SABD0002000012","AAV2.0.0.13","4.0.0.2323","PSt7-10","171027-008","9/15/2022 2:43:31 PM","0000-00","0","no battery","V","","µV","","µV"
"10/14/2022","12:02:14","7","default","171425599","OXY_CH7","5.036","min","189.874","μmol/L","Humid","21.529","deg","98198","µV","27.066","°C","1020.000","hPa","36.0","pmil","0","55.700","deg","20.000","°C","100.000","%a.s.","22.210","deg","20.000","°C","971.000","hPa","0.826","-0.01532","0.000401","-0.00012","0","11.08","Humid","30.45","0","49.40","254362.23","SABD0002000012","AAV2.0.0.13","4.0.0.2323","PSt7-10","171027-008","9/15/2022 2:43:31 PM","0000-00","0","no battery","V","","µV","","µV"
"10/14/2022","12:02:15","7","default","171425599","OXY_CH7","5.053","min","189.959","μmol/L","Humid","21.526","deg","98195","µV","27.060","°C","1020.000","hPa","36.0","pmil","0","55.700","deg","20.000","°C","100.000","%a.s.","22.210","deg","20.000","°C","971.000","hPa","0.826","-0.01532","0.000401","-0.00012","0","11.08","Humid","30.45","0","49.40","254357.75","SABD0002000012","AAV2.0.0.13","4.0.0.2323","PSt7-10","171027-008","9/15/2022 2:43:31 PM","0000-00","0","no battery","V","","µV","","µV"
"10/14/2022","12:02:16","7","default","171425599","OXY_CH7","5.069","min","189.976","μmol/L","Humid","21.525","deg","98194","µV","27.060","°C","1020.000","hPa","36.0","pmil","0","55.700","deg","20.000","°C","100.000","%a.s.","22.210","deg","20.000","°C","971.000","hPa","0.826","-0.01532","0.000401","-0.00012","0","11.08","Humid","30.45","0","49.40","254359.47","SABD0002000012","AAV2.0.0.13","4.0.0.2323","PSt7-10","171027-008","9/15/2022 2:43:31 PM","0000-00","0","no battery","V","","µV","","µV"
"10/14/2022","12:02:17","7","default","171425599","OXY_CH7","5.086","min","189.924","μmol/L","Humid","21.526","deg","98189","µV","27.066","°C","1020.000","hPa","36.0","pmil","0","55.700","deg","20.000","°C","100.000","%a.s.","22.210","deg","20.000","°C","971.000","hPa","0.826","-0.01532","0.000401","-0.00012","0","11.08","Humid","30.45","0","49.40","254370.06","SABD0002000012","AAV2.0.0.13","4.0.0.2323","PSt7-10","171027-008","9/15/2022 2:43:31 PM","0000-00","0","no battery","V","","µV","","µV"
"10/14/2022","12:02:18","7","default","171425599","OXY_CH7","5.103","min","189.974","μmol/L","Humid","21.523","deg","98176","µV","27.066","°C","1020.000","hPa","36.0","pmil","0","55.700","deg","20.000","°C","100.000","%a.s.","22.210","deg","20.000","°C","971.000","hPa","0.826","-0.01532","0.000401","-0.00012","0","11.08","Humid","30.45","0","49.40","254348.70","SABD0002000012","AAV2.0.0.13","4.0.0.2323","PSt7-10","171027-008","9/15/2022 2:43:31 PM","0000-00","0","no battery","V","","µV","","µV"
"10/14/2022","12:02:19","7","default","171425599","OXY_CH7","5.119","min","190.059","μmol/L","Humid","21.520","deg","98176","µV","27.060","°C","1020.000","hPa","36.0","pmil","0","55.700","deg","20.000","°C","100.000","%a.s.","22.210","deg","20.000","°C","971.000","hPa","0.826","-0.01532","0.000401","-0.00012","0","11.08","Humid","30.45","0","49.40","254349.08","SABD0002000012","AAV2.0.0.13","4.0.0.2323","PSt7-10","171027-008","9/15/2022 2:43:31 PM","0000-00","0","no battery","V","","µV","","µV"
"10/14/2022","12:02:20","7","default","171425599","OXY_CH7","5.136","min","190.041","μmol/L","Humid","21.519","deg","98173","µV","27.066","°C","1020.000","hPa","36.0","pmil","0","55.700","deg","20.000","°C","100.000","%a.s.","22.210","deg","20.000","°C","971.000","hPa","0.826","-0.01532","0.000401","-0.00012","0","11.08","Humid","30.45","0","49.40","254337.67","SABD0002000012","AAV2.0.0.13","4.0.0.2323","PSt7-10","171027-008","9/15/2022 2:43:31 PM","0000-00","0","no battery","V","","µV","","µV"
"10/14/2022","12:02:21","7","default","171425599","OXY_CH7","5.153","min","190.009","μmol/L","Humid","21.523","deg","98162","µV","27.060","°C","1020.000","hPa","36.0","pmil","0","55.700","deg","20.000","°C","100.000","%a.s.","22.210","deg","20.000","°C","971.000","hPa","0.826","-0.01532","0.000401","-0.00012","0","11.08","Humid","30.45","0","49.40","254340.38","SABD0002000012","AAV2.0.0.13","4.0.0.2323","PSt7-10","171027-008","9/15/2022 2:43:31 PM","0000-00","0","no battery","V","","µV","","µV"
"10/14/2022","12:02:22","7","default","171425599","OXY_CH7","5.170","min","190.059","μmol/L","Humid","21.520","deg","98158","µV","27.060","°C","1020.000","hPa","36.0","pmil","0","55.700","deg","20.000","°C","100.000","%a.s.","22.210","deg","20.000","°C","971.000","hPa","0.826","-0.01532","0.000401","-0.00012","0","11.08","Humid","30.45","0","49.40","254340.42","SABD0002000012","AAV2.0.0.13","4.0.0.2323","PSt7-10","171027-008","9/15/2022 2:43:31 PM","0000-00","0","no battery","V","","µV","","µV"
"10/14/2022","12:02:23","7","default","171425599","OXY_CH7","5.186","min","190.094","μmol/L","Humid","21.520","deg","98157","µV","27.054","°C","1020.000","hPa","36.0","pmil","0","55.700","deg","20.000","°C","100.000","%a.s.","22.210","deg","20.000","°C","971.000","hPa","0.826","-0.01532","0.000401","-0.00012","0","11.08","Humid","30.45","0","49.40","254343.60","SABD0002000012","AAV2.0.0.13","4.0.0.2323","PSt7-10","171027-008","9/15/2022 2:43:31 PM","0000-00","0","no battery","V","","µV","","µV"
"10/14/2022","12:02:24","7","default","171425599","OXY_CH7","5.202","min","190.111","μmol/L","Humid","21.519","deg","98155","µV","27.054","°C","1020.000","hPa","36.0","pmil","0","55.700","deg","20.000","°C","100.000","%a.s.","22.210","deg","20.000","°C","971.000","hPa","0.826","-0.01532","0.000401","-0.00012","0","11.08","Humid","30.45","0","49.40","254348.62","SABD0002000012","AAV2.0.0.13","4.0.0.2323","PSt7-10","171027-008","9/15/2022 2:43:31 PM","0000-00","0","no battery","V","","µV","","µV"
"10/14/2022","12:02:25","7","default","171425599","OXY_CH7","5.219","min","190.160","μmol/L","Humid","21.514","deg","98148","µV","27.060","°C","1020.000","hPa","36.0","pmil","0","55.700","deg","20.000","°C","100.000","%a.s.","22.210","deg","20.000","°C","971.000","hPa","0.826","-0.01532","0.000401","-0.00012","0","11.08","Humid","30.45","0","49.40","254344.42","SABD0002000012","AAV2.0.0.13","4.0.0.2323","PSt7-10","171027-008","9/15/2022 2:43:31 PM","0000-00","0","no battery","V","","µV","","µV"
"10/14/2022","12:02:26","7","default","171425599","OXY_CH7","5.236","min","190.008","μmol/L","Humid","21.521","deg","98143","µV","27.066","°C","1020.000","hPa","36.0","pmil","0","55.700","deg","20.000","°C","100.000","%a.s.","22.210","deg","20.000","°C","971.000","hPa","0.826","-0.01532","0.000401","-0.00012","0","11.08","Humid","30.45","0","49.40","254344.42","SABD0002000012","AAV2.0.0.13","4.0.0.2323","PSt7-10","171027-008","9/15/2022 2:43:31 PM","0000-00","0","no battery","V","","µV","","µV"
"10/14/2022","12:02:27","7","default","171425599","OXY_CH7","5.253","min","190.126","μmol/L","Humid","21.516","deg","98135","µV","27.060","°C","1020.000","hPa","36.0","pmil","0","55.700","deg","20.000","°C","100.000","%a.s.","22.210","deg","20.000","°C","971.000","hPa","0.826","-0.01532","0.000401","-0.00012","0","11.08","Humid","30.45","0","49.40","254342.85","SABD0002000012","AAV2.0.0.13","4.0.0.2323","PSt7-10","171027-008","9/15/2022 2:43:31 PM","0000-00","0","no battery","V","","µV","","µV"
"10/14/2022","12:02:28","7","default","171425599","OXY_CH7","5.269","min","190.038","μmol/L","Humid","21.515","deg","98129","µV","27.079","°C","1020.000","hPa","36.0","pmil","0","55.700","deg","20.000","°C","100.000","%a.s.","22.210","deg","20.000","°C","971.000","hPa","0.826","-0.01532","0.000401","-0.00012","0","11.08","Humid","30.45","0","49.40","254340.29","SABD0002000012","AAV2.0.0.13","4.0.0.2323","PSt7-10","171027-008","9/15/2022 2:43:31 PM","0000-00","0","no battery","V","","µV","","µV"
"10/14/2022","12:02:29","7","default","171425599","OXY_CH7","5.286","min","190.210","μmol/L","Humid","21.511","deg","98130","µV","27.060","°C","1020.000","hPa","36.0","pmil","0","55.700","deg","20.000","°C","100.000","%a.s.","22.210","deg","20.000","°C","971.000","hPa","0.826","-0.01532","0.000401","-0.00012","0","11.08","Humid","30.45","0","49.40","254337.28","SABD0002000012","AAV2.0.0.13","4.0.0.2323","PSt7-10","171027-008","9/15/2022 2:43:31 PM","0000-00","0","no battery","V","","µV","","µV"
"10/14/2022","12:02:30","7","default","171425599","OXY_CH7","5.303","min","190.193","μmol/L","Humid","21.512","deg","98123","µV","27.060","°C","1020.000","hPa","36.0","pmil","0","55.700","deg","20.000","°C","100.000","%a.s.","22.210","deg","20.000","°C","971.000","hPa","0.826","-0.01532","0.000401","-0.00012","0","11.08","Humid","30.45","0","49.40","254328.40","SABD0002000012","AAV2.0.0.13","4.0.0.2323","PSt7-10","171027-008","9/15/2022 2:43:31 PM","0000-00","0","no battery","V","","µV","","µV"
"10/14/2022","12:02:31","7","default","171425599","OXY_CH7","5.320","min","190.174","μmol/L","Humid","21.509","deg","98119","µV","27.072","°C","1020.000","hPa","36.0","pmil","0","55.700","deg","20.000","°C","100.000","%a.s.","22.210","deg","20.000","°C","971.000","hPa","0.826","-0.01532","0.000401","-0.00012","0","11.08","Humid","30.45","0","49.40","254333.40","SABD0002000012","AAV2.0.0.13","4.0.0.2323","PSt7-10","171027-008","9/15/2022 2:43:31 PM","0000-00","0","no battery","V","","µV","","µV"
"10/14/2022","12:02:32","7","default","171425599","OXY_CH7","5.336","min","190.192","μmol/L","Humid","21.510","deg","98118","µV","27.066","°C","1020.000","hPa","36.0","pmil","0","55.700","deg","20.000","°C","100.000","%a.s.","22.210","deg","20.000","°C","971.000","hPa","0.826","-0.01532","0.000401","-0.00012","0","11.08","Humid","30.45","0","49.40","254318.36","SABD0002000012","AAV2.0.0.13","4.0.0.2323","PSt7-10","171027-008","9/15/2022 2:43:31 PM","0000-00","0","no battery","V","","µV","","µV"
"10/14/2022","12:02:33","7","default","171425599","OXY_CH7","5.353","min","190.227","μmol/L","Humid","21.510","deg","98109","µV","27.060","°C","1020.000","hPa","36.0","pmil","0","55.700","deg","20.000","°C","100.000","%a.s.","22.210","deg","20.000","°C","971.000","hPa","0.826","-0.01532","0.000401","-0.00012","0","11.08","Humid","30.45","0","49.40","254330.16","SABD0002000012","AAV2.0.0.13","4.0.0.2323","PSt7-10","171027-008","9/15/2022 2:43:31 PM","0000-00","0","no battery","V","","µV","","µV"
"10/14/2022","12:02:34","7","default","171425599","OXY_CH7","5.369","min","190.208","μmol/L","Humid","21.509","deg","98107","µV","27.066","°C","1020.000","hPa","36.0","pmil","0","55.700","deg","20.000","°C","100.000","%a.s.","22.210","deg","20.000","°C","971.000","hPa","0.826","-0.01532","0.000401","-0.00012","0","11.08","Humid","30.45","0","49.40","254322.94","SABD0002000012","AAV2.0.0.13","4.0.0.2323","PSt7-10","171027-008","9/15/2022 2:43:31 PM","0000-00","0","no battery","V","","µV","","µV"
"10/14/2022","12:02:35","7","default","171425599","OXY_CH7","5.386","min","190.275","μmol/L","Humid","21.505","deg","98100","µV","27.066","°C","1020.000","hPa","36.0","pmil","0","55.700","deg","20.000","°C","100.000","%a.s.","22.210","deg","20.000","°C","971.000","hPa","0.826","-0.01532","0.000401","-0.00012","0","11.08","Humid","30.45","0","49.40","254324.48","SABD0002000012","AAV2.0.0.13","4.0.0.2323","PSt7-10","171027-008","9/15/2022 2:43:31 PM","0000-00","0","no battery","V","","µV","","µV"
"10/14/2022","12:02:36","7","default","171425599","OXY_CH7","5.403","min","190.260","μmol/L","Humid","21.508","deg","98098","µV","27.060","°C","1020.000","hPa","36.0","pmil","0","55.700","deg","20.000","°C","100.000","%a.s.","22.210","deg","20.000","°C","971.000","hPa","0.826","-0.01532","0.000401","-0.00012","0","11.08","Humid","30.45","0","49.40","254331.42","SABD0002000012","AAV2.0.0.13","4.0.0.2323","PSt7-10","171027-008","9/15/2022 2:43:31 PM","0000-00","0","no battery","V","","µV","","µV"
"10/14/2022","12:02:37","7","default","171425599","OXY_CH7","5.420","min","190.345","μmol/L","Humid","21.505","deg","98100","µV","27.054","°C","1020.000","hPa","36.0","pmil","0","55.700","deg","20.000","°C","100.000","%a.s.","22.210","deg","20.000","°C","971.000","hPa","0.826","-0.01532","0.000401","-0.00012","0","11.08","Humid","30.45","0","49.40","254328.28","SABD0002000012","AAV2.0.0.13","4.0.0.2323","PSt7-10","171027-008","9/15/2022 2:43:31 PM","0000-00","0","no battery","V","","µV","","µV"
"10/14/2022","12:02:38","7","default","171425599","OXY_CH7","5.436","min","190.240","μmol/L","Humid","21.505","deg","98086","µV","27.072","°C","1020.000","hPa","36.0","pmil","0","55.700","deg","20.000","°C","100.000","%a.s.","22.210","deg","20.000","°C","971.000","hPa","0.826","-0.01532","0.000401","-0.00012","0","11.08","Humid","30.45","0","49.40","254320.64","SABD0002000012","AAV2.0.0.13","4.0.0.2323","PSt7-10","171027-008","9/15/2022 2:43:31 PM","0000-00","0","no battery","V","","µV","","µV"
"10/14/2022","12:02:39","7","default","171425599","OXY_CH7","5.453","min","190.275","μmol/L","Humid","21.505","deg","98085","µV","27.066","°C","1020.000","hPa","36.0","pmil","0","55.700","deg","20.000","°C","100.000","%a.s.","22.210","deg","20.000","°C","971.000","hPa","0.826","-0.01532","0.000401","-0.00012","0","11.08","Humid","30.45","0","49.40","254317.43","SABD0002000012","AAV2.0.0.13","4.0.0.2323","PSt7-10","171027-008","9/15/2022 2:43:31 PM","0000-00","0","no battery","V","","µV","","µV"
"10/14/2022","12:02:40","7","default","171425599","OXY_CH7","5.469","min","190.326","μmol/L","Humid","21.502","deg","98081","µV","27.066","°C","1020.000","hPa","36.0","pmil","0","55.700","deg","20.000","°C","100.000","%a.s.","22.210","deg","20.000","°C","971.000","hPa","0.826","-0.01532","0.000401","-0.00012","0","11.08","Humid","30.45","0","49.40","254330.31","SABD0002000012","AAV2.0.0.13","4.0.0.2323","PSt7-10","171027-008","9/15/2022 2:43:31 PM","0000-00","0","no battery","V","","µV","","µV"
"10/14/2022","12:02:41","7","default","171425599","OXY_CH7","5.486","min","190.292","μmol/L","Humid","21.504","deg","98082","µV","27.066","°C","1020.000","hPa","36.0","pmil","0","55.700","deg","20.000","°C","100.000","%a.s.","22.210","deg","20.000","°C","971.000","hPa","0.826","-0.01532","0.000401","-0.00012","0","11.08","Humid","30.45","0","49.40","254331.98","SABD0002000012","AAV2.0.0.13","4.0.0.2323","PSt7-10","171027-008","9/15/2022 2:43:31 PM","0000-00","0","no battery","V","","µV","","µV"
"10/14/2022","12:02:42","7","default","171425599","OXY_CH7","5.502","min","190.426","μmol/L","Humid","21.496","deg","98074","µV","27.066","°C","1020.000","hPa","36.0","pmil","0","55.700","deg","20.000","°C","100.000","%a.s.","22.210","deg","20.000","°C","971.000","hPa","0.826","-0.01532","0.000401","-0.00012","0","11.08","Humid","30.45","0","49.40","254318.10","SABD0002000012","AAV2.0.0.13","4.0.0.2323","PSt7-10","171027-008","9/15/2022 2:43:31 PM","0000-00","0","no battery","V","","µV","","µV"
"10/14/2022","12:02:43","7","default","171425599","OXY_CH7","5.519","min","190.359","μmol/L","Humid","21.500","deg","98072","µV","27.066","°C","1020.000","hPa","36.0","pmil","0","55.700","deg","20.000","°C","100.000","%a.s.","22.210","deg","20.000","°C","971.000","hPa","0.826","-0.01532","0.000401","-0.00012","0","11.08","Humid","30.45","0","49.40","254322.25","SABD0002000012","AAV2.0.0.13","4.0.0.2323","PSt7-10","171027-008","9/15/2022 2:43:31 PM","0000-00","0","no battery","V","","µV","","µV"
"10/14/2022","12:02:44","7","default","171425599","OXY_CH7","5.536","min","190.428","μmol/L","Humid","21.498","deg","98060","µV","27.060","°C","1020.000","hPa","36.0","pmil","0","55.700","deg","20.000","°C","100.000","%a.s.","22.210","deg","20.000","°C","971.000","hPa","0.826","-0.01532","0.000401","-0.00012","0","11.08","Humid","30.45","0","49.40","254328.07","SABD0002000012","AAV2.0.0.13","4.0.0.2323","PSt7-10","171027-008","9/15/2022 2:43:31 PM","0000-00","0","no battery","V","","µV","","µV"
"10/14/2022","12:02:45","7","default","171425599","OXY_CH7","5.553","min","190.376","μmol/L","Humid","21.499","deg","98055","µV","27.066","°C","1020.000","hPa","36.0","pmil","0","55.700","deg","20.000","°C","100.000","%a.s.","22.210","deg","20.000","°C","971.000","hPa","0.826","-0.01532","0.000401","-0.00012","0","11.08","Humid","30.45","0","49.40","254317.78","SABD0002000012","AAV2.0.0.13","4.0.0.2323","PSt7-10","171027-008","9/15/2022 2:43:31 PM","0000-00","0","no battery","V","","µV","","µV"
"10/14/2022","12:02:46","7","default","171425599","OXY_CH7","5.570","min","190.458","μmol/L","Humid","21.492","deg","98052","µV","27.072","°C","1020.000","hPa","36.0","pmil","0","55.700","deg","20.000","°C","100.000","%a.s.","22.210","deg","20.000","°C","971.000","hPa","0.826","-0.01532","0.000401","-0.00012","0","11.08","Humid","30.45","0","49.40","254310.56","SABD0002000012","AAV2.0.0.13","4.0.0.2323","PSt7-10","171027-008","9/15/2022 2:43:31 PM","0000-00","0","no battery","V","","µV","","µV"
"10/14/2022","12:02:47","7","default","171425599","OXY_CH7","5.586","min","190.458","μmol/L","Humid","21.492","deg","98048","µV","27.072","°C","1020.000","hPa","36.0","pmil","0","55.700","deg","20.000","°C","100.000","%a.s.","22.210","deg","20.000","°C","971.000","hPa","0.826","-0.01532","0.000401","-0.00012","0","11.08","Humid","30.45","0","49.40","254293.27","SABD0002000012","AAV2.0.0.13","4.0.0.2323","PSt7-10","171027-008","9/15/2022 2:43:31 PM","0000-00","0","no battery","V","","µV","","µV"
"10/14/2022","12:02:48","7","default","171425599","OXY_CH7","5.603","min","190.443","μmol/L","Humid","21.495","deg","98044","µV","27.066","°C","1020.000","hPa","36.0","pmil","0","55.700","deg","20.000","°C","100.000","%a.s.","22.210","deg","20.000","°C","971.000","hPa","0.826","-0.01532","0.000401","-0.00012","0","11.08","Humid","30.45","0","49.40","254315.84","SABD0002000012","AAV2.0.0.13","4.0.0.2323","PSt7-10","171027-008","9/15/2022 2:43:31 PM","0000-00","0","no battery","V","","µV","","µV"
"10/14/2022","12:02:49","7","default","171425599","OXY_CH7","5.620","min","190.460","μmol/L","Humid","21.494","deg","98038","µV","27.066","°C","1020.000","hPa","36.0","pmil","0","55.700","deg","20.000","°C","100.000","%a.s.","22.210","deg","20.000","°C","971.000","hPa","0.826","-0.01532","0.000401","-0.00012","0","11.08","Humid","30.45","0","49.40","254316.05","SABD0002000012","AAV2.0.0.13","4.0.0.2323","PSt7-10","171027-008","9/15/2022 2:43:31 PM","0000-00","0","no battery","V","","µV","","µV"
"10/14/2022","12:02:50","7","default","171425599","OXY_CH7","5.636","min","190.442","μmol/L","Humid","21.493","deg","98035","µV","27.072","°C","1020.000","hPa","36.0","pmil","0","55.700","deg","20.000","°C","100.000","%a.s.","22.210","deg","20.000","°C","971.000","hPa","0.826","-0.01532","0.000401","-0.00012","0","11.08","Humid","30.45","0","49.40","254306.75","SABD0002000012","AAV2.0.0.13","4.0.0.2323","PSt7-10","171027-008","9/15/2022 2:43:31 PM","0000-00","0","no battery","V","","µV","","µV"
"10/14/2022","12:02:51","7","default","171425599","OXY_CH7","5.652","min","190.545","μmol/L","Humid","21.491","deg","98025","µV","27.060","°C","1020.000","hPa","36.0","pmil","0","55.700","deg","20.000","°C","100.000","%a.s.","22.210","deg","20.000","°C","971.000","hPa","0.826","-0.01532","0.000401","-0.00012","0","11.08","Humid","30.45","0","49.40","254305.06","SABD0002000012","AAV2.0.0.13","4.0.0.2323","PSt7-10","171027-008","9/15/2022 2:43:31 PM","0000-00","0","no battery","V","","µV","","µV"
"10/14/2022","12:02:52","7","default","171425599","OXY_CH7","5.669","min","190.476","μmol/L","Humid","21.493","deg","98023","µV","27.066","°C","1020.000","hPa","36.0","pmil","0","55.700","deg","20.000","°C","100.000","%a.s.","22.210","deg","20.000","°C","971.000","hPa","0.826","-0.01532","0.000401","-0.00012","0","11.08","Humid","30.45","0","49.40","254306.38","SABD0002000012","AAV2.0.0.13","4.0.0.2323","PSt7-10","171027-008","9/15/2022 2:43:31 PM","0000-00","0","no battery","V","","µV","","µV"
"10/14/2022","12:02:53","7","default","171425599","OXY_CH7","5.686","min","190.560","μmol/L","Humid","21.488","deg","98009","µV","27.066","°C","1020.000","hPa","36.0","pmil","0","55.700","deg","20.000","°C","100.000","%a.s.","22.210","deg","20.000","°C","971.000","hPa","0.826","-0.01532","0.000401","-0.00012","0","11.08","Humid","30.45","0","49.40","254314.57","SABD0002000012","AAV2.0.0.13","4.0.0.2323","PSt7-10","171027-008","9/15/2022 2:43:31 PM","0000-00","0","no battery","V","","µV","","µV"
"10/14/2022","12:02:54","7","default","171425599","OXY_CH7","5.703","min","190.544","μmol/L","Humid","21.489","deg","98017","µV","27.066","°C","1020.000","hPa","36.0","pmil","0","55.700","deg","20.000","°C","100.000","%a.s.","22.210","deg","20.000","°C","971.000","hPa","0.826","-0.01532","0.000401","-0.00012","0","11.08","Humid","30.45","0","49.40","254316.15","SABD0002000012","AAV2.0.0.13","4.0.0.2323","PSt7-10","171027-008","9/15/2022 2:43:31 PM","0000-00","0","no battery","V","","µV","","µV"
"10/14/2022","12:02:55","7","default","171425599","OXY_CH7","5.720","min","190.595","μmol/L","Humid","21.488","deg","98009","µV","27.060","°C","1020.000","hPa","36.0","pmil","0","55.700","deg","20.000","°C","100.000","%a.s.","22.210","deg","20.000","°C","971.000","hPa","0.826","-0.01532","0.000401","-0.00012","0","11.08","Humid","30.45","0","49.40","254306.37","SABD0002000012","AAV2.0.0.13","4.0.0.2323","PSt7-10","171027-008","9/15/2022 2:43:31 PM","0000-00","0","no battery","V","","µV","","µV"
"10/14/2022","12:02:56","7","default","171425599","OXY_CH7","5.736","min","190.527","μmol/L","Humid","21.490","deg","98007","µV","27.066","°C","1020.000","hPa","36.0","pmil","0","55.700","deg","20.000","°C","100.000","%a.s.","22.210","deg","20.000","°C","971.000","hPa","0.826","-0.01532","0.000401","-0.00012","0","11.08","Humid","30.45","0","49.40","254309.28","SABD0002000012","AAV2.0.0.13","4.0.0.2323","PSt7-10","171027-008","9/15/2022 2:43:31 PM","0000-00","0","no battery","V","","µV","","µV"
"10/14/2022","12:02:57","7","default","171425599","OXY_CH7","5.753","min","190.576","μmol/L","Humid","21.485","deg","98002","µV","27.072","°C","1020.000","hPa","36.0","pmil","0","55.700","deg","20.000","°C","100.000","%a.s.","22.210","deg","20.000","°C","971.000","hPa","0.826","-0.01532","0.000401","-0.00012","0","11.08","Humid","30.45","0","49.40","254317.72","SABD0002000012","AAV2.0.0.13","4.0.0.2323","PSt7-10","171027-008","9/15/2022 2:43:31 PM","0000-00","0","no battery","V","","µV","","µV"
"10/14/2022","12:02:58","7","default","171425599","OXY_CH7","5.769","min","190.644","μmol/L","Humid","21.483","deg","97994","µV","27.066","°C","1020.000","hPa","36.0","pmil","0","55.700","deg","20.000","°C","100.000","%a.s.","22.210","deg","20.000","°C","971.000","hPa","0.826","-0.01532","0.000401","-0.00012","0","11.08","Humid","30.45","0","49.40","254302.80","SABD0002000012","AAV2.0.0.13","4.0.0.2323","PSt7-10","171027-008","9/15/2022 2:43:31 PM","0000-00","0","no battery","V","","µV","","µV"
"10/14/2022","12:02:59","7","default","171425599","OXY_CH7","5.786","min","190.679","μmol/L","Humid","21.483","deg","97997","µV","27.060","°C","1020.000","hPa","36.0","pmil","0","55.700","deg","20.000","°C","100.000","%a.s.","22.210","deg","20.000","°C","971.000","hPa","0.826","-0.01532","0.000401","-0.00012","0","11.08","Humid","30.45","0","49.40","254303.81","SABD0002000012","AAV2.0.0.13","4.0.0.2323","PSt7-10","171027-008","9/15/2022 2:43:31 PM","0000-00","0","no battery","V","","µV","","µV"
"10/14/2022","12:03:00","7","default","171425599","OXY_CH7","5.803","min","190.626","μmol/L","Humid","21.482","deg","97988","µV","27.072","°C","1020.000","hPa","36.0","pmil","0","55.700","deg","20.000","°C","100.000","%a.s.","22.210","deg","20.000","°C","971.000","hPa","0.826","-0.01532","0.000401","-0.00012","0","11.08","Humid","30.45","0","49.40","254299.14","SABD0002000012","AAV2.0.0.13","4.0.0.2323","PSt7-10","171027-008","9/15/2022 2:43:31 PM","0000-00","0","no battery","V","","µV","","µV"
"10/14/2022","12:03:01","7","default","171425599","OXY_CH7","5.819","min","190.641","μmol/L","Humid","21.479","deg","97977","µV","27.079","°C","1020.000","hPa","36.0","pmil","0","55.700","deg","20.000","°C","100.000","%a.s.","22.210","deg","20.000","°C","971.000","hPa","0.826","-0.01532","0.000401","-0.00012","0","11.08","Humid","30.45","0","49.40","254302.20","SABD0002000012","AAV2.0.0.13","4.0.0.2323","PSt7-10","171027-008","9/15/2022 2:43:31 PM","0000-00","0","no battery","V","","µV","","µV"
"10/14/2022","12:03:02","7","default","171425599","OXY_CH7","5.836","min","190.643","μmol/L","Humid","21.481","deg","97974","µV","27.072","°C","1020.000","hPa","36.0","pmil","0","55.700","deg","20.000","°C","100.000","%a.s.","22.210","deg","20.000","°C","971.000","hPa","0.826","-0.01532","0.000401","-0.00012","0","11.08","Humid","30.45","0","49.40","254309.99","SABD0002000012","AAV2.0.0.13","4.0.0.2323","PSt7-10","171027-008","9/15/2022 2:43:31 PM","0000-00","0","no battery","V","","µV","","µV"
"10/14/2022","12:03:03","7","default","171425599","OXY_CH7","5.853","min","190.661","μmol/L","Humid","21.482","deg","97964","µV","27.066","°C","1020.000","hPa","36.0","pmil","0","55.700","deg","20.000","°C","100.000","%a.s.","22.210","deg","20.000","°C","971.000","hPa","0.826","-0.01532","0.000401","-0.00012","0","11.08","Humid","30.45","0","49.40","254305.31","SABD0002000012","AAV2.0.0.13","4.0.0.2323","PSt7-10","171027-008","9/15/2022 2:43:31 PM","0000-00","0","no battery","V","","µV","","µV"
"10/14/2022","12:03:04","7","default","171425599","OXY_CH7","5.870","min","190.762","μmol/L","Humid","21.476","deg","97961","µV","27.066","°C","1020.000","hPa","36.0","pmil","0","55.700","deg","20.000","°C","100.000","%a.s.","22.210","deg","20.000","°C","971.000","hPa","0.826","-0.01532","0.000401","-0.00012","0","11.08","Humid","30.45","0","49.40","254293.07","SABD0002000012","AAV2.0.0.13","4.0.0.2323","PSt7-10","171027-008","9/15/2022 2:43:31 PM","0000-00","0","no battery","V","","µV","","µV"
"10/14/2022","12:03:05","7","default","171425599","OXY_CH7","5.886","min","190.693","μmol/L","Humid","21.478","deg","97954","µV","27.072","°C","1020.000","hPa","36.0","pmil","0","55.700","deg","20.000","°C","100.000","%a.s.","22.210","deg","20.000","°C","971.000","hPa","0.826","-0.01532","0.000401","-0.00012","0","11.08","Humid","30.45","0","49.40","254301.44","SABD0002000012","AAV2.0.0.13","4.0.0.2323","PSt7-10","171027-008","9/15/2022 2:43:31 PM","0000-00","0","no battery","V","","µV","","µV"
"10/14/2022","12:03:06","7","default","171425599","OXY_CH7","5.903","min","190.795","μmol/L","Humid","21.474","deg","97954","µV","27.066","°C","1020.000","hPa","36.0","pmil","0","55.700","deg","20.000","°C","100.000","%a.s.","22.210","deg","20.000","°C","971.000","hPa","0.826","-0.01532","0.000401","-0.00012","0","11.08","Humid","30.45","0","49.40","254287.66","SABD0002000012","AAV2.0.0.13","4.0.0.2323","PSt7-10","171027-008","9/15/2022 2:43:31 PM","0000-00","0","no battery","V","","µV","","µV"
"10/14/2022","12:03:07","7","default","171425599","OXY_CH7","5.919","min","190.711","μmol/L","Humid","21.479","deg","97950","µV","27.066","°C","1020.000","hPa","36.0","pmil","0","55.700","deg","20.000","°C","100.000","%a.s.","22.210","deg","20.000","°C","971.000","hPa","0.826","-0.01532","0.000401","-0.00012","0","11.08","Humid","30.45","0","49.40","254281.60","SABD0002000012","AAV2.0.0.13","4.0.0.2323","PSt7-10","171027-008","9/15/2022 2:43:31 PM","0000-00","0","no battery","V","","µV","","µV"
"10/14/2022","12:03:08","7","default","171425599","OXY_CH7","5.936","min","190.760","μmol/L","Humid","21.474","deg","97949","µV","27.072","°C","1020.000","hPa","36.0","pmil","0","55.700","deg","20.000","°C","100.000","%a.s.","22.210","deg","20.000","°C","971.000","hPa","0.826","-0.01532","0.000401","-0.00012","0","11.08","Humid","30.45","0","49.40","254296.27","SABD0002000012","AAV2.0.0.13","4.0.0.2323","PSt7-10","171027-008","9/15/2022 2:43:31 PM","0000-00","0","no battery","V","","µV","","µV"
"10/14/2022","12:03:09","7","default","171425599","OXY_CH7","5.953","min","190.744","μmol/L","Humid","21.475","deg","97938","µV","27.072","°C","1020.000","hPa","36.0","pmil","0","55.700","deg","20.000","°C","100.000","%a.s.","22.210","deg","20.000","°C","971.000","hPa","0.826","-0.01532","0.000401","-0.00012","0","11.08","Humid","30.45","0","49.40","254287.34","SABD0002000012","AAV2.0.0.13","4.0.0.2323","PSt7-10","171027-008","9/15/2022 2:43:31 PM","0000-00","0","no battery","V","","µV","","µV"
"10/14/2022","12:03:10","7","default","171425599","OXY_CH7","5.969","min","190.794","μmol/L","Humid","21.472","deg","97934","µV","27.072","°C","1020.000","hPa","36.0","pmil","0","55.700","deg","20.000","°C","100.000","%a.s.","22.210","deg","20.000","°C","971.000","hPa","0.826","-0.01532","0.000401","-0.00012","0","11.08","Humid","30.45","0","49.40","254289.93","SABD0002000012","AAV2.0.0.13","4.0.0.2323","PSt7-10","171027-008","9/15/2022 2:43:31 PM","0000-00","0","no battery","V","","µV","","µV"
"10/14/2022","12:03:11","7","default","171425599","OXY_CH7","5.986","min","190.811","μmol/L","Humid","21.471","deg","97934","µV","27.072","°C","1020.000","hPa","36.0","pmil","0","55.700","deg","20.000","°C","100.000","%a.s.","22.210","deg","20.000","°C","971.000","hPa","0.826","-0.01532","0.000401","-0.00012","0","11.08","Humid","30.45","0","49.40","254289.53","SABD0002000012","AAV2.0.0.13","4.0.0.2323","PSt7-10","171027-008","9/15/2022 2:43:31 PM","0000-00","0","no battery","V","","µV","","µV"
"10/14/2022","12:03:12","7","default","171425599","OXY_CH7","6.003","min","190.812","μmol/L","Humid","21.473","deg","97927","µV","27.066","°C","1020.000","hPa","36.0","pmil","0","55.700","deg","20.000","°C","100.000","%a.s.","22.210","deg","20.000","°C","971.000","hPa","0.826","-0.01532","0.000401","-0.00012","0","11.08","Humid","30.45","0","49.40","254280.95","SABD0002000012","AAV2.0.0.13","4.0.0.2323","PSt7-10","171027-008","9/15/2022 2:43:31 PM","0000-00","0","no battery","V","","µV","","µV"
"10/14/2022","12:03:13","7","default","171425599","OXY_CH7","6.020","min","190.776","μmol/L","Humid","21.471","deg","97920","µV","27.079","°C","1020.000","hPa","36.0","pmil","0","55.700","deg","20.000","°C","100.000","%a.s.","22.210","deg","20.000","°C","971.000","hPa","0.826","-0.01532","0.000401","-0.00012","0","11.08","Humid","30.45","0","49.40","254290.12","SABD0002000012","AAV2.0.0.13","4.0.0.2323","PSt7-10","171027-008","9/15/2022 2:43:31 PM","0000-00","0","no battery","V","","µV","","µV"
"10/14/2022","12:03:14","7","default","171425599","OXY_CH7","6.036","min","190.965","μmol/L","Humid","21.466","deg","97911","µV","27.060","°C","1020.000","hPa","36.0","pmil","0","55.700","deg","20.000","°C","100.000","%a.s.","22.210","deg","20.000","°C","971.000","hPa","0.826","-0.01532","0.000401","-0.00012","0","11.08","Humid","30.45","0","49.40","254269.61","SABD0002000012","AAV2.0.0.13","4.0.0.2323","PSt7-10","171027-008","9/15/2022 2:43:31 PM","0000-00","0","no battery","V","","µV","","µV"
"10/14/2022","12:03:15","7","default","171425599","OXY_CH7","6.053","min","190.893","μmol/L","Humid","21.464","deg","97912","µV","27.079","°C","1020.000","hPa","36.0","pmil","0","55.700","deg","20.000","°C","100.000","%a.s.","22.210","deg","20.000","°C","971.000","hPa","0.826","-0.01532","0.000401","-0.00012","0","11.08","Humid","30.45","0","49.40","254275.17","SABD0002000012","AAV2.0.0.13","4.0.0.2323","PSt7-10","171027-008","9/15/2022 2:43:31 PM","0000-00","0","no battery","V","","µV","","µV"
"10/14/2022","12:03:16","7","default","171425599","OXY_CH7","6.069","min","190.895","μmol/L","Humid","21.466","deg","97903","µV","27.072","°C","1020.000","hPa","36.0","pmil","0","55.700","deg","20.000","°C","100.000","%a.s.","22.210","deg","20.000","°C","971.000","hPa","0.826","-0.01532","0.000401","-0.00012","0","11.08","Humid","30.45","0","49.40","254273.46","SABD0002000012","AAV2.0.0.13","4.0.0.2323","PSt7-10","171027-008","9/15/2022 2:43:31 PM","0000-00","0","no battery","V","","µV","","µV"
"10/14/2022","12:03:17","7","default","171425599","OXY_CH7","6.086","min","190.878","μmol/L","Humid","21.467","deg","97899","µV","27.072","°C","1020.000","hPa","36.0","pmil","0","55.700","deg","20.000","°C","100.000","%a.s.","22.210","deg","20.000","°C","971.000","hPa","0.826","-0.01532","0.000401","-0.00012","0","11.08","Humid","30.45","0","49.40","254275.26","SABD0002000012","AAV2.0.0.13","4.0.0.2323","PSt7-10","171027-008","9/15/2022 2:43:31 PM","0000-00","0","no battery","V","","µV","","µV"
"10/14/2022","12:03:18","7","default","171425599","OXY_CH7","6.103","min","190.910","μmol/L","Humid","21.463","deg","97899","µV","27.079","°C","1020.000","hPa","36.0","pmil","0","55.700","deg","20.000","°C","100.000","%a.s.","22.210","deg","20.000","°C","971.000","hPa","0.826","-0.01532","0.000401","-0.00012","0","11.08","Humid","30.45","0","49.40","254269.09","SABD0002000012","AAV2.0.0.13","4.0.0.2323","PSt7-10","171027-008","9/15/2022 2:43:31 PM","0000-00","0","no battery","V","","µV","","µV"
"10/14/2022","12:03:19","7","default","171425599","OXY_CH7","6.119","min","190.961","μmol/L","Humid","21.460","deg","97885","µV","27.079","°C","1020.000","hPa","36.0","pmil","0","55.700","deg","20.000","°C","100.000","%a.s.","22.210","deg","20.000","°C","971.000","hPa","0.826","-0.01532","0.000401","-0.00012","0","11.08","Humid","30.45","0","49.40","254269.75","SABD0002000012","AAV2.0.0.13","4.0.0.2323","PSt7-10","171027-008","9/15/2022 2:43:31 PM","0000-00","0","no battery","V","","µV","","µV"
"10/14/2022","12:03:20","7","default","171425599","OXY_CH7","6.136","min","190.912","μmol/L","Humid","21.465","deg","97893","µV","27.072","°C","1020.000","hPa","36.0","pmil","0","55.700","deg","20.000","°C","100.000","%a.s.","22.210","deg","20.000","°C","971.000","hPa","0.826","-0.01532","0.000401","-0.00012","0","11.08","Humid","30.45","0","49.40","254284.31","SABD0002000012","AAV2.0.0.13","4.0.0.2323","PSt7-10","171027-008","9/15/2022 2:43:31 PM","0000-00","0","no battery","V","","µV","","µV"
"10/14/2022","12:03:21","7","default","171425599","OXY_CH7","6.153","min","190.996","μmol/L","Humid","21.460","deg","97881","µV","27.072","°C","1020.000","hPa","36.0","pmil","0","55.700","deg","20.000","°C","100.000","%a.s.","22.210","deg","20.000","°C","971.000","hPa","0.826","-0.01532","0.000401","-0.00012","0","11.08","Humid","30.45","0","49.40","254290.08","SABD0002000012","AAV2.0.0.13","4.0.0.2323","PSt7-10","171027-008","9/15/2022 2:43:31 PM","0000-00","0","no battery","V","","µV","","µV"
"10/14/2022","12:03:22","7","default","171425599","OXY_CH7","6.170","min","191.063","μmol/L","Humid","21.456","deg","97874","µV","27.072","°C","1020.000","hPa","36.0","pmil","0","55.700","deg","20.000","°C","100.000","%a.s.","22.210","deg","20.000","°C","971.000","hPa","0.826","-0.01532","0.000401","-0.00012","0","11.08","Humid","30.45","0","49.40","254271.24","SABD0002000012","AAV2.0.0.13","4.0.0.2323","PSt7-10","171027-008","9/15/2022 2:43:31 PM","0000-00","0","no battery","V","","µV","","µV"
"10/14/2022","12:03:23","7","default","171425599","OXY_CH7","6.186","min","191.063","μmol/L","Humid","21.456","deg","97875","µV","27.072","°C","1020.000","hPa","36.0","pmil","0","55.700","deg","20.000","°C","100.000","%a.s.","22.210","deg","20.000","°C","971.000","hPa","0.826","-0.01532","0.000401","-0.00012","0","11.08","Humid","30.45","0","49.40","254272.12","SABD0002000012","AAV2.0.0.13","4.0.0.2323","PSt7-10","171027-008","9/15/2022 2:43:31 PM","0000-00","0","no battery","V","","µV","","µV"
"10/14/2022","12:03:24","7","default","171425599","OXY_CH7","6.202","min","191.063","μmol/L","Humid","21.456","deg","97865","µV","27.072","°C","1020.000","hPa","36.0","pmil","0","55.700","deg","20.000","°C","100.000","%a.s.","22.210","deg","20.000","°C","971.000","hPa","0.826","-0.01532","0.000401","-0.00012","0","11.08","Humid","30.45","0","49.40","254271.21","SABD0002000012","AAV2.0.0.13","4.0.0.2323","PSt7-10","171027-008","9/15/2022 2:43:31 PM","0000-00","0","no battery","V","","µV","","µV"
"10/14/2022","12:03:25","7","default","171425599","OXY_CH7","6.219","min","191.078","μmol/L","Humid","21.453","deg","97853","µV","27.079","°C","1020.000","hPa","36.0","pmil","0","55.700","deg","20.000","°C","100.000","%a.s.","22.210","deg","20.000","°C","971.000","hPa","0.826","-0.01532","0.000401","-0.00012","0","11.08","Humid","30.45","0","49.40","254269.65","SABD0002000012","AAV2.0.0.13","4.0.0.2323","PSt7-10","171027-008","9/15/2022 2:43:31 PM","0000-00","0","no battery","V","","µV","","µV"
"10/14/2022","12:03:26","7","default","171425599","OXY_CH7","6.236","min","191.130","μmol/L","Humid","21.452","deg","97854","µV","27.072","°C","1020.000","hPa","36.0","pmil","0","55.700","deg","20.000","°C","100.000","%a.s.","22.210","deg","20.000","°C","971.000","hPa","0.826","-0.01532","0.000401","-0.00012","0","11.08","Humid","30.45","0","49.40","254274.40","SABD0002000012","AAV2.0.0.13","4.0.0.2323","PSt7-10","171027-008","9/15/2022 2:43:31 PM","0000-00","0","no battery","V","","µV","","µV"
"10/14/2022","12:03:27","7","default","171425599","OXY_CH7","6.253","min","191.062","μmol/L","Humid","21.454","deg","97859","µV","27.079","°C","1020.000","hPa","36.0","pmil","0","55.700","deg","20.000","°C","100.000","%a.s.","22.210","deg","20.000","°C","971.000","hPa","0.826","-0.01532","0.000401","-0.00012","0","11.08","Humid","30.45","0","49.40","254278.81","SABD0002000012","AAV2.0.0.13","4.0.0.2323","PSt7-10","171027-008","9/15/2022 2:43:31 PM","0000-00","0","no battery","V","","µV","","µV"
"10/14/2022","12:03:28","7","default","171425599","OXY_CH7","6.270","min","191.129","μmol/L","Humid","21.450","deg","97850","µV","27.079","°C","1020.000","hPa","36.0","pmil","0","55.700","deg","20.000","°C","100.000","%a.s.","22.210","deg","20.000","°C","971.000","hPa","0.826","-0.01532","0.000401","-0.00012","0","11.08","Humid","30.45","0","49.40","254270.19","SABD0002000012","AAV2.0.0.13","4.0.0.2323","PSt7-10","171027-008","9/15/2022 2:43:31 PM","0000-00","0","no battery","V","","µV","","µV"
"10/14/2022","12:03:29","7","default","171425599","OXY_CH7","6.286","min","191.095","μmol/L","Humid","21.452","deg","97848","µV","27.079","°C","1020.000","hPa","36.0","pmil","0","55.700","deg","20.000","°C","100.000","%a.s.","22.210","deg","20.000","°C","971.000","hPa","0.826","-0.01532","0.000401","-0.00012","0","11.08","Humid","30.45","0","49.40","254271.05","SABD0002000012","AAV2.0.0.13","4.0.0.2323","PSt7-10","171027-008","9/15/2022 2:43:31 PM","0000-00","0","no battery","V","","µV","","µV"
"10/14/2022","12:03:30","7","default","171425599","OXY_CH7","6.303","min","191.165","μmol/L","Humid","21.452","deg","97840","µV","27.066","°C","1020.000","hPa","36.0","pmil","0","55.700","deg","20.000","°C","100.000","%a.s.","22.210","deg","20.000","°C","971.000","hPa","0.826","-0.01532","0.000401","-0.00012","0","11.08","Humid","30.45","0","49.40","254273.10","SABD0002000012","AAV2.0.0.13","4.0.0.2323","PSt7-10","171027-008","9/15/2022 2:43:31 PM","0000-00","0","no battery","V","","µV","","µV"
"10/14/2022","12:03:31","7","default","171425599","OXY_CH7","6.320","min","191.198","μmol/L","Humid","21.448","deg","97836","µV","27.072","°C","1020.000","hPa","36.0","pmil","0","55.700","deg","20.000","°C","100.000","%a.s.","22.210","deg","20.000","°C","971.000","hPa","0.826","-0.01532","0.000401","-0.00012","0","11.08","Humid","30.45","0","49.40","254274.52","SABD0002000012","AAV2.0.0.13","4.0.0.2323","PSt7-10","171027-008","9/15/2022 2:43:31 PM","0000-00","0","no battery","V","","µV","","µV"
"10/14/2022","12:03:32","7","default","171425599","OXY_CH7","6.336","min","191.198","μmol/L","Humid","21.448","deg","97821","µV","27.072","°C","1020.000","hPa","36.0","pmil","0","55.700","deg","20.000","°C","100.000","%a.s.","22.210","deg","20.000","°C","971.000","hPa","0.826","-0.01532","0.000401","-0.00012","0","11.08","Humid","30.45","0","49.40","254264.13","SABD0002000012","AAV2.0.0.13","4.0.0.2323","PSt7-10","171027-008","9/15/2022 2:43:31 PM","0000-00","0","no battery","V","","µV","","µV"
"10/14/2022","12:03:33","7","default","171425599","OXY_CH7","6.352","min","191.163","μmol/L","Humid","21.448","deg","97813","µV","27.079","°C","1020.000","hPa","36.0","pmil","0","55.700","deg","20.000","°C","100.000","%a.s.","22.210","deg","20.000","°C","971.000","hPa","0.826","-0.01532","0.000401","-0.00012","0","11.08","Humid","30.45","0","49.40","254260.85","SABD0002000012","AAV2.0.0.13","4.0.0.2323","PSt7-10","171027-008","9/15/2022 2:43:31 PM","0000-00","0","no battery","V","","µV","","µV"
"10/14/2022","12:03:34","7","default","171425599","OXY_CH7","6.369","min","191.181","μmol/L","Humid","21.449","deg","97814","µV","27.072","°C","1020.000","hPa","36.0","pmil","0","55.700","deg","20.000","°C","100.000","%a.s.","22.210","deg","20.000","°C","971.000","hPa","0.826","-0.01532","0.000401","-0.00012","0","11.08","Humid","30.45","0","49.40","254264.16","SABD0002000012","AAV2.0.0.13","4.0.0.2323","PSt7-10","171027-008","9/15/2022 2:43:31 PM","0000-00","0","no battery","V","","µV","","µV"
"10/14/2022","12:03:35","7","default","171425599","OXY_CH7","6.386","min","191.196","μmol/L","Humid","21.446","deg","97808","µV","27.079","°C","1020.000","hPa","36.0","pmil","0","55.700","deg","20.000","°C","100.000","%a.s.","22.210","deg","20.000","°C","971.000","hPa","0.826","-0.01532","0.000401","-0.00012","0","11.08","Humid","30.45","0","49.40","254263.44","SABD0002000012","AAV2.0.0.13","4.0.0.2323","PSt7-10","171027-008","9/15/2022 2:43:31 PM","0000-00","0","no battery","V","","µV","","µV"
"10/14/2022","12:03:36","7","default","171425599","OXY_CH7","6.403","min","191.333","μmol/L","Humid","21.440","deg","97807","µV","27.072","°C","1020.000","hPa","36.0","pmil","0","55.700","deg","20.000","°C","100.000","%a.s.","22.210","deg","20.000","°C","971.000","hPa","0.826","-0.01532","0.000401","-0.00012","0","11.08","Humid","30.45","0","49.40","254262.36","SABD0002000012","AAV2.0.0.13","4.0.0.2323","PSt7-10","171027-008","9/15/2022 2:43:31 PM","0000-00","0","no battery","V","","µV","","µV"
"10/14/2022","12:03:37","7","default","171425599","OXY_CH7","6.419","min","191.264","μmol/L","Humid","21.442","deg","97798","µV","27.079","°C","1020.000","hPa","36.0","pmil","0","55.700","deg","20.000","°C","100.000","%a.s.","22.210","deg","20.000","°C","971.000","hPa","0.826","-0.01532","0.000401","-0.00012","0","11.08","Humid","30.45","0","49.40","254260.68","SABD0002000012","AAV2.0.0.13","4.0.0.2323","PSt7-10","171027-008","9/15/2022 2:43:31 PM","0000-00","0","no battery","V","","µV","","µV"
"10/14/2022","12:03:38","7","default","171425599","OXY_CH7","6.436","min","191.331","μmol/L","Humid","21.438","deg","97799","µV","27.079","°C","1020.000","hPa","36.0","pmil","0","55.700","deg","20.000","°C","100.000","%a.s.","22.210","deg","20.000","°C","971.000","hPa","0.826","-0.01532","0.000401","-0.00012","0","11.08","Humid","30.45","0","49.40","254251.74","SABD0002000012","AAV2.0.0.13","4.0.0.2323","PSt7-10","171027-008","9/15/2022 2:43:31 PM","0000-00","0","no battery","V","","µV","","µV"
"10/14/2022","12:03:39","7","default","171425599","OXY_CH7","6.453","min","191.195","μmol/L","Humid","21.444","deg","97796","µV","27.085","°C","1020.000","hPa","36.0","pmil","0","55.700","deg","20.000","°C","100.000","%a.s.","22.210","deg","20.000","°C","971.000","hPa","0.826","-0.01532","0.000401","-0.00012","0","11.08","Humid","30.45","0","49.40","254255.82","SABD0002000012","AAV2.0.0.13","4.0.0.2323","PSt7-10","171027-008","9/15/2022 2:43:31 PM","0000-00","0","no battery","V","","µV","","µV"
"10/14/2022","12:03:40","7","default","171425599","OXY_CH7","6.470","min","191.333","μmol/L","Humid","21.440","deg","97789","µV","27.072","°C","1020.000","hPa","36.0","pmil","0","55.700","deg","20.000","°C","100.000","%a.s.","22.210","deg","20.000","°C","971.000","hPa","0.826","-0.01532","0.000401","-0.00012","0","11.08","Humid","30.45","0","49.40","254248.06","SABD0002000012","AAV2.0.0.13","4.0.0.2323","PSt7-10","171027-008","9/15/2022 2:43:31 PM","0000-00","0","no battery","V","","µV","","µV"
"10/14/2022","12:03:41","7","default","171425599","OXY_CH7","6.487","min","191.333","μmol/L","Humid","21.440","deg","97786","µV","27.072","°C","1020.000","hPa","36.0","pmil","0","55.700","deg","20.000","°C","100.000","%a.s.","22.210","deg","20.000","°C","971.000","hPa","0.826","-0.01532","0.000401","-0.00012","0","11.08","Humid","30.45","0","49.40","254250.54","SABD0002000012","AAV2.0.0.13","4.0.0.2323","PSt7-10","171027-008","9/15/2022 2:43:31 PM","0000-00","0","no battery","V","","µV","","µV"
"10/14/2022","12:03:42","7","default","171425599","OXY_CH7","6.503","min","191.297","μmol/L","Humid","21.440","deg","97788","µV","27.079","°C","1020.000","hPa","36.0","pmil","0","55.700","deg","20.000","°C","100.000","%a.s.","22.210","deg","20.000","°C","971.000","hPa","0.826","-0.01532","0.000401","-0.00012","0","11.08","Humid","30.45","0","49.40","254254.14","SABD0002000012","AAV2.0.0.13","4.0.0.2323","PSt7-10","171027-008","9/15/2022 2:43:31 PM","0000-00","0","no battery","V","","µV","","µV"
"10/14/2022","12:03:43","7","default","171425599","OXY_CH7","6.519","min","191.400","μmol/L","Humid","21.436","deg","97778","µV","27.072","°C","1020.000","hPa","36.0","pmil","0","55.700","deg","20.000","°C","100.000","%a.s.","22.210","deg","20.000","°C","971.000","hPa","0.826","-0.01532","0.000401","-0.00012","0","11.08","Humid","30.45","0","49.40","254251.69","SABD0002000012","AAV2.0.0.13","4.0.0.2323","PSt7-10","171027-008","9/15/2022 2:43:31 PM","0000-00","0","no battery","V","","µV","","µV"
"10/14/2022","12:03:44","7","default","171425599","OXY_CH7","6.536","min","191.348","μmol/L","Humid","21.437","deg","97775","µV","27.079","°C","1020.000","hPa","36.0","pmil","0","55.700","deg","20.000","°C","100.000","%a.s.","22.210","deg","20.000","°C","971.000","hPa","0.826","-0.01532","0.000401","-0.00012","0","11.08","Humid","30.45","0","49.40","254255.40","SABD0002000012","AAV2.0.0.13","4.0.0.2323","PSt7-10","171027-008","9/15/2022 2:43:31 PM","0000-00","0","no battery","V","","µV","","µV"
"10/14/2022","12:03:45","7","default","171425599","OXY_CH7","6.553","min","191.451","μmol/L","Humid","21.433","deg","97768","µV","27.072","°C","1020.000","hPa","36.0","pmil","0","55.700","deg","20.000","°C","100.000","%a.s.","22.210","deg","20.000","°C","971.000","hPa","0.826","-0.01532","0.000401","-0.00012","0","11.08","Humid","30.45","0","49.40","254252.38","SABD0002000012","AAV2.0.0.13","4.0.0.2323","PSt7-10","171027-008","9/15/2022 2:43:31 PM","0000-00","0","no battery","V","","µV","","µV"
"10/14/2022","12:03:46","7","default","171425599","OXY_CH7","6.569","min","191.365","μmol/L","Humid","21.436","deg","97754","µV","27.079","°C","1020.000","hPa","36.0","pmil","0","55.700","deg","20.000","°C","100.000","%a.s.","22.210","deg","20.000","°C","971.000","hPa","0.826","-0.01532","0.000401","-0.00012","0","11.08","Humid","30.45","0","49.40","254245.27","SABD0002000012","AAV2.0.0.13","4.0.0.2323","PSt7-10","171027-008","9/15/2022 2:43:31 PM","0000-00","0","no battery","V","","µV","","µV"
"10/14/2022","12:03:47","7","default","171425599","OXY_CH7","6.586","min","191.466","μmol/L","Humid","21.430","deg","97768","µV","27.079","°C","1020.000","hPa","36.0","pmil","0","55.700","deg","20.000","°C","100.000","%a.s.","22.210","deg","20.000","°C","971.000","hPa","0.826","-0.01532","0.000401","-0.00012","0","11.08","Humid","30.45","0","49.40","254262.57","SABD0002000012","AAV2.0.0.13","4.0.0.2323","PSt7-10","171027-008","9/15/2022 2:43:31 PM","0000-00","0","no battery","V","","µV","","µV"
"10/14/2022","12:03:48","7","default","171425599","OXY_CH7","6.603","min","191.399","μmol/L","Humid","21.434","deg","97760","µV","27.079","°C","1020.000","hPa","36.0","pmil","0","55.700","deg","20.000","°C","100.000","%a.s.","22.210","deg","20.000","°C","971.000","hPa","0.826","-0.01532","0.000401","-0.00012","0","11.08","Humid","30.45","0","49.40","254263.03","SABD0002000012","AAV2.0.0.13","4.0.0.2323","PSt7-10","171027-008","9/15/2022 2:43:31 PM","0000-00","0","no battery","V","","µV","","µV"
"10/14/2022","12:03:49","7","default","171425599","OXY_CH7","6.619","min","191.500","μmol/L","Humid","21.428","deg","97757","µV","27.079","°C","1020.000","hPa","36.0","pmil","0","55.700","deg","20.000","°C","100.000","%a.s.","22.210","deg","20.000","°C","971.000","hPa","0.826","-0.01532","0.000401","-0.00012","0","11.08","Humid","30.45","0","49.40","254262.37","SABD0002000012","AAV2.0.0.13","4.0.0.2323","PSt7-10","171027-008","9/15/2022 2:43:31 PM","0000-00","0","no battery","V","","µV","","µV"
"10/14/2022","12:03:50","7","default","171425599","OXY_CH7","6.636","min","191.449","μmol/L","Humid","21.431","deg","97745","µV","27.079","°C","1020.000","hPa","36.0","pmil","0","55.700","deg","20.000","°C","100.000","%a.s.","22.210","deg","20.000","°C","971.000","hPa","0.826","-0.01532","0.000401","-0.00012","0","11.08","Humid","30.45","0","49.40","254267.14","SABD0002000012","AAV2.0.0.13","4.0.0.2323","PSt7-10","171027-008","9/15/2022 2:43:31 PM","0000-00","0","no battery","V","","µV","","µV"
"10/14/2022","12:03:51","7","default","171425599","OXY_CH7","6.653","min","191.535","μmol/L","Humid","21.428","deg","97743","µV","27.072","°C","1020.000","hPa","36.0","pmil","0","55.700","deg","20.000","°C","100.000","%a.s.","22.210","deg","20.000","°C","971.000","hPa","0.826","-0.01532","0.000401","-0.00012","0","11.08","Humid","30.45","0","49.40","254263.46","SABD0002000012","AAV2.0.0.13","4.0.0.2323","PSt7-10","171027-008","9/15/2022 2:43:31 PM","0000-00","0","no battery","V","","µV","","µV"
"10/14/2022","12:03:52","7","default","171425599","OXY_CH7","6.670","min","191.534","μmol/L","Humid","21.426","deg","97730","µV","27.079","°C","1020.000","hPa","36.0","pmil","0","55.700","deg","20.000","°C","100.000","%a.s.","22.210","deg","20.000","°C","971.000","hPa","0.826","-0.01532","0.000401","-0.00012","0","11.08","Humid","30.45","0","49.40","254246.74","SABD0002000012","AAV2.0.0.13","4.0.0.2323","PSt7-10","171027-008","9/15/2022 2:43:31 PM","0000-00","0","no battery","V","","µV","","µV"
"10/14/2022","12:03:53","7","default","171425599","OXY_CH7","6.686","min","191.620","μmol/L","Humid","21.423","deg","97723","µV","27.072","°C","1020.000","hPa","36.0","pmil","0","55.700","deg","20.000","°C","100.000","%a.s.","22.210","deg","20.000","°C","971.000","hPa","0.826","-0.01532","0.000401","-0.00012","0","11.08","Humid","30.45","0","49.40","254239.35","SABD0002000012","AAV2.0.0.13","4.0.0.2323","PSt7-10","171027-008","9/15/2022 2:43:31 PM","0000-00","0","no battery","V","","µV","","µV"
"10/14/2022","12:03:54","7","default","171425599","OXY_CH7","6.702","min","191.534","μmol/L","Humid","21.426","deg","97718","µV","27.079","°C","1020.000","hPa","36.0","pmil","0","55.700","deg","20.000","°C","100.000","%a.s.","22.210","deg","20.000","°C","971.000","hPa","0.826","-0.01532","0.000401","-0.00012","0","11.08","Humid","30.45","0","49.40","254245.65","SABD0002000012","AAV2.0.0.13","4.0.0.2323","PSt7-10","171027-008","9/15/2022 2:43:31 PM","0000-00","0","no battery","V","","µV","","µV"
"10/14/2022","12:03:55","7","default","171425599","OXY_CH7","6.719","min","191.567","μmol/L","Humid","21.424","deg","97720","µV","27.079","°C","1020.000","hPa","36.0","pmil","0","55.700","deg","20.000","°C","100.000","%a.s.","22.210","deg","20.000","°C","971.000","hPa","0.826","-0.01532","0.000401","-0.00012","0","11.08","Humid","30.45","0","49.40","254250.50","SABD0002000012","AAV2.0.0.13","4.0.0.2323","PSt7-10","171027-008","9/15/2022 2:43:31 PM","0000-00","0","no battery","V","","µV","","µV"
"10/14/2022","12:03:56","7","default","171425599","OXY_CH7","6.736","min","191.600","μmol/L","Humid","21.420","deg","97711","µV","27.085","°C","1020.000","hPa","36.0","pmil","0","55.700","deg","20.000","°C","100.000","%a.s.","22.210","deg","20.000","°C","971.000","hPa","0.826","-0.01532","0.000401","-0.00012","0","11.08","Humid","30.45","0","49.40","254247.90","SABD0002000012","AAV2.0.0.13","4.0.0.2323","PSt7-10","171027-008","9/15/2022 2:43:31 PM","0000-00","0","no battery","V","","µV","","µV"
"10/14/2022","12:03:57","7","default","171425599","OXY_CH7","6.753","min","191.601","μmol/L","Humid","21.422","deg","97705","µV","27.079","°C","1020.000","hPa","36.0","pmil","0","55.700","deg","20.000","°C","100.000","%a.s.","22.210","deg","20.000","°C","971.000","hPa","0.826","-0.01532","0.000401","-0.00012","0","11.08","Humid","30.45","0","49.40","254230.37","SABD0002000012","AAV2.0.0.13","4.0.0.2323","PSt7-10","171027-008","9/15/2022 2:43:31 PM","0000-00","0","no battery","V","","µV","","µV"
"10/14/2022","12:03:58","7","default","171425599","OXY_CH7","6.769","min","191.603","μmol/L","Humid","21.424","deg","97697","µV","27.072","°C","1020.000","hPa","36.0","pmil","0","55.700","deg","20.000","°C","100.000","%a.s.","22.210","deg","20.000","°C","971.000","hPa","0.826","-0.01532","0.000401","-0.00012","0","11.08","Humid","30.45","0","49.40","254236.71","SABD0002000012","AAV2.0.0.13","4.0.0.2323","PSt7-10","171027-008","9/15/2022 2:43:31 PM","0000-00","0","no battery","V","","µV","","µV"
"10/14/2022","12:03:59","7","default","171425599","OXY_CH7","6.786","min","191.652","μmol/L","Humid","21.419","deg","97699","µV","27.079","°C","1020.000","hPa","36.0","pmil","0","55.700","deg","20.000","°C","100.000","%a.s.","22.210","deg","20.000","°C","971.000","hPa","0.826","-0.01532","0.000401","-0.00012","0","11.08","Humid","30.45","0","49.40","254241.72","SABD0002000012","AAV2.0.0.13","4.0.0.2323","PSt7-10","171027-008","9/15/2022 2:43:31 PM","0000-00","0","no battery","V","","µV","","µV"
"10/14/2022","12:04:00","7","default","171425599","OXY_CH7","6.803","min","191.617","μmol/L","Humid","21.419","deg","97688","µV","27.085","°C","1020.000","hPa","36.0","pmil","0","55.700","deg","20.000","°C","100.000","%a.s.","22.210","deg","20.000","°C","971.000","hPa","0.826","-0.01532","0.000401","-0.00012","0","11.08","Humid","30.45","0","49.40","254243.74","SABD0002000012","AAV2.0.0.13","4.0.0.2323","PSt7-10","171027-008","9/15/2022 2:43:31 PM","0000-00","0","no battery","V","","µV","","µV"
"10/14/2022","12:04:01","7","default","171425599","OXY_CH7","6.820","min","191.652","μmol/L","Humid","21.419","deg","97695","µV","27.079","°C","1020.000","hPa","36.0","pmil","0","55.700","deg","20.000","°C","100.000","%a.s.","22.210","deg","20.000","°C","971.000","hPa","0.826","-0.01532","0.000401","-0.00012","0","11.08","Humid","30.45","0","49.40","254250.95","SABD0002000012","AAV2.0.0.13","4.0.0.2323","PSt7-10","171027-008","9/15/2022 2:43:31 PM","0000-00","0","no battery","V","","µV","","µV"
"10/14/2022","12:04:02","7","default","171425599","OXY_CH7","6.836","min","191.652","μmol/L","Humid","21.419","deg","97685","µV","27.079","°C","1020.000","hPa","36.0","pmil","0","55.700","deg","20.000","°C","100.000","%a.s.","22.210","deg","20.000","°C","971.000","hPa","0.826","-0.01532","0.000401","-0.00012","0","11.08","Humid","30.45","0","49.40","254241.66","SABD0002000012","AAV2.0.0.13","4.0.0.2323","PSt7-10","171027-008","9/15/2022 2:43:31 PM","0000-00","0","no battery","V","","µV","","µV"
"10/14/2022","12:04:03","7","default","171425599","OXY_CH7","6.853","min","191.720","μmol/L","Humid","21.415","deg","97683","µV","27.079","°C","1020.000","hPa","36.0","pmil","0","55.700","deg","20.000","°C","100.000","%a.s.","22.210","deg","20.000","°C","971.000","hPa","0.826","-0.01532","0.000401","-0.00012","0","11.08","Humid","30.45","0","49.40","254234.75","SABD0002000012","AAV2.0.0.13","4.0.0.2323","PSt7-10","171027-008","9/15/2022 2:43:31 PM","0000-00","0","no battery","V","","µV","","µV"
"10/14/2022","12:04:04","7","default","171425599","OXY_CH7","6.869","min","191.753","μmol/L","Humid","21.413","deg","97678","µV","27.079","°C","1020.000","hPa","36.0","pmil","0","55.700","deg","20.000","°C","100.000","%a.s.","22.210","deg","20.000","°C","971.000","hPa","0.826","-0.01532","0.000401","-0.00012","0","11.08","Humid","30.45","0","49.40","254241.38","SABD0002000012","AAV2.0.0.13","4.0.0.2323","PSt7-10","171027-008","9/15/2022 2:43:31 PM","0000-00","0","no battery","V","","µV","","µV"
"10/14/2022","12:04:05","7","default","171425599","OXY_CH7","6.886","min","191.755","μmol/L","Humid","21.415","deg","97671","µV","27.072","°C","1020.000","hPa","36.0","pmil","0","55.700","deg","20.000","°C","100.000","%a.s.","22.210","deg","20.000","°C","971.000","hPa","0.826","-0.01532","0.000401","-0.00012","0","11.08","Humid","30.45","0","49.40","254249.04","SABD0002000012","AAV2.0.0.13","4.0.0.2323","PSt7-10","171027-008","9/15/2022 2:43:31 PM","0000-00","0","no battery","V","","µV","","µV"
"10/14/2022","12:04:06","7","default","171425599","OXY_CH7","6.903","min","191.770","μmol/L","Humid","21.412","deg","97669","µV","27.079","°C","1020.000","hPa","36.0","pmil","0","55.700","deg","20.000","°C","100.000","%a.s.","22.210","deg","20.000","°C","971.000","hPa","0.826","-0.01532","0.000401","-0.00012","0","11.08","Humid","30.45","0","49.40","254241.63","SABD0002000012","AAV2.0.0.13","4.0.0.2323","PSt7-10","171027-008","9/15/2022 2:43:31 PM","0000-00","0","no battery","V","","µV","","µV"
"10/14/2022","12:04:07","7","default","171425599","OXY_CH7","6.919","min","191.752","μmol/L","Humid","21.411","deg","97659","µV","27.085","°C","1020.000","hPa","36.0","pmil","0","55.700","deg","20.000","°C","100.000","%a.s.","22.210","deg","20.000","°C","971.000","hPa","0.826","-0.01532","0.000401","-0.00012","0","11.08","Humid","30.45","0","49.40","254238.64","SABD0002000012","AAV2.0.0.13","4.0.0.2323","PSt7-10","171027-008","9/15/2022 2:43:31 PM","0000-00","0","no battery","V","","µV","","µV"
"10/14/2022","12:04:08","7","default","171425599","OXY_CH7","6.936","min","191.753","μmol/L","Humid","21.413","deg","97660","µV","27.079","°C","1020.000","hPa","36.0","pmil","0","55.700","deg","20.000","°C","100.000","%a.s.","22.210","deg","20.000","°C","971.000","hPa","0.826","-0.01532","0.000401","-0.00012","0","11.08","Humid","30.45","0","49.40","254239.67","SABD0002000012","AAV2.0.0.13","4.0.0.2323","PSt7-10","171027-008","9/15/2022 2:43:31 PM","0000-00","0","no battery","V","","µV","","µV"
"10/14/2022","12:04:09","7","default","171425599","OXY_CH7","6.953","min","191.683","μmol/L","Humid","21.413","deg","97657","µV","27.091","°C","1020.000","hPa","36.0","pmil","0","55.700","deg","20.000","°C","100.000","%a.s.","22.210","deg","20.000","°C","971.000","hPa","0.826","-0.01532","0.000401","-0.00012","0","11.08","Humid","30.45","0","49.40","254242.48","SABD0002000012","AAV2.0.0.13","4.0.0.2323","PSt7-10","171027-008","9/15/2022 2:43:31 PM","0000-00","0","no battery","V","","µV","","µV"
"10/14/2022","12:04:10","7","default","171425599","OXY_CH7","6.970","min","191.752","μmol/L","Humid","21.411","deg","97657","µV","27.085","°C","1020.000","hPa","36.0","pmil","0","55.700","deg","20.000","°C","100.000","%a.s.","22.210","deg","20.000","°C","971.000","hPa","0.826","-0.01532","0.000401","-0.00012","0","11.08","Humid","30.45","0","49.40","254236.48","SABD0002000012","AAV2.0.0.13","4.0.0.2323","PSt7-10","171027-008","9/15/2022 2:43:31 PM","0000-00","0","no battery","V","","µV","","µV"
"10/14/2022","12:04:11","7","default","171425599","OXY_CH7","6.986","min","191.751","μmol/L","Humid","21.409","deg","97638","µV","27.091","°C","1020.000","hPa","36.0","pmil","0","55.700","deg","20.000","°C","100.000","%a.s.","22.210","deg","20.000","°C","971.000","hPa","0.826","-0.01532","0.000401","-0.00012","0","11.08","Humid","30.45","0","49.40","254226.65","SABD0002000012","AAV2.0.0.13","4.0.0.2323","PSt7-10","171027-008","9/15/2022 2:43:31 PM","0000-00","0","no battery","V","","µV","","µV"
"10/14/2022","12:04:12","7","default","171425599","OXY_CH7","7.003","min","191.769","μmol/L","Humid","21.410","deg","97641","µV","27.085","°C","1020.000","hPa","36.0","pmil","0","55.700","deg","20.000","°C","100.000","%a.s.","22.210","deg","20.000","°C","971.000","hPa","0.826","-0.01532","0.000401","-0.00012","0","11.08","Humid","30.45","0","49.40","254240.34","SABD0002000012","AAV2.0.0.13","4.0.0.2323","PSt7-10","171027-008","9/15/2022 2:43:31 PM","0000-00","0","no battery","V","","µV","","µV"
"10/14/2022","12:04:13","7","default","171425599","OXY_CH7","7.019","min","191.836","μmol/L","Humid","21.406","deg","97637","µV","27.085","°C","1020.000","hPa","36.0","pmil","0","55.700","deg","20.000","°C","100.000","%a.s.","22.210","deg","20.000","°C","971.000","hPa","0.826","-0.01532","0.000401","-0.00012","0","11.08","Humid","30.45","0","49.40","254235.81","SABD0002000012","AAV2.0.0.13","4.0.0.2323","PSt7-10","171027-008","9/15/2022 2:43:31 PM","0000-00","0","no battery","V","","µV","","µV"
"10/14/2022","12:04:14","7","default","171425599","OXY_CH7","7.036","min","191.838","μmol/L","Humid","21.408","deg","97632","µV","27.079","°C","1020.000","hPa","36.0","pmil","0","55.700","deg","20.000","°C","100.000","%a.s.","22.210","deg","20.000","°C","971.000","hPa","0.826","-0.01532","0.000401","-0.00012","0","11.08","Humid","30.45","0","49.40","254241.26","SABD0002000012","AAV2.0.0.13","4.0.0.2323","PSt7-10","171027-008","9/15/2022 2:43:31 PM","0000-00","0","no battery","V","","µV","","µV"
"10/14/2022","12:04:15","7","default","171425599","OXY_CH7","7.053","min","191.870","μmol/L","Humid","21.404","deg","97618","µV","27.085","°C","1020.000","hPa","36.0","pmil","0","55.700","deg","20.000","°C","100.000","%a.s.","22.210","deg","20.000","°C","971.000","hPa","0.826","-0.01532","0.000401","-0.00012","0","11.08","Humid","30.45","0","49.40","254227.68","SABD0002000012","AAV2.0.0.13","4.0.0.2323","PSt7-10","171027-008","9/15/2022 2:43:31 PM","0000-00","0","no battery","V","","µV","","µV"
"10/14/2022","12:04:16","7","default","171425599","OXY_CH7","7.069","min","191.904","μmol/L","Humid","21.402","deg","97618","µV","27.085","°C","1020.000","hPa","36.0","pmil","0","55.700","deg","20.000","°C","100.000","%a.s.","22.210","deg","20.000","°C","971.000","hPa","0.826","-0.01532","0.000401","-0.00012","0","11.08","Humid","30.45","0","49.40","254227.83","SABD0002000012","AAV2.0.0.13","4.0.0.2323","PSt7-10","171027-008","9/15/2022 2:43:31 PM","0000-00","0","no battery","V","","µV","","µV"
"10/14/2022","12:04:17","7","default","171425599","OXY_CH7","7.086","min","191.923","μmol/L","Humid","21.403","deg","97616","µV","27.079","°C","1020.000","hPa","36.0","pmil","0","55.700","deg","20.000","°C","100.000","%a.s.","22.210","deg","20.000","°C","971.000","hPa","0.826","-0.01532","0.000401","-0.00012","0","11.08","Humid","30.45","0","49.40","254233.35","SABD0002000012","AAV2.0.0.13","4.0.0.2323","PSt7-10","171027-008","9/15/2022 2:43:31 PM","0000-00","0","no battery","V","","µV","","µV"
"10/14/2022","12:04:18","7","default","171425599","OXY_CH7","7.103","min","191.904","μmol/L","Humid","21.402","deg","97612","µV","27.085","°C","1020.000","hPa","36.0","pmil","0","55.700","deg","20.000","°C","100.000","%a.s.","22.210","deg","20.000","°C","971.000","hPa","0.826","-0.01532","0.000401","-0.00012","0","11.08","Humid","30.45","0","49.40","254229.03","SABD0002000012","AAV2.0.0.13","4.0.0.2323","PSt7-10","171027-008","9/15/2022 2:43:31 PM","0000-00","0","no battery","V","","µV","","µV"
"10/14/2022","12:04:19","7","default","171425599","OXY_CH7","7.120","min","191.921","μmol/L","Humid","21.401","deg","97612","µV","27.085","°C","1020.000","hPa","36.0","pmil","0","55.700","deg","20.000","°C","100.000","%a.s.","22.210","deg","20.000","°C","971.000","hPa","0.826","-0.01532","0.000401","-0.00012","0","11.08","Humid","30.45","0","49.40","254226.26","SABD0002000012","AAV2.0.0.13","4.0.0.2323","PSt7-10","171027-008","9/15/2022 2:43:31 PM","0000-00","0","no battery","V","","µV","","µV"
"10/14/2022","12:04:20","7","default","171425599","OXY_CH7","7.136","min","192.007","μmol/L","Humid","21.398","deg","97600","µV","27.079","°C","1020.000","hPa","36.0","pmil","0","55.700","deg","20.000","°C","100.000","%a.s.","22.210","deg","20.000","°C","971.000","hPa","0.826","-0.01532","0.000401","-0.00012","0","11.08","Humid","30.45","0","49.40","254225.34","SABD0002000012","AAV2.0.0.13","4.0.0.2323","PSt7-10","171027-008","9/15/2022 2:43:31 PM","0000-00","0","no battery","V","","µV","","µV"
"10/14/2022","12:04:21","7","default","171425599","OXY_CH7","7.153","min","192.024","μmol/L","Humid","21.397","deg","97592","µV","27.079","°C","1020.000","hPa","36.0","pmil","0","55.700","deg","20.000","°C","100.000","%a.s.","22.210","deg","20.000","°C","971.000","hPa","0.826","-0.01532","0.000401","-0.00012","0","11.08","Humid","30.45","0","49.40","254220.19","SABD0002000012","AAV2.0.0.13","4.0.0.2323","PSt7-10","171027-008","9/15/2022 2:43:31 PM","0000-00","0","no battery","V","","µV","","µV"
"10/14/2022","12:04:22","7","default","171425599","OXY_CH7","7.170","min","191.955","μmol/L","Humid","21.399","deg","97588","µV","27.085","°C","1020.000","hPa","36.0","pmil","0","55.700","deg","20.000","°C","100.000","%a.s.","22.210","deg","20.000","°C","971.000","hPa","0.826","-0.01532","0.000401","-0.00012","0","11.08","Humid","30.45","0","49.40","254210.24","SABD0002000012","AAV2.0.0.13","4.0.0.2323","PSt7-10","171027-008","9/15/2022 2:43:31 PM","0000-00","0","no battery","V","","µV","","µV"
"10/14/2022","12:04:23","7","default","171425599","OXY_CH7","7.186","min","192.040","μmol/L","Humid","21.394","deg","97575","µV","27.085","°C","1020.000","hPa","36.0","pmil","0","55.700","deg","20.000","°C","100.000","%a.s.","22.210","deg","20.000","°C","971.000","hPa","0.826","-0.01532","0.000401","-0.00012","0","11.08","Humid","30.45","0","49.40","254214.83","SABD0002000012","AAV2.0.0.13","4.0.0.2323","PSt7-10","171027-008","9/15/2022 2:43:31 PM","0000-00","0","no battery","V","","µV","","µV"
"10/14/2022","12:04:24","7","default","171425599","OXY_CH7","7.202","min","192.074","μmol/L","Humid","21.392","deg","97579","µV","27.085","°C","1020.000","hPa","36.0","pmil","0","55.700","deg","20.000","°C","100.000","%a.s.","22.210","deg","20.000","°C","971.000","hPa","0.826","-0.01532","0.000401","-0.00012","0","11.08","Humid","30.45","0","49.40","254214.46","SABD0002000012","AAV2.0.0.13","4.0.0.2323","PSt7-10","171027-008","9/15/2022 2:43:31 PM","0000-00","0","no battery","V","","µV","","µV"
"10/14/2022","12:04:25","7","default","171425599","OXY_CH7","7.219","min","192.023","μmol/L","Humid","21.395","deg","97572","µV","27.085","°C","1020.000","hPa","36.0","pmil","0","55.700","deg","20.000","°C","100.000","%a.s.","22.210","deg","20.000","°C","971.000","hPa","0.826","-0.01532","0.000401","-0.00012","0","11.08","Humid","30.45","0","49.40","254218.89","SABD0002000012","AAV2.0.0.13","4.0.0.2323","PSt7-10","171027-008","9/15/2022 2:43:31 PM","0000-00","0","no battery","V","","µV","","µV"
"10/14/2022","12:04:26","7","default","171425599","OXY_CH7","7.236","min","192.023","μmol/L","Humid","21.395","deg","97568","µV","27.085","°C","1020.000","hPa","36.0","pmil","0","55.700","deg","20.000","°C","100.000","%a.s.","22.210","deg","20.000","°C","971.000","hPa","0.826","-0.01532","0.000401","-0.00012","0","11.08","Humid","30.45","0","49.40","254208.13","SABD0002000012","AAV2.0.0.13","4.0.0.2323","PSt7-10","171027-008","9/15/2022 2:43:31 PM","0000-00","0","no battery","V","","µV","","µV"
"10/14/2022","12:04:27","7","default","171425599","OXY_CH7","7.253","min","192.126","μmol/L","Humid","21.391","deg","97568","µV","27.079","°C","1020.000","hPa","36.0","pmil","0","55.700","deg","20.000","°C","100.000","%a.s.","22.210","deg","20.000","°C","971.000","hPa","0.826","-0.01532","0.000401","-0.00012","0","11.08","Humid","30.45","0","49.40","254219.21","SABD0002000012","AAV2.0.0.13","4.0.0.2323","PSt7-10","171027-008","9/15/2022 2:43:31 PM","0000-00","0","no battery","V","","µV","","µV"
"10/14/2022","12:04:28","7","default","171425599","OXY_CH7","7.269","min","192.107","μmol/L","Humid","21.390","deg","97561","µV","27.085","°C","1020.000","hPa","36.0","pmil","0","55.700","deg","20.000","°C","100.000","%a.s.","22.210","deg","20.000","°C","971.000","hPa","0.826","-0.01532","0.000401","-0.00012","0","11.08","Humid","30.45","0","49.40","254214.63","SABD0002000012","AAV2.0.0.13","4.0.0.2323","PSt7-10","171027-008","9/15/2022 2:43:31 PM","0000-00","0","no battery","V","","µV","","µV"
"10/14/2022","12:04:29","7","default","171425599","OXY_CH7","7.286","min","192.124","μmol/L","Humid","21.389","deg","97555","µV","27.085","°C","1020.000","hPa","36.0","pmil","0","55.700","deg","20.000","°C","100.000","%a.s.","22.210","deg","20.000","°C","971.000","hPa","0.826","-0.01532","0.000401","-0.00012","0","11.08","Humid","30.45","0","49.40","254220.29","SABD0002000012","AAV2.0.0.13","4.0.0.2323","PSt7-10","171027-008","9/15/2022 2:43:31 PM","0000-00","0","no battery","V","","µV","","µV"
"10/14/2022","12:04:30","7","default","171425599","OXY_CH7","7.303","min","192.074","μmol/L","Humid","21.392","deg","97557","µV","27.085","°C","1020.000","hPa","36.0","pmil","0","55.700","deg","20.000","°C","100.000","%a.s.","22.210","deg","20.000","°C","971.000","hPa","0.826","-0.01532","0.000401","-0.00012","0","11.08","Humid","30.45","0","49.40","254217.25","SABD0002000012","AAV2.0.0.13","4.0.0.2323","PSt7-10","171027-008","9/15/2022 2:43:31 PM","0000-00","0","no battery","V","","µV","","µV"
"10/14/2022","12:04:31","7","default","171425599","OXY_CH7","7.320","min","192.211","μmol/L","Humid","21.386","deg","97553","µV","27.079","°C","1020.000","hPa","36.0","pmil","0","55.700","deg","20.000","°C","100.000","%a.s.","22.210","deg","20.000","°C","971.000","hPa","0.826","-0.01532","0.000401","-0.00012","0","11.08","Humid","30.45","0","49.40","254213.51","SABD0002000012","AAV2.0.0.13","4.0.0.2323","PSt7-10","171027-008","9/15/2022 2:43:31 PM","0000-00","0","no battery","V","","µV","","µV"
"10/14/2022","12:04:32","7","default","171425599","OXY_CH7","7.336","min","192.225","μmol/L","Humid","21.381","deg","97549","µV","27.091","°C","1020.000","hPa","36.0","pmil","0","55.700","deg","20.000","°C","100.000","%a.s.","22.210","deg","20.000","°C","971.000","hPa","0.826","-0.01532","0.000401","-0.00012","0","11.08","Humid","30.45","0","49.40","254215.31","SABD0002000012","AAV2.0.0.13","4.0.0.2323","PSt7-10","171027-008","9/15/2022 2:43:31 PM","0000-00","0","no battery","V","","µV","","µV"
"10/14/2022","12:04:33","7","default","171425599","OXY_CH7","7.352","min","192.158","μmol/L","Humid","21.387","deg","97540","µV","27.085","°C","1020.000","hPa","36.0","pmil","0","55.700","deg","20.000","°C","100.000","%a.s.","22.210","deg","20.000","°C","971.000","hPa","0.826","-0.01532","0.000401","-0.00012","0","11.08","Humid","30.45","0","49.40","254219.43","SABD0002000012","AAV2.0.0.13","4.0.0.2323","PSt7-10","171027-008","9/15/2022 2:43:31 PM","0000-00","0","no battery","V","","µV","","µV"
"10/14/2022","12:04:34","7","default","171425599","OXY_CH7","7.369","min","192.175","μmol/L","Humid","21.386","deg","97540","µV","27.085","°C","1020.000","hPa","36.0","pmil","0","55.700","deg","20.000","°C","100.000","%a.s.","22.210","deg","20.000","°C","971.000","hPa","0.826","-0.01532","0.000401","-0.00012","0","11.08","Humid","30.45","0","49.40","254215.00","SABD0002000012","AAV2.0.0.13","4.0.0.2323","PSt7-10","171027-008","9/15/2022 2:43:31 PM","0000-00","0","no battery","V","","µV","","µV"
"10/14/2022","12:04:35","7","default","171425599","OXY_CH7","7.386","min","192.192","μmol/L","Humid","21.385","deg","97537","µV","27.085","°C","1020.000","hPa","36.0","pmil","0","55.700","deg","20.000","°C","100.000","%a.s.","22.210","deg","20.000","°C","971.000","hPa","0.826","-0.01532","0.000401","-0.00012","0","11.08","Humid","30.45","0","49.40","254205.94","SABD0002000012","AAV2.0.0.13","4.0.0.2323","PSt7-10","171027-008","9/15/2022 2:43:31 PM","0000-00","0","no battery","V","","µV","","µV"
"10/14/2022","12:04:36","7","default","171425599","OXY_CH7","7.403","min","192.192","μmol/L","Humid","21.385","deg","97531","µV","27.085","°C","1020.000","hPa","36.0","pmil","0","55.700","deg","20.000","°C","100.000","%a.s.","22.210","deg","20.000","°C","971.000","hPa","0.826","-0.01532","0.000401","-0.00012","0","11.08","Humid","30.45","0","49.40","254208.38","SABD0002000012","AAV2.0.0.13","4.0.0.2323","PSt7-10","171027-008","9/15/2022 2:43:31 PM","0000-00","0","no battery","V","","µV","","µV"
"10/14/2022","12:04:37","7","default","171425599","OXY_CH7","7.419","min","192.226","μmol/L","Humid","21.383","deg","97522","µV","27.085","°C","1020.000","hPa","36.0","pmil","0","55.700","deg","20.000","°C","100.000","%a.s.","22.210","deg","20.000","°C","971.000","hPa","0.826","-0.01532","0.000401","-0.00012","0","11.08","Humid","30.45","0","49.40","254205.67","SABD0002000012","AAV2.0.0.13","4.0.0.2323","PSt7-10","171027-008","9/15/2022 2:43:31 PM","0000-00","0","no battery","V","","µV","","µV"
"10/14/2022","12:04:38","7","default","171425599","OXY_CH7","7.436","min","192.261","μmol/L","Humid","21.383","deg","97522","µV","27.079","°C","1020.000","hPa","36.0","pmil","0","55.700","deg","20.000","°C","100.000","%a.s.","22.210","deg","20.000","°C","971.000","hPa","0.826","-0.01532","0.000401","-0.00012","0","11.08","Humid","30.45","0","49.40","254206.33","SABD0002000012","AAV2.0.0.13","4.0.0.2323","PSt7-10","171027-008","9/15/2022 2:43:31 PM","0000-00","0","no battery","V","","µV","","µV"
"10/14/2022","12:04:39","7","default","171425599","OXY_CH7","7.453","min","192.259","μmol/L","Humid","21.379","deg","97516","µV","27.091","°C","1020.000","hPa","36.0","pmil","0","55.700","deg","20.000","°C","100.000","%a.s.","22.210","deg","20.000","°C","971.000","hPa","0.826","-0.01532","0.000401","-0.00012","0","11.08","Humid","30.45","0","49.40","254211.49","SABD0002000012","AAV2.0.0.13","4.0.0.2323","PSt7-10","171027-008","9/15/2022 2:43:31 PM","0000-00","0","no battery","V","","µV","","µV"
"10/14/2022","12:04:40","7","default","171425599","OXY_CH7","7.470","min","192.260","μmol/L","Humid","21.381","deg","97507","µV","27.085","°C","1020.000","hPa","36.0","pmil","0","55.700","deg","20.000","°C","100.000","%a.s.","22.210","deg","20.000","°C","971.000","hPa","0.826","-0.01532","0.000401","-0.00012","0","11.08","Humid","30.45","0","49.40","254205.95","SABD0002000012","AAV2.0.0.13","4.0.0.2323","PSt7-10","171027-008","9/15/2022 2:43:31 PM","0000-00","0","no battery","V","","µV","","µV"
"10/14/2022","12:04:41","7","default","171425599","OXY_CH7","7.486","min","192.360","μmol/L","Humid","21.373","deg","97508","µV","27.091","°C","1020.000","hPa","36.0","pmil","0","55.700","deg","20.000","°C","100.000","%a.s.","22.210","deg","20.000","°C","971.000","hPa","0.826","-0.01532","0.000401","-0.00012","0","11.08","Humid","30.45","0","49.40","254204.20","SABD0002000012","AAV2.0.0.13","4.0.0.2323","PSt7-10","171027-008","9/15/2022 2:43:31 PM","0000-00","0","no battery","V","","µV","","µV"
"10/14/2022","12:04:42","7","default","171425599","OXY_CH7","7.502","min","192.413","μmol/L","Humid","21.372","deg","97497","µV","27.085","°C","1020.000","hPa","36.0","pmil","0","55.700","deg","20.000","°C","100.000","%a.s.","22.210","deg","20.000","°C","971.000","hPa","0.826","-0.01532","0.000401","-0.00012","0","11.08","Humid","30.45","0","49.40","254205.65","SABD0002000012","AAV2.0.0.13","4.0.0.2323","PSt7-10","171027-008","9/15/2022 2:43:31 PM","0000-00","0","no battery","V","","µV","","µV"
"10/14/2022","12:04:43","7","default","171425599","OXY_CH7","7.519","min","192.327","μmol/L","Humid","21.375","deg","97493","µV","27.091","°C","1020.000","hPa","36.0","pmil","0","55.700","deg","20.000","°C","100.000","%a.s.","22.210","deg","20.000","°C","971.000","hPa","0.826","-0.01532","0.000401","-0.00012","0","11.08","Humid","30.45","0","49.40","254208.72","SABD0002000012","AAV2.0.0.13","4.0.0.2323","PSt7-10","171027-008","9/15/2022 2:43:31 PM","0000-00","0","no battery","V","","µV","","µV"
"10/14/2022","12:04:44","7","default","171425599","OXY_CH7","7.536","min","192.274","μmol/L","Humid","21.376","deg","97494","µV","27.097","°C","1020.000","hPa","36.0","pmil","0","55.700","deg","20.000","°C","100.000","%a.s.","22.210","deg","20.000","°C","971.000","hPa","0.826","-0.01532","0.000401","-0.00012","0","11.08","Humid","30.45","0","49.40","254205.29","SABD0002000012","AAV2.0.0.13","4.0.0.2323","PSt7-10","171027-008","9/15/2022 2:43:31 PM","0000-00","0","no battery","V","","µV","","µV"
"10/14/2022","12:04:45","7","default","171425599","OXY_CH7","7.553","min","192.380","μmol/L","Humid","21.376","deg","97488","µV","27.079","°C","1020.000","hPa","36.0","pmil","0","55.700","deg","20.000","°C","100.000","%a.s.","22.210","deg","20.000","°C","971.000","hPa","0.826","-0.01532","0.000401","-0.00012","0","11.08","Humid","30.45","0","49.40","254211.35","SABD0002000012","AAV2.0.0.13","4.0.0.2323","PSt7-10","171027-008","9/15/2022 2:43:31 PM","0000-00","0","no battery","V","","µV","","µV"
"10/14/2022","12:04:46","7","default","171425599","OXY_CH7","7.569","min","192.396","μmol/L","Humid","21.373","deg","97481","µV","27.085","°C","1020.000","hPa","36.0","pmil","0","55.700","deg","20.000","°C","100.000","%a.s.","22.210","deg","20.000","°C","971.000","hPa","0.826","-0.01532","0.000401","-0.00012","0","11.08","Humid","30.45","0","49.40","254209.46","SABD0002000012","AAV2.0.0.13","4.0.0.2323","PSt7-10","171027-008","9/15/2022 2:43:31 PM","0000-00","0","no battery","V","","µV","","µV"
"10/14/2022","12:04:47","7","default","171425599","OXY_CH7","7.586","min","192.411","μmol/L","Humid","21.370","deg","97476","µV","27.091","°C","1020.000","hPa","36.0","pmil","0","55.700","deg","20.000","°C","100.000","%a.s.","22.210","deg","20.000","°C","971.000","hPa","0.826","-0.01532","0.000401","-0.00012","0","11.08","Humid","30.45","0","49.40","254196.69","SABD0002000012","AAV2.0.0.13","4.0.0.2323","PSt7-10","171027-008","9/15/2022 2:43:31 PM","0000-00","0","no battery","V","","µV","","µV"
"10/14/2022","12:04:48","7","default","171425599","OXY_CH7","7.603","min","192.359","μmol/L","Humid","21.371","deg","97472","µV","27.097","°C","1020.000","hPa","36.0","pmil","0","55.700","deg","20.000","°C","100.000","%a.s.","22.210","deg","20.000","°C","971.000","hPa","0.826","-0.01532","0.000401","-0.00012","0","11.08","Humid","30.45","0","49.40","254208.53","SABD0002000012","AAV2.0.0.13","4.0.0.2323","PSt7-10","171027-008","9/15/2022 2:43:31 PM","0000-00","0","no battery","V","","µV","","µV"
"10/14/2022","12:04:49","7","default","171425599","OXY_CH7","7.620","min","192.498","μmol/L","Humid","21.367","deg","97467","µV","27.085","°C","1020.000","hPa","36.0","pmil","0","55.700","deg","20.000","°C","100.000","%a.s.","22.210","deg","20.000","°C","971.000","hPa","0.826","-0.01532","0.000401","-0.00012","0","11.08","Humid","30.45","0","49.40","254191.68","SABD0002000012","AAV2.0.0.13","4.0.0.2323","PSt7-10","171027-008","9/15/2022 2:43:31 PM","0000-00","0","no battery","V","","µV","","µV"
"10/14/2022","12:04:50","7","default","171425599","OXY_CH7","7.636","min","192.394","μmol/L","Humid","21.371","deg","97465","µV","27.091","°C","1020.000","hPa","36.0","pmil","0","55.700","deg","20.000","°C","100.000","%a.s.","22.210","deg","20.000","°C","971.000","hPa","0.826","-0.01532","0.000401","-0.00012","0","11.08","Humid","30.45","0","49.40","254202.45","SABD0002000012","AAV2.0.0.13","4.0.0.2323","PSt7-10","171027-008","9/15/2022 2:43:31 PM","0000-00","0","no battery","V","","µV","","µV"
"10/14/2022","12:04:51","7","default","171425599","OXY_CH7","7.652","min","192.394","μmol/L","Humid","21.371","deg","97457","µV","27.091","°C","1020.000","hPa","36.0","pmil","0","55.700","deg","20.000","°C","100.000","%a.s.","22.210","deg","20.000","°C","971.000","hPa","0.826","-0.01532","0.000401","-0.00012","0","11.08","Humid","30.45","0","49.40","254197.43","SABD0002000012","AAV2.0.0.13","4.0.0.2323","PSt7-10","171027-008","9/15/2022 2:43:31 PM","0000-00","0","no battery","V","","µV","","µV"
"10/14/2022","12:04:52","7","default","171425599","OXY_CH7","7.669","min","192.481","μmol/L","Humid","21.368","deg","97454","µV","27.085","°C","1020.000","hPa","36.0","pmil","0","55.700","deg","20.000","°C","100.000","%a.s.","22.210","deg","20.000","°C","971.000","hPa","0.826","-0.01532","0.000401","-0.00012","0","11.08","Humid","30.45","0","49.40","254204.77","SABD0002000012","AAV2.0.0.13","4.0.0.2323","PSt7-10","171027-008","9/15/2022 2:43:31 PM","0000-00","0","no battery","V","","µV","","µV"
"10/14/2022","12:04:53","7","default","171425599","OXY_CH7","7.686","min","192.495","μmol/L","Humid","21.363","deg","97448","µV","27.097","°C","1020.000","hPa","36.0","pmil","0","55.700","deg","20.000","°C","100.000","%a.s.","22.210","deg","20.000","°C","971.000","hPa","0.826","-0.01532","0.000401","-0.00012","0","11.08","Humid","30.45","0","49.40","254204.72","SABD0002000012","AAV2.0.0.13","4.0.0.2323","PSt7-10","171027-008","9/15/2022 2:43:31 PM","0000-00","0","no battery","V","","µV","","µV"
"10/14/2022","12:04:54","7","default","171425599","OXY_CH7","7.703","min","192.566","μmol/L","Humid","21.363","deg","97449","µV","27.085","°C","1020.000","hPa","36.0","pmil","0","55.700","deg","20.000","°C","100.000","%a.s.","22.210","deg","20.000","°C","971.000","hPa","0.826","-0.01532","0.000401","-0.00012","0","11.08","Humid","30.45","0","49.40","254195.61","SABD0002000012","AAV2.0.0.13","4.0.0.2323","PSt7-10","171027-008","9/15/2022 2:43:31 PM","0000-00","0","no battery","V","","µV","","µV"
"10/14/2022","12:04:55","7","default","171425599","OXY_CH7","7.720","min","192.550","μmol/L","Humid","21.366","deg","97439","µV","27.079","°C","1020.000","hPa","36.0","pmil","0","55.700","deg","20.000","°C","100.000","%a.s.","22.210","deg","20.000","°C","971.000","hPa","0.826","-0.01532","0.000401","-0.00012","0","11.08","Humid","30.45","0","49.40","254192.24","SABD0002000012","AAV2.0.0.13","4.0.0.2323","PSt7-10","171027-008","9/15/2022 2:43:31 PM","0000-00","0","no battery","V","","µV","","µV"
"10/14/2022","12:04:56","7","default","171425599","OXY_CH7","7.736","min","192.549","μmol/L","Humid","21.364","deg","97441","µV","27.085","°C","1020.000","hPa","36.0","pmil","0","55.700","deg","20.000","°C","100.000","%a.s.","22.210","deg","20.000","°C","971.000","hPa","0.826","-0.01532","0.000401","-0.00012","0","11.08","Humid","30.45","0","49.40","254201.55","SABD0002000012","AAV2.0.0.13","4.0.0.2323","PSt7-10","171027-008","9/15/2022 2:43:31 PM","0000-00","0","no battery","V","","µV","","µV"
"10/14/2022","12:04:57","7","default","171425599","OXY_CH7","7.753","min","192.477","μmol/L","Humid","21.362","deg","97433","µV","27.103","°C","1020.000","hPa","36.0","pmil","0","55.700","deg","20.000","°C","100.000","%a.s.","22.210","deg","20.000","°C","971.000","hPa","0.826","-0.01532","0.000401","-0.00012","0","11.08","Humid","30.45","0","49.40","254193.87","SABD0002000012","AAV2.0.0.13","4.0.0.2323","PSt7-10","171027-008","9/15/2022 2:43:31 PM","0000-00","0","no battery","V","","µV","","µV"
"10/14/2022","12:04:58","7","default","171425599","OXY_CH7","7.770","min","192.564","μmol/L","Humid","21.361","deg","97427","µV","27.091","°C","1020.000","hPa","36.0","pmil","0","55.700","deg","20.000","°C","100.000","%a.s.","22.210","deg","20.000","°C","971.000","hPa","0.826","-0.01532","0.000401","-0.00012","0","11.08","Humid","30.45","0","49.40","254193.84","SABD0002000012","AAV2.0.0.13","4.0.0.2323","PSt7-10","171027-008","9/15/2022 2:43:31 PM","0000-00","0","no battery","V","","µV","","µV"
"10/14/2022","12:04:59","7","default","171425599","OXY_CH7","7.786","min","192.598","μmol/L","Humid","21.359","deg","97420","µV","27.091","°C","1020.000","hPa","36.0","pmil","0","55.700","deg","20.000","°C","100.000","%a.s.","22.210","deg","20.000","°C","971.000","hPa","0.826","-0.01532","0.000401","-0.00012","0","11.08","Humid","30.45","0","49.40","254193.93","SABD0002000012","AAV2.0.0.13","4.0.0.2323","PSt7-10","171027-008","9/15/2022 2:43:31 PM","0000-00","0","no battery","V","","µV","","µV"
"10/14/2022","12:05:00","7","default","171425599","OXY_CH7","7.803","min","192.632","μmol/L","Humid","21.357","deg","97420","µV","27.091","°C","1020.000","hPa","36.0","pmil","0","55.700","deg","20.000","°C","100.000","%a.s.","22.210","deg","20.000","°C","971.000","hPa","0.826","-0.01532","0.000401","-0.00012","0","11.08","Humid","30.45","0","49.40","254182.40","SABD0002000012","AAV2.0.0.13","4.0.0.2323","PSt7-10","171027-008","9/15/2022 2:43:31 PM","0000-00","0","no battery","V","","µV","","µV"
"10/14/2022","12:05:01","7","default","171425599","OXY_CH7","7.820","min","192.617","μmol/L","Humid","21.360","deg","97421","µV","27.085","°C","1020.000","hPa","36.0","pmil","0","55.700","deg","20.000","°C","100.000","%a.s.","22.210","deg","20.000","°C","971.000","hPa","0.826","-0.01532","0.000401","-0.00012","0","11.08","Humid","30.45","0","49.40","254183.35","SABD0002000012","AAV2.0.0.13","4.0.0.2323","PSt7-10","171027-008","9/15/2022 2:43:31 PM","0000-00","0","no battery","V","","µV","","µV"
"10/14/2022","12:05:02","7","default","171425599","OXY_CH7","7.836","min","192.615","μmol/L","Humid","21.358","deg","97407","µV","27.091","°C","1020.000","hPa","36.0","pmil","0","55.700","deg","20.000","°C","100.000","%a.s.","22.210","deg","20.000","°C","971.000","hPa","0.826","-0.01532","0.000401","-0.00012","0","11.08","Humid","30.45","0","49.40","254189.68","SABD0002000012","AAV2.0.0.13","4.0.0.2323","PSt7-10","171027-008","9/15/2022 2:43:31 PM","0000-00","0","no battery","V","","µV","","µV"
"10/14/2022","12:05:03","7","default","171425599","OXY_CH7","7.852","min","192.666","μmol/L","Humid","21.355","deg","97399","µV","27.091","°C","1020.000","hPa","36.0","pmil","0","55.700","deg","20.000","°C","100.000","%a.s.","22.210","deg","20.000","°C","971.000","hPa","0.826","-0.01532","0.000401","-0.00012","0","11.08","Humid","30.45","0","49.40","254183.72","SABD0002000012","AAV2.0.0.13","4.0.0.2323","PSt7-10","171027-008","9/15/2022 2:43:31 PM","0000-00","0","no battery","V","","µV","","µV"
"10/14/2022","12:05:04","7","default","171425599","OXY_CH7","7.869","min","192.700","μmol/L","Humid","21.353","deg","97396","µV","27.091","°C","1020.000","hPa","36.0","pmil","0","55.700","deg","20.000","°C","100.000","%a.s.","22.210","deg","20.000","°C","971.000","hPa","0.826","-0.01532","0.000401","-0.00012","0","11.08","Humid","30.45","0","49.40","254189.92","SABD0002000012","AAV2.0.0.13","4.0.0.2323","PSt7-10","171027-008","9/15/2022 2:43:31 PM","0000-00","0","no battery","V","","µV","","µV"
"10/14/2022","12:05:05","7","default","171425599","OXY_CH7","7.886","min","192.751","μmol/L","Humid","21.350","deg","97390","µV","27.091","°C","1020.000","hPa","36.0","pmil","0","55.700","deg","20.000","°C","100.000","%a.s.","22.210","deg","20.000","°C","971.000","hPa","0.826","-0.01532","0.000401","-0.00012","0","11.08","Humid","30.45","0","49.40","254185.39","SABD0002000012","AAV2.0.0.13","4.0.0.2323","PSt7-10","171027-008","9/15/2022 2:43:31 PM","0000-00","0","no battery","V","","µV","","µV"
"10/14/2022","12:05:06","7","default","171425599","OXY_CH7","7.903","min","192.750","μmol/L","Humid","21.348","deg","97389","µV","27.097","°C","1020.000","hPa","36.0","pmil","0","55.700","deg","20.000","°C","100.000","%a.s.","22.210","deg","20.000","°C","971.000","hPa","0.826","-0.01532","0.000401","-0.00012","0","11.08","Humid","30.45","0","49.40","254171.07","SABD0002000012","AAV2.0.0.13","4.0.0.2323","PSt7-10","171027-008","9/15/2022 2:43:31 PM","0000-00","0","no battery","V","","µV","","µV"
"10/14/2022","12:05:07","7","default","171425599","OXY_CH7","7.920","min","192.734","μmol/L","Humid","21.351","deg","97381","µV","27.091","°C","1020.000","hPa","36.0","pmil","0","55.700","deg","20.000","°C","100.000","%a.s.","22.210","deg","20.000","°C","971.000","hPa","0.826","-0.01532","0.000401","-0.00012","0","11.08","Humid","30.45","0","49.40","254176.76","SABD0002000012","AAV2.0.0.13","4.0.0.2323","PSt7-10","171027-008","9/15/2022 2:43:31 PM","0000-00","0","no battery","V","","µV","","µV"
"10/14/2022","12:05:08","7","default","171425599","OXY_CH7","7.936","min","192.716","μmol/L","Humid","21.350","deg","97376","µV","27.097","°C","1020.000","hPa","36.0","pmil","0","55.700","deg","20.000","°C","100.000","%a.s.","22.210","deg","20.000","°C","971.000","hPa","0.826","-0.01532","0.000401","-0.00012","0","11.08","Humid","30.45","0","49.40","254165.05","SABD0002000012","AAV2.0.0.13","4.0.0.2323","PSt7-10","171027-008","9/15/2022 2:43:31 PM","0000-00","0","no battery","V","","µV","","µV"
"10/14/2022","12:05:09","7","default","171425599","OXY_CH7","7.953","min","192.767","μmol/L","Humid","21.347","deg","97372","µV","27.097","°C","1020.000","hPa","36.0","pmil","0","55.700","deg","20.000","°C","100.000","%a.s.","22.210","deg","20.000","°C","971.000","hPa","0.826","-0.01532","0.000401","-0.00012","0","11.08","Humid","30.45","0","49.40","254179.71","SABD0002000012","AAV2.0.0.13","4.0.0.2323","PSt7-10","171027-008","9/15/2022 2:43:31 PM","0000-00","0","no battery","V","","µV","","µV"
"10/14/2022","12:05:10","7","default","171425599","OXY_CH7","7.970","min","192.803","μmol/L","Humid","21.347","deg","97365","µV","27.091","°C","1020.000","hPa","36.0","pmil","0","55.700","deg","20.000","°C","100.000","%a.s.","22.210","deg","20.000","°C","971.000","hPa","0.826","-0.01532","0.000401","-0.00012","0","11.08","Humid","30.45","0","49.40","254153.78","SABD0002000012","AAV2.0.0.13","4.0.0.2323","PSt7-10","171027-008","9/15/2022 2:43:31 PM","0000-00","0","no battery","V","","µV","","µV"
"10/14/2022","12:05:11","7","default","171425599","OXY_CH7","7.986","min","192.786","μmol/L","Humid","21.348","deg","97370","µV","27.091","°C","1020.000","hPa","36.0","pmil","0","55.700","deg","20.000","°C","100.000","%a.s.","22.210","deg","20.000","°C","971.000","hPa","0.826","-0.01532","0.000401","-0.00012","0","11.08","Humid","30.45","0","49.40","254155.21","SABD0002000012","AAV2.0.0.13","4.0.0.2323","PSt7-10","171027-008","9/15/2022 2:43:31 PM","0000-00","0","no battery","V","","µV","","µV"
"10/14/2022","12:05:12","7","default","171425599","OXY_CH7","8.002","min","192.820","μmol/L","Humid","21.346","deg","97358","µV","27.091","°C","1020.000","hPa","36.0","pmil","0","55.700","deg","20.000","°C","100.000","%a.s.","22.210","deg","20.000","°C","971.000","hPa","0.826","-0.01532","0.000401","-0.00012","0","11.08","Humid","30.45","0","49.40","254175.05","SABD0002000012","AAV2.0.0.13","4.0.0.2323","PSt7-10","171027-008","9/15/2022 2:43:31 PM","0000-00","0","no battery","V","","µV","","µV"
"10/14/2022","12:05:13","7","default","171425599","OXY_CH7","8.019","min","192.852","μmol/L","Humid","21.342","deg","97361","µV","27.097","°C","1020.000","hPa","36.0","pmil","0","55.700","deg","20.000","°C","100.000","%a.s.","22.210","deg","20.000","°C","971.000","hPa","0.826","-0.01532","0.000401","-0.00012","0","11.08","Humid","30.45","0","49.40","254162.22","SABD0002000012","AAV2.0.0.13","4.0.0.2323","PSt7-10","171027-008","9/15/2022 2:43:31 PM","0000-00","0","no battery","V","","µV","","µV"
"10/14/2022","12:05:14","7","default","171425599","OXY_CH7","8.036","min","192.922","μmol/L","Humid","21.340","deg","97346","µV","27.091","°C","1020.000","hPa","36.0","pmil","0","55.700","deg","20.000","°C","100.000","%a.s.","22.210","deg","20.000","°C","971.000","hPa","0.826","-0.01532","0.000401","-0.00012","0","11.08","Humid","30.45","0","49.40","254155.77","SABD0002000012","AAV2.0.0.13","4.0.0.2323","PSt7-10","171027-008","9/15/2022 2:43:31 PM","0000-00","0","no battery","V","","µV","","µV"
"10/14/2022","12:05:15","7","default","171425599","OXY_CH7","8.053","min","192.854","μmol/L","Humid","21.344","deg","97343","µV","27.091","°C","1020.000","hPa","36.0","pmil","0","55.700","deg","20.000","°C","100.000","%a.s.","22.210","deg","20.000","°C","971.000","hPa","0.826","-0.01532","0.000401","-0.00012","0","11.08","Humid","30.45","0","49.40","254167.71","SABD0002000012","AAV2.0.0.13","4.0.0.2323","PSt7-10","171027-008","9/15/2022 2:43:31 PM","0000-00","0","no battery","V","","µV","","µV"
"10/14/2022","12:05:16","7","default","171425599","OXY_CH7","8.069","min","192.801","μmol/L","Humid","21.345","deg","97336","µV","27.097","°C","1020.000","hPa","36.0","pmil","0","55.700","deg","20.000","°C","100.000","%a.s.","22.210","deg","20.000","°C","971.000","hPa","0.826","-0.01532","0.000401","-0.00012","0","11.08","Humid","30.45","0","49.40","254167.54","SABD0002000012","AAV2.0.0.13","4.0.0.2323","PSt7-10","171027-008","9/15/2022 2:43:31 PM","0000-00","0","no battery","V","","µV","","µV"
"10/14/2022","12:05:17","7","default","171425599","OXY_CH7","8.086","min","192.886","μmol/L","Humid","21.340","deg","97336","µV","27.097","°C","1020.000","hPa","36.0","pmil","0","55.700","deg","20.000","°C","100.000","%a.s.","22.210","deg","20.000","°C","971.000","hPa","0.826","-0.01532","0.000401","-0.00012","0","11.08","Humid","30.45","0","49.40","254163.88","SABD0002000012","AAV2.0.0.13","4.0.0.2323","PSt7-10","171027-008","9/15/2022 2:43:31 PM","0000-00","0","no battery","V","","µV","","µV"
"10/14/2022","12:05:18","7","default","171425599","OXY_CH7","8.103","min","192.903","μmol/L","Humid","21.339","deg","97328","µV","27.097","°C","1020.000","hPa","36.0","pmil","0","55.700","deg","20.000","°C","100.000","%a.s.","22.210","deg","20.000","°C","971.000","hPa","0.826","-0.01532","0.000401","-0.00012","0","11.08","Humid","30.45","0","49.40","254163.27","SABD0002000012","AAV2.0.0.13","4.0.0.2323","PSt7-10","171027-008","9/15/2022 2:43:31 PM","0000-00","0","no battery","V","","µV","","µV"
"10/14/2022","12:05:19","7","default","171425599","OXY_CH7","8.120","min","192.920","μmol/L","Humid","21.338","deg","97320","µV","27.097","°C","1020.000","hPa","36.0","pmil","0","55.700","deg","20.000","°C","100.000","%a.s.","22.210","deg","20.000","°C","971.000","hPa","0.826","-0.01532","0.000401","-0.00012","0","11.08","Humid","30.45","0","49.40","254169.41","SABD0002000012","AAV2.0.0.13","4.0.0.2323","PSt7-10","171027-008","9/15/2022 2:43:31 PM","0000-00","0","no battery","V","","µV","","µV"
"10/14/2022","12:05:20","7","default","171425599","OXY_CH7","8.136","min","193.024","μmol/L","Humid","21.334","deg","97321","µV","27.091","°C","1020.000","hPa","36.0","pmil","0","55.700","deg","20.000","°C","100.000","%a.s.","22.210","deg","20.000","°C","971.000","hPa","0.826","-0.01532","0.000401","-0.00012","0","11.08","Humid","30.45","0","49.40","254174.33","SABD0002000012","AAV2.0.0.13","4.0.0.2323","PSt7-10","171027-008","9/15/2022 2:43:31 PM","0000-00","0","no battery","V","","µV","","µV"
"10/14/2022","12:05:21","7","default","171425599","OXY_CH7","8.153","min","192.973","μmol/L","Humid","21.337","deg","97309","µV","27.091","°C","1020.000","hPa","36.0","pmil","0","55.700","deg","20.000","°C","100.000","%a.s.","22.210","deg","20.000","°C","971.000","hPa","0.826","-0.01532","0.000401","-0.00012","0","11.08","Humid","30.45","0","49.40","254175.48","SABD0002000012","AAV2.0.0.13","4.0.0.2323","PSt7-10","171027-008","9/15/2022 2:43:31 PM","0000-00","0","no battery","V","","µV","","µV"
"10/14/2022","12:05:22","7","default","171425599","OXY_CH7","8.169","min","193.041","μmol/L","Humid","21.333","deg","97310","µV","27.091","°C","1020.000","hPa","36.0","pmil","0","55.700","deg","20.000","°C","100.000","%a.s.","22.210","deg","20.000","°C","971.000","hPa","0.826","-0.01532","0.000401","-0.00012","0","11.08","Humid","30.45","0","49.40","254162.19","SABD0002000012","AAV2.0.0.13","4.0.0.2323","PSt7-10","171027-008","9/15/2022 2:43:31 PM","0000-00","0","no battery","V","","µV","","µV"
"10/14/2022","12:05:23","7","default","171425599","OXY_CH7","8.186","min","193.006","μmol/L","Humid","21.333","deg","97309","µV","27.097","°C","1020.000","hPa","36.0","pmil","0","55.700","deg","20.000","°C","100.000","%a.s.","22.210","deg","20.000","°C","971.000","hPa","0.826","-0.01532","0.000401","-0.00012","0","11.08","Humid","30.45","0","49.40","254167.97","SABD0002000012","AAV2.0.0.13","4.0.0.2323","PSt7-10","171027-008","9/15/2022 2:43:31 PM","0000-00","0","no battery","V","","µV","","µV"
"10/14/2022","12:05:24","7","default","171425599","OXY_CH7","8.203","min","193.006","μmol/L","Humid","21.333","deg","97300","µV","27.097","°C","1020.000","hPa","36.0","pmil","0","55.700","deg","20.000","°C","100.000","%a.s.","22.210","deg","20.000","°C","971.000","hPa","0.826","-0.01532","0.000401","-0.00012","0","11.08","Humid","30.45","0","49.40","254171.78","SABD0002000012","AAV2.0.0.13","4.0.0.2323","PSt7-10","171027-008","9/15/2022 2:43:31 PM","0000-00","0","no battery","V","","µV","","µV"
"10/14/2022","12:05:25","7","default","171425599","OXY_CH7","8.219","min","193.092","μmol/L","Humid","21.330","deg","97295","µV","27.091","°C","1020.000","hPa","36.0","pmil","0","55.700","deg","20.000","°C","100.000","%a.s.","22.210","deg","20.000","°C","971.000","hPa","0.826","-0.01532","0.000401","-0.00012","0","11.08","Humid","30.45","0","49.40","254160.85","SABD0002000012","AAV2.0.0.13","4.0.0.2323","PSt7-10","171027-008","9/15/2022 2:43:31 PM","0000-00","0","no battery","V","","µV","","µV"
"10/14/2022","12:05:26","7","default","171425599","OXY_CH7","8.236","min","193.040","μmol/L","Humid","21.331","deg","97296","µV","27.097","°C","1020.000","hPa","36.0","pmil","0","55.700","deg","20.000","°C","100.000","%a.s.","22.210","deg","20.000","°C","971.000","hPa","0.826","-0.01532","0.000401","-0.00012","0","11.08","Humid","30.45","0","49.40","254163.72","SABD0002000012","AAV2.0.0.13","4.0.0.2323","PSt7-10","171027-008","9/15/2022 2:43:31 PM","0000-00","0","no battery","V","","µV","","µV"
"10/14/2022","12:05:27","7","default","171425599","OXY_CH7","8.253","min","193.057","μmol/L","Humid","21.330","deg","97290","µV","27.097","°C","1020.000","hPa","36.0","pmil","0","55.700","deg","20.000","°C","100.000","%a.s.","22.210","deg","20.000","°C","971.000","hPa","0.826","-0.01532","0.000401","-0.00012","0","11.08","Humid","30.45","0","49.40","254157.04","SABD0002000012","AAV2.0.0.13","4.0.0.2323","PSt7-10","171027-008","9/15/2022 2:43:31 PM","0000-00","0","no battery","V","","µV","","µV"
"10/14/2022","12:05:28","7","default","171425599","OXY_CH7","8.270","min","193.091","μmol/L","Humid","21.328","deg","97290","µV","27.097","°C","1020.000","hPa","36.0","pmil","0","55.700","deg","20.000","°C","100.000","%a.s.","22.210","deg","20.000","°C","971.000","hPa","0.826","-0.01532","0.000401","-0.00012","0","11.08","Humid","30.45","0","49.40","254160.68","SABD0002000012","AAV2.0.0.13","4.0.0.2323","PSt7-10","171027-008","9/15/2022 2:43:31 PM","0000-00","0","no battery","V","","µV","","µV"
"10/14/2022","12:05:29","7","default","171425599","OXY_CH7","8.286","min","193.145","μmol/L","Humid","21.329","deg","97276","µV","27.085","°C","1020.000","hPa","36.0","pmil","0","55.700","deg","20.000","°C","100.000","%a.s.","22.210","deg","20.000","°C","971.000","hPa","0.826","-0.01532","0.000401","-0.00012","0","11.08","Humid","30.45","0","49.40","254165.09","SABD0002000012","AAV2.0.0.13","4.0.0.2323","PSt7-10","171027-008","9/15/2022 2:43:31 PM","0000-00","0","no battery","V","","µV","","µV"
"10/14/2022","12:05:30","7","default","171425599","OXY_CH7","8.303","min","193.057","μmol/L","Humid","21.330","deg","97275","µV","27.097","°C","1020.000","hPa","36.0","pmil","0","55.700","deg","20.000","°C","100.000","%a.s.","22.210","deg","20.000","°C","971.000","hPa","0.826","-0.01532","0.000401","-0.00012","0","11.08","Humid","30.45","0","49.40","254154.47","SABD0002000012","AAV2.0.0.13","4.0.0.2323","PSt7-10","171027-008","9/15/2022 2:43:31 PM","0000-00","0","no battery","V","","µV","","µV"
"10/14/2022","12:05:31","7","default","171425599","OXY_CH7","8.319","min","193.125","μmol/L","Humid","21.326","deg","97269","µV","27.097","°C","1020.000","hPa","36.0","pmil","0","55.700","deg","20.000","°C","100.000","%a.s.","22.210","deg","20.000","°C","971.000","hPa","0.826","-0.01532","0.000401","-0.00012","0","11.08","Humid","30.45","0","49.40","254158.32","SABD0002000012","AAV2.0.0.13","4.0.0.2323","PSt7-10","171027-008","9/15/2022 2:43:31 PM","0000-00","0","no battery","V","","µV","","µV"
"10/14/2022","12:05:32","7","default","171425599","OXY_CH7","8.336","min","193.212","μmol/L","Humid","21.323","deg","97267","µV","27.091","°C","1020.000","hPa","36.0","pmil","0","55.700","deg","20.000","°C","100.000","%a.s.","22.210","deg","20.000","°C","971.000","hPa","0.826","-0.01532","0.000401","-0.00012","0","11.08","Humid","30.45","0","49.40","254160.89","SABD0002000012","AAV2.0.0.13","4.0.0.2323","PSt7-10","171027-008","9/15/2022 2:43:31 PM","0000-00","0","no battery","V","","µV","","µV"
"10/14/2022","12:05:33","7","default","171425599","OXY_CH7","8.352","min","193.142","μmol/L","Humid","21.325","deg","97260","µV","27.097","°C","1020.000","hPa","36.0","pmil","0","55.700","deg","20.000","°C","100.000","%a.s.","22.210","deg","20.000","°C","971.000","hPa","0.826","-0.01532","0.000401","-0.00012","0","11.08","Humid","30.45","0","49.40","254156.17","SABD0002000012","AAV2.0.0.13","4.0.0.2323","PSt7-10","171027-008","9/15/2022 2:43:31 PM","0000-00","0","no battery","V","","µV","","µV"
"10/14/2022","12:05:34","7","default","171425599","OXY_CH7","8.369","min","193.280","μmol/L","Humid","21.319","deg","97262","µV","27.091","°C","1020.000","hPa","36.0","pmil","0","55.700","deg","20.000","°C","100.000","%a.s.","22.210","deg","20.000","°C","971.000","hPa","0.826","-0.01532","0.000401","-0.00012","0","11.08","Humid","30.45","0","49.40","254157.56","SABD0002000012","AAV2.0.0.13","4.0.0.2323","PSt7-10","171027-008","9/15/2022 2:43:31 PM","0000-00","0","no battery","V","","µV","","µV"
"10/14/2022","12:05:35","7","default","171425599","OXY_CH7","8.386","min","193.159","μmol/L","Humid","21.324","deg","97256","µV","27.097","°C","1020.000","hPa","36.0","pmil","0","55.700","deg","20.000","°C","100.000","%a.s.","22.210","deg","20.000","°C","971.000","hPa","0.826","-0.01532","0.000401","-0.00012","0","11.08","Humid","30.45","0","49.40","254157.68","SABD0002000012","AAV2.0.0.13","4.0.0.2323","PSt7-10","171027-008","9/15/2022 2:43:31 PM","0000-00","0","no battery","V","","µV","","µV"
"10/14/2022","12:05:36","7","default","171425599","OXY_CH7","8.403","min","193.246","μmol/L","Humid","21.321","deg","97247","µV","27.091","°C","1020.000","hPa","36.0","pmil","0","55.700","deg","20.000","°C","100.000","%a.s.","22.210","deg","20.000","°C","971.000","hPa","0.826","-0.01532","0.000401","-0.00012","0","11.08","Humid","30.45","0","49.40","254150.63","SABD0002000012","AAV2.0.0.13","4.0.0.2323","PSt7-10","171027-008","9/15/2022 2:43:31 PM","0000-00","0","no battery","V","","µV","","µV"
"10/14/2022","12:05:37","7","default","171425599","OXY_CH7","8.420","min","193.297","μmol/L","Humid","21.318","deg","97242","µV","27.091","°C","1020.000","hPa","36.0","pmil","0","55.700","deg","20.000","°C","100.000","%a.s.","22.210","deg","20.000","°C","971.000","hPa","0.826","-0.01532","0.000401","-0.00012","0","11.08","Humid","30.45","0","49.40","254137.85","SABD0002000012","AAV2.0.0.13","4.0.0.2323","PSt7-10","171027-008","9/15/2022 2:43:31 PM","0000-00","0","no battery","V","","µV","","µV"
"10/14/2022","12:05:38","7","default","171425599","OXY_CH7","8.436","min","193.210","μmol/L","Humid","21.321","deg","97227","µV","27.097","°C","1020.000","hPa","36.0","pmil","0","55.700","deg","20.000","°C","100.000","%a.s.","22.210","deg","20.000","°C","971.000","hPa","0.826","-0.01532","0.000401","-0.00012","0","11.08","Humid","30.45","0","49.40","254155.82","SABD0002000012","AAV2.0.0.13","4.0.0.2323","PSt7-10","171027-008","9/15/2022 2:43:31 PM","0000-00","0","no battery","V","","µV","","µV"
"10/14/2022","12:05:39","7","default","171425599","OXY_CH7","8.453","min","193.314","μmol/L","Humid","21.317","deg","97226","µV","27.091","°C","1020.000","hPa","36.0","pmil","0","55.700","deg","20.000","°C","100.000","%a.s.","22.210","deg","20.000","°C","971.000","hPa","0.826","-0.01532","0.000401","-0.00012","0","11.08","Humid","30.45","0","49.40","254147.28","SABD0002000012","AAV2.0.0.13","4.0.0.2323","PSt7-10","171027-008","9/15/2022 2:43:31 PM","0000-00","0","no battery","V","","µV","","µV"
"10/14/2022","12:05:40","7","default","171425599","OXY_CH7","8.470","min","193.244","μmol/L","Humid","21.319","deg","97226","µV","27.097","°C","1020.000","hPa","36.0","pmil","0","55.700","deg","20.000","°C","100.000","%a.s.","22.210","deg","20.000","°C","971.000","hPa","0.826","-0.01532","0.000401","-0.00012","0","11.08","Humid","30.45","0","49.40","254152.22","SABD0002000012","AAV2.0.0.13","4.0.0.2323","PSt7-10","171027-008","9/15/2022 2:43:31 PM","0000-00","0","no battery","V","","µV","","µV"
"10/14/2022","12:05:41","7","default","171425599","OXY_CH7","8.486","min","193.348","μmol/L","Humid","21.315","deg","97222","µV","27.091","°C","1020.000","hPa","36.0","pmil","0","55.700","deg","20.000","°C","100.000","%a.s.","22.210","deg","20.000","°C","971.000","hPa","0.826","-0.01532","0.000401","-0.00012","0","11.08","Humid","30.45","0","49.40","254130.32","SABD0002000012","AAV2.0.0.13","4.0.0.2323","PSt7-10","171027-008","9/15/2022 2:43:31 PM","0000-00","0","no battery","V","","µV","","µV"
"10/14/2022","12:05:42","7","default","171425599","OXY_CH7","8.502","min","193.313","μmol/L","Humid","21.315","deg","97223","µV","27.097","°C","1020.000","hPa","36.0","pmil","0","55.700","deg","20.000","°C","100.000","%a.s.","22.210","deg","20.000","°C","971.000","hPa","0.826","-0.01532","0.000401","-0.00012","0","11.08","Humid","30.45","0","49.40","254140.78","SABD0002000012","AAV2.0.0.13","4.0.0.2323","PSt7-10","171027-008","9/15/2022 2:43:31 PM","0000-00","0","no battery","V","","µV","","µV"
"10/14/2022","12:05:43","7","default","171425599","OXY_CH7","8.519","min","193.296","μmol/L","Humid","21.316","deg","97214","µV","27.097","°C","1020.000","hPa","36.0","pmil","0","55.700","deg","20.000","°C","100.000","%a.s.","22.210","deg","20.000","°C","971.000","hPa","0.826","-0.01532","0.000401","-0.00012","0","11.08","Humid","30.45","0","49.40","254143.42","SABD0002000012","AAV2.0.0.13","4.0.0.2323","PSt7-10","171027-008","9/15/2022 2:43:31 PM","0000-00","0","no battery","V","","µV","","µV"
"10/14/2022","12:05:44","7","default","171425599","OXY_CH7","8.536","min","193.330","μmol/L","Humid","21.314","deg","97208","µV","27.097","°C","1020.000","hPa","36.0","pmil","0","55.700","deg","20.000","°C","100.000","%a.s.","22.210","deg","20.000","°C","971.000","hPa","0.826","-0.01532","0.000401","-0.00012","0","11.08","Humid","30.45","0","49.40","254139.27","SABD0002000012","AAV2.0.0.13","4.0.0.2323","PSt7-10","171027-008","9/15/2022 2:43:31 PM","0000-00","0","no battery","V","","µV","","µV"
"10/14/2022","12:05:45","7","default","171425599","OXY_CH7","8.553","min","193.313","μmol/L","Humid","21.315","deg","97206","µV","27.097","°C","1020.000","hPa","36.0","pmil","0","55.700","deg","20.000","°C","100.000","%a.s.","22.210","deg","20.000","°C","971.000","hPa","0.826","-0.01532","0.000401","-0.00012","0","11.08","Humid","30.45","0","49.40","254139.28","SABD0002000012","AAV2.0.0.13","4.0.0.2323","PSt7-10","171027-008","9/15/2022 2:43:31 PM","0000-00","0","no battery","V","","µV","","µV"
"10/14/2022","12:05:46","7","default","171425599","OXY_CH7","8.570","min","193.432","μmol/L","Humid","21.308","deg","97195","µV","27.097","°C","1020.000","hPa","36.0","pmil","0","55.700","deg","20.000","°C","100.000","%a.s.","22.210","deg","20.000","°C","971.000","hPa","0.826","-0.01532","0.000401","-0.00012","0","11.08","Humid","30.45","0","49.40","254141.55","SABD0002000012","AAV2.0.0.13","4.0.0.2323","PSt7-10","171027-008","9/15/2022 2:43:31 PM","0000-00","0","no battery","V","","µV","","µV"
"10/14/2022","12:05:47","7","default","171425599","OXY_CH7","8.586","min","193.450","μmol/L","Humid","21.307","deg","97182","µV","27.097","°C","1020.000","hPa","36.0","pmil","0","55.700","deg","20.000","°C","100.000","%a.s.","22.210","deg","20.000","°C","971.000","hPa","0.826","-0.01532","0.000401","-0.00012","0","11.08","Humid","30.45","0","49.40","254137.54","SABD0002000012","AAV2.0.0.13","4.0.0.2323","PSt7-10","171027-008","9/15/2022 2:43:31 PM","0000-00","0","no battery","V","","µV","","µV"
"10/14/2022","12:05:48","7","default","171425599","OXY_CH7","8.603","min","193.380","μmol/L","Humid","21.309","deg","97189","µV","27.103","°C","1020.000","hPa","36.0","pmil","0","55.700","deg","20.000","°C","100.000","%a.s.","22.210","deg","20.000","°C","971.000","hPa","0.826","-0.01532","0.000401","-0.00012","0","11.08","Humid","30.45","0","49.40","254140.93","SABD0002000012","AAV2.0.0.13","4.0.0.2323","PSt7-10","171027-008","9/15/2022 2:43:31 PM","0000-00","0","no battery","V","","µV","","µV"
"10/14/2022","12:05:49","7","default","171425599","OXY_CH7","8.620","min","193.415","μmol/L","Humid","21.309","deg","97187","µV","27.097","°C","1020.000","hPa","36.0","pmil","0","55.700","deg","20.000","°C","100.000","%a.s.","22.210","deg","20.000","°C","971.000","hPa","0.826","-0.01532","0.000401","-0.00012","0","11.08","Humid","30.45","0","49.40","254138.94","SABD0002000012","AAV2.0.0.13","4.0.0.2323","PSt7-10","171027-008","9/15/2022 2:43:31 PM","0000-00","0","no battery","V","","µV","","µV"
"10/14/2022","12:05:50","7","default","171425599","OXY_CH7","8.636","min","193.468","μmol/L","Humid","21.308","deg","97182","µV","27.091","°C","1020.000","hPa","36.0","pmil","0","55.700","deg","20.000","°C","100.000","%a.s.","22.210","deg","20.000","°C","971.000","hPa","0.826","-0.01532","0.000401","-0.00012","0","11.08","Humid","30.45","0","49.40","254137.90","SABD0002000012","AAV2.0.0.13","4.0.0.2323","PSt7-10","171027-008","9/15/2022 2:43:31 PM","0000-00","0","no battery","V","","µV","","µV"
"10/14/2022","12:05:51","7","default","171425599","OXY_CH7","8.653","min","193.536","μmol/L","Humid","21.304","deg","97180","µV","27.091","°C","1020.000","hPa","36.0","pmil","0","55.700","deg","20.000","°C","100.000","%a.s.","22.210","deg","20.000","°C","971.000","hPa","0.826","-0.01532","0.000401","-0.00012","0","11.08","Humid","30.45","0","49.40","254133.36","SABD0002000012","AAV2.0.0.13","4.0.0.2323","PSt7-10","171027-008","9/15/2022 2:43:31 PM","0000-00","0","no battery","V","","µV","","µV"
"10/14/2022","12:05:52","7","default","171425599","OXY_CH7","8.670","min","193.605","μmol/L","Humid","21.300","deg","97175","µV","27.091","°C","1020.000","hPa","36.0","pmil","0","55.700","deg","20.000","°C","100.000","%a.s.","22.210","deg","20.000","°C","971.000","hPa","0.826","-0.01532","0.000401","-0.00012","0","11.08","Humid","30.45","0","49.40","254130.50","SABD0002000012","AAV2.0.0.13","4.0.0.2323","PSt7-10","171027-008","9/15/2022 2:43:31 PM","0000-00","0","no battery","V","","µV","","µV"
"10/14/2022","12:05:53","7","default","171425599","OXY_CH7","8.686","min","193.552","μmol/L","Humid","21.301","deg","97172","µV","27.097","°C","1020.000","hPa","36.0","pmil","0","55.700","deg","20.000","°C","100.000","%a.s.","22.210","deg","20.000","°C","971.000","hPa","0.826","-0.01532","0.000401","-0.00012","0","11.08","Humid","30.45","0","49.40","254125.31","SABD0002000012","AAV2.0.0.13","4.0.0.2323","PSt7-10","171027-008","9/15/2022 2:43:31 PM","0000-00","0","no battery","V","","µV","","µV"
"10/14/2022","12:05:54","7","default","171425599","OXY_CH7","8.703","min","193.518","μmol/L","Humid","21.303","deg","97156","µV","27.097","°C","1020.000","hPa","36.0","pmil","0","55.700","deg","20.000","°C","100.000","%a.s.","22.210","deg","20.000","°C","971.000","hPa","0.826","-0.01532","0.000401","-0.00012","0","11.08","Humid","30.45","0","49.40","254128.13","SABD0002000012","AAV2.0.0.13","4.0.0.2323","PSt7-10","171027-008","9/15/2022 2:43:31 PM","0000-00","0","no battery","V","","µV","","µV"
"10/14/2022","12:05:55","7","default","171425599","OXY_CH7","8.719","min","193.656","μmol/L","Humid","21.297","deg","97155","µV","27.091","°C","1020.000","hPa","36.0","pmil","0","55.700","deg","20.000","°C","100.000","%a.s.","22.210","deg","20.000","°C","971.000","hPa","0.826","-0.01532","0.000401","-0.00012","0","11.08","Humid","30.45","0","49.40","254125.54","SABD0002000012","AAV2.0.0.13","4.0.0.2323","PSt7-10","171027-008","9/15/2022 2:43:31 PM","0000-00","0","no battery","V","","µV","","µV"
"10/14/2022","12:05:56","7","default","171425599","OXY_CH7","8.736","min","193.586","μmol/L","Humid","21.299","deg","97149","µV","27.097","°C","1020.000","hPa","36.0","pmil","0","55.700","deg","20.000","°C","100.000","%a.s.","22.210","deg","20.000","°C","971.000","hPa","0.826","-0.01532","0.000401","-0.00012","0","11.08","Humid","30.45","0","49.40","254128.76","SABD0002000012","AAV2.0.0.13","4.0.0.2323","PSt7-10","171027-008","9/15/2022 2:43:31 PM","0000-00","0","no battery","V","","µV","","µV"
"10/14/2022","12:05:57","7","default","171425599","OXY_CH7","8.753","min","193.568","μmol/L","Humid","21.298","deg","97143","µV","27.103","°C","1020.000","hPa","36.0","pmil","0","55.700","deg","20.000","°C","100.000","%a.s.","22.210","deg","20.000","°C","971.000","hPa","0.826","-0.01532","0.000401","-0.00012","0","11.08","Humid","30.45","0","49.40","254124.97","SABD0002000012","AAV2.0.0.13","4.0.0.2323","PSt7-10","171027-008","9/15/2022 2:43:31 PM","0000-00","0","no battery","V","","µV","","µV"
"10/14/2022","12:05:58","7","default","171425599","OXY_CH7","8.769","min","193.672","μmol/L","Humid","21.294","deg","97147","µV","27.097","°C","1020.000","hPa","36.0","pmil","0","55.700","deg","20.000","°C","100.000","%a.s.","22.210","deg","20.000","°C","971.000","hPa","0.826","-0.01532","0.000401","-0.00012","0","11.08","Humid","30.45","0","49.40","254139.28","SABD0002000012","AAV2.0.0.13","4.0.0.2323","PSt7-10","171027-008","9/15/2022 2:43:31 PM","0000-00","0","no battery","V","","µV","","µV"
"10/14/2022","12:05:59","7","default","171425599","OXY_CH7","8.786","min","193.585","μmol/L","Humid","21.297","deg","97135","µV","27.103","°C","1020.000","hPa","36.0","pmil","0","55.700","deg","20.000","°C","100.000","%a.s.","22.210","deg","20.000","°C","971.000","hPa","0.826","-0.01532","0.000401","-0.00012","0","11.08","Humid","30.45","0","49.40","254136.79","SABD0002000012","AAV2.0.0.13","4.0.0.2323","PSt7-10","171027-008","9/15/2022 2:43:31 PM","0000-00","0","no battery","V","","µV","","µV"
"10/14/2022","12:06:00","7","default","171425599","OXY_CH7","8.803","min","193.568","μmol/L","Humid","21.298","deg","97133","µV","27.103","°C","1020.000","hPa","36.0","pmil","0","55.700","deg","20.000","°C","100.000","%a.s.","22.210","deg","20.000","°C","971.000","hPa","0.826","-0.01532","0.000401","-0.00012","0","11.08","Humid","30.45","0","49.40","254135.04","SABD0002000012","AAV2.0.0.13","4.0.0.2323","PSt7-10","171027-008","9/15/2022 2:43:31 PM","0000-00","0","no battery","V","","µV","","µV"
"10/14/2022","12:06:01","7","default","171425599","OXY_CH7","8.820","min","193.619","μmol/L","Humid","21.295","deg","97129","µV","27.103","°C","1020.000","hPa","36.0","pmil","0","55.700","deg","20.000","°C","100.000","%a.s.","22.210","deg","20.000","°C","971.000","hPa","0.826","-0.01532","0.000401","-0.00012","0","11.08","Humid","30.45","0","49.40","254132.49","SABD0002000012","AAV2.0.0.13","4.0.0.2323","PSt7-10","171027-008","9/15/2022 2:43:31 PM","0000-00","0","no battery","V","","µV","","µV"
"10/14/2022","12:06:02","7","default","171425599","OXY_CH7","8.836","min","193.636","μmol/L","Humid","21.294","deg","97124","µV","27.103","°C","1020.000","hPa","36.0","pmil","0","55.700","deg","20.000","°C","100.000","%a.s.","22.210","deg","20.000","°C","971.000","hPa","0.826","-0.01532","0.000401","-0.00012","0","11.08","Humid","30.45","0","49.40","254116.17","SABD0002000012","AAV2.0.0.13","4.0.0.2323","PSt7-10","171027-008","9/15/2022 2:43:31 PM","0000-00","0","no battery","V","","µV","","µV"
"10/14/2022","12:06:03","7","default","171425599","OXY_CH7","8.853","min","193.654","μmol/L","Humid","21.293","deg","97112","µV","27.103","°C","1020.000","hPa","36.0","pmil","0","55.700","deg","20.000","°C","100.000","%a.s.","22.210","deg","20.000","°C","971.000","hPa","0.826","-0.01532","0.000401","-0.00012","0","11.08","Humid","30.45","0","49.40","254125.37","SABD0002000012","AAV2.0.0.13","4.0.0.2323","PSt7-10","171027-008","9/15/2022 2:43:31 PM","0000-00","0","no battery","V","","µV","","µV"
"10/14/2022","12:06:04","7","default","171425599","OXY_CH7","8.870","min","193.723","μmol/L","Humid","21.291","deg","97106","µV","27.097","°C","1020.000","hPa","36.0","pmil","0","55.700","deg","20.000","°C","100.000","%a.s.","22.210","deg","20.000","°C","971.000","hPa","0.826","-0.01532","0.000401","-0.00012","0","11.08","Humid","30.45","0","49.40","254116.26","SABD0002000012","AAV2.0.0.13","4.0.0.2323","PSt7-10","171027-008","9/15/2022 2:43:31 PM","0000-00","0","no battery","V","","µV","","µV"
"10/14/2022","12:06:05","7","default","171425599","OXY_CH7","8.886","min","193.740","μmol/L","Humid","21.290","deg","97104","µV","27.097","°C","1020.000","hPa","36.0","pmil","0","55.700","deg","20.000","°C","100.000","%a.s.","22.210","deg","20.000","°C","971.000","hPa","0.826","-0.01532","0.000401","-0.00012","0","11.08","Humid","30.45","0","49.40","254131.19","SABD0002000012","AAV2.0.0.13","4.0.0.2323","PSt7-10","171027-008","9/15/2022 2:43:31 PM","0000-00","0","no battery","V","","µV","","µV"
"10/14/2022","12:06:06","7","default","171425599","OXY_CH7","8.902","min","193.792","μmol/L","Humid","21.287","deg","97101","µV","27.097","°C","1020.000","hPa","36.0","pmil","0","55.700","deg","20.000","°C","100.000","%a.s.","22.210","deg","20.000","°C","971.000","hPa","0.826","-0.01532","0.000401","-0.00012","0","11.08","Humid","30.45","0","49.40","254116.96","SABD0002000012","AAV2.0.0.13","4.0.0.2323","PSt7-10","171027-008","9/15/2022 2:43:31 PM","0000-00","0","no battery","V","","µV","","µV"
"10/14/2022","12:06:07","7","default","171425599","OXY_CH7","8.919","min","193.775","μmol/L","Humid","21.288","deg","97104","µV","27.097","°C","1020.000","hPa","36.0","pmil","0","55.700","deg","20.000","°C","100.000","%a.s.","22.210","deg","20.000","°C","971.000","hPa","0.826","-0.01532","0.000401","-0.00012","0","11.08","Humid","30.45","0","49.40","254119.33","SABD0002000012","AAV2.0.0.13","4.0.0.2323","PSt7-10","171027-008","9/15/2022 2:43:31 PM","0000-00","0","no battery","V","","µV","","µV"
"10/14/2022","12:06:08","7","default","171425599","OXY_CH7","8.936","min","193.809","μmol/L","Humid","21.286","deg","97085","µV","27.097","°C","1020.000","hPa","36.0","pmil","0","55.700","deg","20.000","°C","100.000","%a.s.","22.210","deg","20.000","°C","971.000","hPa","0.826","-0.01532","0.000401","-0.00012","0","11.08","Humid","30.45","0","49.40","254115.80","SABD0002000012","AAV2.0.0.13","4.0.0.2323","PSt7-10","171027-008","9/15/2022 2:43:31 PM","0000-00","0","no battery","V","","µV","","µV"
"10/14/2022","12:06:09","7","default","171425599","OXY_CH7","8.953","min","193.860","μmol/L","Humid","21.283","deg","97081","µV","27.097","°C","1020.000","hPa","36.0","pmil","0","55.700","deg","20.000","°C","100.000","%a.s.","22.210","deg","20.000","°C","971.000","hPa","0.826","-0.01532","0.000401","-0.00012","0","11.08","Humid","30.45","0","49.40","254110.79","SABD0002000012","AAV2.0.0.13","4.0.0.2323","PSt7-10","171027-008","9/15/2022 2:43:31 PM","0000-00","0","no battery","V","","µV","","µV"
"10/14/2022","12:06:10","7","default","171425599","OXY_CH7","8.969","min","193.878","μmol/L","Humid","21.282","deg","97084","µV","27.097","°C","1020.000","hPa","36.0","pmil","0","55.700","deg","20.000","°C","100.000","%a.s.","22.210","deg","20.000","°C","971.000","hPa","0.826","-0.01532","0.000401","-0.00012","0","11.08","Humid","30.45","0","49.40","254110.24","SABD0002000012","AAV2.0.0.13","4.0.0.2323","PSt7-10","171027-008","9/15/2022 2:43:31 PM","0000-00","0","no battery","V","","µV","","µV"
"10/14/2022","12:06:11","7","default","171425599","OXY_CH7","8.986","min","193.895","μmol/L","Humid","21.281","deg","97074","µV","27.097","°C","1020.000","hPa","36.0","pmil","0","55.700","deg","20.000","°C","100.000","%a.s.","22.210","deg","20.000","°C","971.000","hPa","0.826","-0.01532","0.000401","-0.00012","0","11.08","Humid","30.45","0","49.40","254101.37","SABD0002000012","AAV2.0.0.13","4.0.0.2323","PSt7-10","171027-008","9/15/2022 2:43:31 PM","0000-00","0","no battery","V","","µV","","µV"
"10/14/2022","12:06:12","7","default","171425599","OXY_CH7","9.003","min","193.878","μmol/L","Humid","21.282","deg","97061","µV","27.097","°C","1020.000","hPa","36.0","pmil","0","55.700","deg","20.000","°C","100.000","%a.s.","22.210","deg","20.000","°C","971.000","hPa","0.826","-0.01532","0.000401","-0.00012","0","11.08","Humid","30.45","0","49.40","254117.44","SABD0002000012","AAV2.0.0.13","4.0.0.2323","PSt7-10","171027-008","9/15/2022 2:43:31 PM","0000-00","0","no battery","V","","µV","","µV"
"10/14/2022","12:06:13","7","default","171425599","OXY_CH7","9.020","min","193.946","μmol/L","Humid","21.278","deg","97062","µV","27.097","°C","1020.000","hPa","36.0","pmil","0","55.700","deg","20.000","°C","100.000","%a.s.","22.210","deg","20.000","°C","971.000","hPa","0.826","-0.01532","0.000401","-0.00012","0","11.08","Humid","30.45","0","49.40","254115.63","SABD0002000012","AAV2.0.0.13","4.0.0.2323","PSt7-10","171027-008","9/15/2022 2:43:31 PM","0000-00","0","no battery","V","","µV","","µV"
"10/14/2022","12:06:14","7","default","171425599","OXY_CH7","9.036","min","193.962","μmol/L","Humid","21.275","deg","97048","µV","27.103","°C","1020.000","hPa","36.0","pmil","0","55.700","deg","20.000","°C","100.000","%a.s.","22.210","deg","20.000","°C","971.000","hPa","0.826","-0.01532","0.000401","-0.00012","0","11.08","Humid","30.45","0","49.40","254105.29","SABD0002000012","AAV2.0.0.13","4.0.0.2323","PSt7-10","171027-008","9/15/2022 2:43:31 PM","0000-00","0","no battery","V","","µV","","µV"
"10/14/2022","12:06:15","7","default","171425599","OXY_CH7","9.052","min","193.928","μmol/L","Humid","21.277","deg","97040","µV","27.103","°C","1020.000","hPa","36.0","pmil","0","55.700","deg","20.000","°C","100.000","%a.s.","22.210","deg","20.000","°C","971.000","hPa","0.826","-0.01532","0.000401","-0.00012","0","11.08","Humid","30.45","0","49.40","254103.83","SABD0002000012","AAV2.0.0.13","4.0.0.2323","PSt7-10","171027-008","9/15/2022 2:43:31 PM","0000-00","0","no battery","V","","µV","","µV"
"10/14/2022","12:06:16","7","default","171425599","OXY_CH7","9.069","min","193.980","μmol/L","Humid","21.276","deg","97044","µV","27.097","°C","1020.000","hPa","36.0","pmil","0","55.700","deg","20.000","°C","100.000","%a.s.","22.210","deg","20.000","°C","971.000","hPa","0.826","-0.01532","0.000401","-0.00012","0","11.08","Humid","30.45","0","49.40","254108.70","SABD0002000012","AAV2.0.0.13","4.0.0.2323","PSt7-10","171027-008","9/15/2022 2:43:31 PM","0000-00","0","no battery","V","","µV","","µV"
"10/14/2022","12:06:17","7","default","171425599","OXY_CH7","9.086","min","194.015","μmol/L","Humid","21.274","deg","97045","µV","27.097","°C","1020.000","hPa","36.0","pmil","0","55.700","deg","20.000","°C","100.000","%a.s.","22.210","deg","20.000","°C","971.000","hPa","0.826","-0.01532","0.000401","-0.00012","0","11.08","Humid","30.45","0","49.40","254102.14","SABD0002000012","AAV2.0.0.13","4.0.0.2323","PSt7-10","171027-008","9/15/2022 2:43:31 PM","0000-00","0","no battery","V","","µV","","µV"
"10/14/2022","12:06:18","7","default","171425599","OXY_CH7","9.103","min","194.013","μmol/L","Humid","21.272","deg","97027","µV","27.103","°C","1020.000","hPa","36.0","pmil","0","55.700","deg","20.000","°C","100.000","%a.s.","22.210","deg","20.000","°C","971.000","hPa","0.826","-0.01532","0.000401","-0.00012","0","11.08","Humid","30.45","0","49.40","254107.07","SABD0002000012","AAV2.0.0.13","4.0.0.2323","PSt7-10","171027-008","9/15/2022 2:43:31 PM","0000-00","0","no battery","V","","µV","","µV"
"10/14/2022","12:06:19","7","default","171425599","OXY_CH7","9.119","min","193.996","μmol/L","Humid","21.273","deg","97035","µV","27.103","°C","1020.000","hPa","36.0","pmil","0","55.700","deg","20.000","°C","100.000","%a.s.","22.210","deg","20.000","°C","971.000","hPa","0.826","-0.01532","0.000401","-0.00012","0","11.08","Humid","30.45","0","49.40","254095.64","SABD0002000012","AAV2.0.0.13","4.0.0.2323","PSt7-10","171027-008","9/15/2022 2:43:31 PM","0000-00","0","no battery","V","","µV","","µV"
"10/14/2022","12:06:20","7","default","171425599","OXY_CH7","9.136","min","194.101","μmol/L","Humid","21.269","deg","97026","µV","27.097","°C","1020.000","hPa","36.0","pmil","0","55.700","deg","20.000","°C","100.000","%a.s.","22.210","deg","20.000","°C","971.000","hPa","0.826","-0.01532","0.000401","-0.00012","0","11.08","Humid","30.45","0","49.40","254095.51","SABD0002000012","AAV2.0.0.13","4.0.0.2323","PSt7-10","171027-008","9/15/2022 2:43:31 PM","0000-00","0","no battery","V","","µV","","µV"
"10/14/2022","12:06:21","7","default","171425599","OXY_CH7","9.153","min","193.978","μmol/L","Humid","21.272","deg","97022","µV","27.110","°C","1020.000","hPa","36.0","pmil","0","55.700","deg","20.000","°C","100.000","%a.s.","22.210","deg","20.000","°C","971.000","hPa","0.826","-0.01532","0.000401","-0.00012","0","11.08","Humid","30.45","0","49.40","254088.13","SABD0002000012","AAV2.0.0.13","4.0.0.2323","PSt7-10","171027-008","9/15/2022 2:43:31 PM","0000-00","0","no battery","V","","µV","","µV"
"10/14/2022","12:06:22","7","default","171425599","OXY_CH7","9.170","min","194.029","μmol/L","Humid","21.269","deg","97018","µV","27.110","°C","1020.000","hPa","36.0","pmil","0","55.700","deg","20.000","°C","100.000","%a.s.","22.210","deg","20.000","°C","971.000","hPa","0.826","-0.01532","0.000401","-0.00012","0","11.08","Humid","30.45","0","49.40","254097.71","SABD0002000012","AAV2.0.0.13","4.0.0.2323","PSt7-10","171027-008","9/15/2022 2:43:31 PM","0000-00","0","no battery","V","","µV","","µV"
"10/14/2022","12:06:23","7","default","171425599","OXY_CH7","9.187","min","194.048","μmol/L","Humid","21.270","deg","97012","µV","27.103","°C","1020.000","hPa","36.0","pmil","0","55.700","deg","20.000","°C","100.000","%a.s.","22.210","deg","20.000","°C","971.000","hPa","0.826","-0.01532","0.000401","-0.00012","0","11.08","Humid","30.45","0","49.40","254108.06","SABD0002000012","AAV2.0.0.13","4.0.0.2323","PSt7-10","171027-008","9/15/2022 2:43:31 PM","0000-00","0","no battery","V","","µV","","µV"
"10/14/2022","12:06:24","7","default","171425599","OXY_CH7","9.203","min","194.116","μmol/L","Humid","21.266","deg","97006","µV","27.103","°C","1020.000","hPa","36.0","pmil","0","55.700","deg","20.000","°C","100.000","%a.s.","22.210","deg","20.000","°C","971.000","hPa","0.826","-0.01532","0.000401","-0.00012","0","11.08","Humid","30.45","0","49.40","254096.70","SABD0002000012","AAV2.0.0.13","4.0.0.2323","PSt7-10","171027-008","9/15/2022 2:43:31 PM","0000-00","0","no battery","V","","µV","","µV"
"10/14/2022","12:06:25","7","default","171425599","OXY_CH7","9.219","min","194.134","μmol/L","Humid","21.265","deg","97012","µV","27.103","°C","1020.000","hPa","36.0","pmil","0","55.700","deg","20.000","°C","100.000","%a.s.","22.210","deg","20.000","°C","971.000","hPa","0.826","-0.01532","0.000401","-0.00012","0","11.08","Humid","30.45","0","49.40","254104.87","SABD0002000012","AAV2.0.0.13","4.0.0.2323","PSt7-10","171027-008","9/15/2022 2:43:31 PM","0000-00","0","no battery","V","","µV","","µV"
"10/14/2022","12:06:26","7","default","171425599","OXY_CH7","9.236","min","194.134","μmol/L","Humid","21.265","deg","96998","µV","27.103","°C","1020.000","hPa","36.0","pmil","0","55.700","deg","20.000","°C","100.000","%a.s.","22.210","deg","20.000","°C","971.000","hPa","0.826","-0.01532","0.000401","-0.00012","0","11.08","Humid","30.45","0","49.40","254100.15","SABD0002000012","AAV2.0.0.13","4.0.0.2323","PSt7-10","171027-008","9/15/2022 2:43:31 PM","0000-00","0","no battery","V","","µV","","µV"
"10/14/2022","12:06:27","7","default","171425599","OXY_CH7","9.253","min","194.099","μmol/L","Humid","21.267","deg","96993","µV","27.103","°C","1020.000","hPa","36.0","pmil","0","55.700","deg","20.000","°C","100.000","%a.s.","22.210","deg","20.000","°C","971.000","hPa","0.826","-0.01532","0.000401","-0.00012","0","11.08","Humid","30.45","0","49.40","254105.46","SABD0002000012","AAV2.0.0.13","4.0.0.2323","PSt7-10","171027-008","9/15/2022 2:43:31 PM","0000-00","0","no battery","V","","µV","","µV"
"10/14/2022","12:06:28","7","default","171425599","OXY_CH7","9.269","min","194.168","μmol/L","Humid","21.263","deg","96987","µV","27.103","°C","1020.000","hPa","36.0","pmil","0","55.700","deg","20.000","°C","100.000","%a.s.","22.210","deg","20.000","°C","971.000","hPa","0.826","-0.01532","0.000401","-0.00012","0","11.08","Humid","30.45","0","49.40","254090.82","SABD0002000012","AAV2.0.0.13","4.0.0.2323","PSt7-10","171027-008","9/15/2022 2:43:31 PM","0000-00","0","no battery","V","","µV","","µV"
"10/14/2022","12:06:29","7","default","171425599","OXY_CH7","9.286","min","194.220","μmol/L","Humid","21.260","deg","96979","µV","27.103","°C","1020.000","hPa","36.0","pmil","0","55.700","deg","20.000","°C","100.000","%a.s.","22.210","deg","20.000","°C","971.000","hPa","0.826","-0.01532","0.000401","-0.00012","0","11.08","Humid","30.45","0","49.40","254088.05","SABD0002000012","AAV2.0.0.13","4.0.0.2323","PSt7-10","171027-008","9/15/2022 2:43:31 PM","0000-00","0","no battery","V","","µV","","µV"
"10/14/2022","12:06:30","7","default","171425599","OXY_CH7","9.303","min","194.202","μmol/L","Humid","21.261","deg","96984","µV","27.103","°C","1020.000","hPa","36.0","pmil","0","55.700","deg","20.000","°C","100.000","%a.s.","22.210","deg","20.000","°C","971.000","hPa","0.826","-0.01532","0.000401","-0.00012","0","11.08","Humid","30.45","0","49.40","254091.11","SABD0002000012","AAV2.0.0.13","4.0.0.2323","PSt7-10","171027-008","9/15/2022 2:43:31 PM","0000-00","0","no battery","V","","µV","","µV"
"10/14/2022","12:06:31","7","default","171425599","OXY_CH7","9.320","min","194.272","μmol/L","Humid","21.259","deg","96975","µV","27.097","°C","1020.000","hPa","36.0","pmil","0","55.700","deg","20.000","°C","100.000","%a.s.","22.210","deg","20.000","°C","971.000","hPa","0.826","-0.01532","0.000401","-0.00012","0","11.08","Humid","30.45","0","49.40","254089.19","SABD0002000012","AAV2.0.0.13","4.0.0.2323","PSt7-10","171027-008","9/15/2022 2:43:31 PM","0000-00","0","no battery","V","","µV","","µV"
"10/14/2022","12:06:32","7","default","171425599","OXY_CH7","9.336","min","194.167","μmol/L","Humid","21.261","deg","96968","µV","27.110","°C","1020.000","hPa","36.0","pmil","0","55.700","deg","20.000","°C","100.000","%a.s.","22.210","deg","20.000","°C","971.000","hPa","0.826","-0.01532","0.000401","-0.00012","0","11.08","Humid","30.45","0","49.40","254082.59","SABD0002000012","AAV2.0.0.13","4.0.0.2323","PSt7-10","171027-008","9/15/2022 2:43:31 PM","0000-00","0","no battery","V","","µV","","µV"
"10/14/2022","12:06:33","7","default","171425599","OXY_CH7","9.353","min","194.237","μmol/L","Humid","21.259","deg","96961","µV","27.103","°C","1020.000","hPa","36.0","pmil","0","55.700","deg","20.000","°C","100.000","%a.s.","22.210","deg","20.000","°C","971.000","hPa","0.826","-0.01532","0.000401","-0.00012","0","11.08","Humid","30.45","0","49.40","254086.05","SABD0002000012","AAV2.0.0.13","4.0.0.2323","PSt7-10","171027-008","9/15/2022 2:43:31 PM","0000-00","0","no battery","V","","µV","","µV"
"10/14/2022","12:06:34","7","default","171425599","OXY_CH7","9.369","min","194.323","μmol/L","Humid","21.254","deg","96962","µV","27.103","°C","1020.000","hPa","36.0","pmil","0","55.700","deg","20.000","°C","100.000","%a.s.","22.210","deg","20.000","°C","971.000","hPa","0.826","-0.01532","0.000401","-0.00012","0","11.08","Humid","30.45","0","49.40","254086.39","SABD0002000012","AAV2.0.0.13","4.0.0.2323","PSt7-10","171027-008","9/15/2022 2:43:31 PM","0000-00","0","no battery","V","","µV","","µV"
"10/14/2022","12:06:35","7","default","171425599","OXY_CH7","9.386","min","194.271","μmol/L","Humid","21.257","deg","96959","µV","27.103","°C","1020.000","hPa","36.0","pmil","0","55.700","deg","20.000","°C","100.000","%a.s.","22.210","deg","20.000","°C","971.000","hPa","0.826","-0.01532","0.000401","-0.00012","0","11.08","Humid","30.45","0","49.40","254096.09","SABD0002000012","AAV2.0.0.13","4.0.0.2323","PSt7-10","171027-008","9/15/2022 2:43:31 PM","0000-00","0","no battery","V","","µV","","µV"
"10/14/2022","12:06:36","7","default","171425599","OXY_CH7","9.403","min","194.253","μmol/L","Humid","21.256","deg","96959","µV","27.110","°C","1020.000","hPa","36.0","pmil","0","55.700","deg","20.000","°C","100.000","%a.s.","22.210","deg","20.000","°C","971.000","hPa","0.826","-0.01532","0.000401","-0.00012","0","11.08","Humid","30.45","0","49.40","254095.88","SABD0002000012","AAV2.0.0.13","4.0.0.2323","PSt7-10","171027-008","9/15/2022 2:43:31 PM","0000-00","0","no battery","V","","µV","","µV"
"10/14/2022","12:06:37","7","default","171425599","OXY_CH7","9.419","min","194.270","μmol/L","Humid","21.255","deg","96948","µV","27.110","°C","1020.000","hPa","36.0","pmil","0","55.700","deg","20.000","°C","100.000","%a.s.","22.210","deg","20.000","°C","971.000","hPa","0.826","-0.01532","0.000401","-0.00012","0","11.08","Humid","30.45","0","49.40","254080.44","SABD0002000012","AAV2.0.0.13","4.0.0.2323","PSt7-10","171027-008","9/15/2022 2:43:31 PM","0000-00","0","no battery","V","","µV","","µV"
"10/14/2022","12:06:38","7","default","171425599","OXY_CH7","9.436","min","194.287","μmol/L","Humid","21.254","deg","96952","µV","27.110","°C","1020.000","hPa","36.0","pmil","0","55.700","deg","20.000","°C","100.000","%a.s.","22.210","deg","20.000","°C","971.000","hPa","0.826","-0.01532","0.000401","-0.00012","0","11.08","Humid","30.45","0","49.40","254089.79","SABD0002000012","AAV2.0.0.13","4.0.0.2323","PSt7-10","171027-008","9/15/2022 2:43:31 PM","0000-00","0","no battery","V","","µV","","µV"
"10/14/2022","12:06:39","7","default","171425599","OXY_CH7","9.453","min","194.287","μmol/L","Humid","21.254","deg","96945","µV","27.110","°C","1020.000","hPa","36.0","pmil","0","55.700","deg","20.000","°C","100.000","%a.s.","22.210","deg","20.000","°C","971.000","hPa","0.826","-0.01532","0.000401","-0.00012","0","11.08","Humid","30.45","0","49.40","254089.92","SABD0002000012","AAV2.0.0.13","4.0.0.2323","PSt7-10","171027-008","9/15/2022 2:43:31 PM","0000-00","0","no battery","V","","µV","","µV"
"10/14/2022","12:06:40","7","default","171425599","OXY_CH7","9.470","min","194.357","μmol/L","Humid","21.252","deg","96950","µV","27.103","°C","1020.000","hPa","36.0","pmil","0","55.700","deg","20.000","°C","100.000","%a.s.","22.210","deg","20.000","°C","971.000","hPa","0.826","-0.01532","0.000401","-0.00012","0","11.08","Humid","30.45","0","49.40","254090.07","SABD0002000012","AAV2.0.0.13","4.0.0.2323","PSt7-10","171027-008","9/15/2022 2:43:31 PM","0000-00","0","no battery","V","","µV","","µV"
"10/14/2022","12:06:41","7","default","171425599","OXY_CH7","9.486","min","194.391","μmol/L","Humid","21.250","deg","96937","µV","27.103","°C","1020.000","hPa","36.0","pmil","0","55.700","deg","20.000","°C","100.000","%a.s.","22.210","deg","20.000","°C","971.000","hPa","0.826","-0.01532","0.000401","-0.00012","0","11.08","Humid","30.45","0","49.40","254087.60","SABD0002000012","AAV2.0.0.13","4.0.0.2323","PSt7-10","171027-008","9/15/2022 2:43:31 PM","0000-00","0","no battery","V","","µV","","µV"
"10/14/2022","12:06:42","7","default","171425599","OXY_CH7","9.503","min","194.373","μmol/L","Humid","21.249","deg","96935","µV","27.110","°C","1020.000","hPa","36.0","pmil","0","55.700","deg","20.000","°C","100.000","%a.s.","22.210","deg","20.000","°C","971.000","hPa","0.826","-0.01532","0.000401","-0.00012","0","11.08","Humid","30.45","0","49.40","254087.69","SABD0002000012","AAV2.0.0.13","4.0.0.2323","PSt7-10","171027-008","9/15/2022 2:43:31 PM","0000-00","0","no battery","V","","µV","","µV"
"10/14/2022","12:06:43","7","default","171425599","OXY_CH7","9.519","min","194.373","μmol/L","Humid","21.249","deg","96929","µV","27.110","°C","1020.000","hPa","36.0","pmil","0","55.700","deg","20.000","°C","100.000","%a.s.","22.210","deg","20.000","°C","971.000","hPa","0.826","-0.01532","0.000401","-0.00012","0","11.08","Humid","30.45","0","49.40","254090.60","SABD0002000012","AAV2.0.0.13","4.0.0.2323","PSt7-10","171027-008","9/15/2022 2:43:31 PM","0000-00","0","no battery","V","","µV","","µV"
"10/14/2022","12:06:44","7","default","171425599","OXY_CH7","9.536","min","194.390","μmol/L","Humid","21.248","deg","96929","µV","27.110","°C","1020.000","hPa","36.0","pmil","0","55.700","deg","20.000","°C","100.000","%a.s.","22.210","deg","20.000","°C","971.000","hPa","0.826","-0.01532","0.000401","-0.00012","0","11.08","Humid","30.45","0","49.40","254084.28","SABD0002000012","AAV2.0.0.13","4.0.0.2323","PSt7-10","171027-008","9/15/2022 2:43:31 PM","0000-00","0","no battery","V","","µV","","µV"
"10/14/2022","12:06:45","7","default","171425599","OXY_CH7","9.553","min","194.407","μmol/L","Humid","21.247","deg","96923","µV","27.110","°C","1020.000","hPa","36.0","pmil","0","55.700","deg","20.000","°C","100.000","%a.s.","22.210","deg","20.000","°C","971.000","hPa","0.826","-0.01532","0.000401","-0.00012","0","11.08","Humid","30.45","0","49.40","254087.85","SABD0002000012","AAV2.0.0.13","4.0.0.2323","PSt7-10","171027-008","9/15/2022 2:43:31 PM","0000-00","0","no battery","V","","µV","","µV"
"10/14/2022","12:06:46","7","default","171425599","OXY_CH7","9.569","min","194.442","μmol/L","Humid","21.245","deg","96909","µV","27.110","°C","1020.000","hPa","36.0","pmil","0","55.700","deg","20.000","°C","100.000","%a.s.","22.210","deg","20.000","°C","971.000","hPa","0.826","-0.01532","0.000401","-0.00012","0","11.08","Humid","30.45","0","49.40","254085.44","SABD0002000012","AAV2.0.0.13","4.0.0.2323","PSt7-10","171027-008","9/15/2022 2:43:31 PM","0000-00","0","no battery","V","","µV","","µV"
"10/14/2022","12:06:47","7","default","171425599","OXY_CH7","9.586","min","194.426","μmol/L","Humid","21.248","deg","96909","µV","27.103","°C","1020.000","hPa","36.0","pmil","0","55.700","deg","20.000","°C","100.000","%a.s.","22.210","deg","20.000","°C","971.000","hPa","0.826","-0.01532","0.000401","-0.00012","0","11.08","Humid","30.45","0","49.40","254088.52","SABD0002000012","AAV2.0.0.13","4.0.0.2323","PSt7-10","171027-008","9/15/2022 2:43:31 PM","0000-00","0","no battery","V","","µV","","µV"
"10/14/2022","12:06:48","7","default","171425599","OXY_CH7","9.603","min","194.529","μmol/L","Humid","21.242","deg","96903","µV","27.103","°C","1020.000","hPa","36.0","pmil","0","55.700","deg","20.000","°C","100.000","%a.s.","22.210","deg","20.000","°C","971.000","hPa","0.826","-0.01532","0.000401","-0.00012","0","11.08","Humid","30.45","0","49.40","254090.98","SABD0002000012","AAV2.0.0.13","4.0.0.2323","PSt7-10","171027-008","9/15/2022 2:43:31 PM","0000-00","0","no battery","V","","µV","","µV"
"10/14/2022","12:06:49","7","default","171425599","OXY_CH7","9.620","min","194.493","μmol/L","Humid","21.242","deg","96900","µV","27.110","°C","1020.000","hPa","36.0","pmil","0","55.700","deg","20.000","°C","100.000","%a.s.","22.210","deg","20.000","°C","971.000","hPa","0.826","-0.01532","0.000401","-0.00012","0","11.08","Humid","30.45","0","49.40","254098.21","SABD0002000012","AAV2.0.0.13","4.0.0.2323","PSt7-10","171027-008","9/15/2022 2:43:31 PM","0000-00","0","no battery","V","","µV","","µV"
"10/14/2022","12:06:50","7","default","171425599","OXY_CH7","9.636","min","194.512","μmol/L","Humid","21.243","deg","96894","µV","27.103","°C","1020.000","hPa","36.0","pmil","0","55.700","deg","20.000","°C","100.000","%a.s.","22.210","deg","20.000","°C","971.000","hPa","0.826","-0.01532","0.000401","-0.00012","0","11.08","Humid","30.45","0","49.40","254091.67","SABD0002000012","AAV2.0.0.13","4.0.0.2323","PSt7-10","171027-008","9/15/2022 2:43:31 PM","0000-00","0","no battery","V","","µV","","µV"
"10/14/2022","12:06:51","7","default","171425599","OXY_CH7","9.653","min","194.581","μmol/L","Humid","21.239","deg","96890","µV","27.103","°C","1020.000","hPa","36.0","pmil","0","55.700","deg","20.000","°C","100.000","%a.s.","22.210","deg","20.000","°C","971.000","hPa","0.826","-0.01532","0.000401","-0.00012","0","11.08","Humid","30.45","0","49.40","254083.89","SABD0002000012","AAV2.0.0.13","4.0.0.2323","PSt7-10","171027-008","9/15/2022 2:43:31 PM","0000-00","0","no battery","V","","µV","","µV"
"10/14/2022","12:06:52","7","default","171425599","OXY_CH7","9.670","min","194.581","μmol/L","Humid","21.239","deg","96894","µV","27.103","°C","1020.000","hPa","36.0","pmil","0","55.700","deg","20.000","°C","100.000","%a.s.","22.210","deg","20.000","°C","971.000","hPa","0.826","-0.01532","0.000401","-0.00012","0","11.08","Humid","30.45","0","49.40","254081.00","SABD0002000012","AAV2.0.0.13","4.0.0.2323","PSt7-10","171027-008","9/15/2022 2:43:31 PM","0000-00","0","no battery","V","","µV","","µV"
"10/14/2022","12:06:53","7","default","171425599","OXY_CH7","9.686","min","194.545","μmol/L","Humid","21.239","deg","96873","µV","27.110","°C","1020.000","hPa","36.0","pmil","0","55.700","deg","20.000","°C","100.000","%a.s.","22.210","deg","20.000","°C","971.000","hPa","0.826","-0.01532","0.000401","-0.00012","0","11.08","Humid","30.45","0","49.40","254070.84","SABD0002000012","AAV2.0.0.13","4.0.0.2323","PSt7-10","171027-008","9/15/2022 2:43:31 PM","0000-00","0","no battery","V","","µV","","µV"
"10/14/2022","12:06:54","7","default","171425599","OXY_CH7","9.702","min","194.597","μmol/L","Humid","21.236","deg","96882","µV","27.110","°C","1020.000","hPa","36.0","pmil","0","55.700","deg","20.000","°C","100.000","%a.s.","22.210","deg","20.000","°C","971.000","hPa","0.826","-0.01532","0.000401","-0.00012","0","11.08","Humid","30.45","0","49.40","254084.16","SABD0002000012","AAV2.0.0.13","4.0.0.2323","PSt7-10","171027-008","9/15/2022 2:43:31 PM","0000-00","0","no battery","V","","µV","","µV"
"10/14/2022","12:06:55","7","default","171425599","OXY_CH7","9.719","min","194.684","μmol/L","Humid","21.233","deg","96865","µV","27.103","°C","1020.000","hPa","36.0","pmil","0","55.700","deg","20.000","°C","100.000","%a.s.","22.210","deg","20.000","°C","971.000","hPa","0.826","-0.01532","0.000401","-0.00012","0","11.08","Humid","30.45","0","49.40","254066.95","SABD0002000012","AAV2.0.0.13","4.0.0.2323","PSt7-10","171027-008","9/15/2022 2:43:31 PM","0000-00","0","no battery","V","","µV","","µV"
"10/14/2022","12:06:56","7","default","171425599","OXY_CH7","9.736","min","194.614","μmol/L","Humid","21.235","deg","96864","µV","27.110","°C","1020.000","hPa","36.0","pmil","0","55.700","deg","20.000","°C","100.000","%a.s.","22.210","deg","20.000","°C","971.000","hPa","0.826","-0.01532","0.000401","-0.00012","0","11.08","Humid","30.45","0","49.40","254079.16","SABD0002000012","AAV2.0.0.13","4.0.0.2323","PSt7-10","171027-008","9/15/2022 2:43:31 PM","0000-00","0","no battery","V","","µV","","µV"
"10/14/2022","12:06:57","7","default","171425599","OXY_CH7","9.753","min","194.634","μmol/L","Humid","21.238","deg","96864","µV","27.097","°C","1020.000","hPa","36.0","pmil","0","55.700","deg","20.000","°C","100.000","%a.s.","22.210","deg","20.000","°C","971.000","hPa","0.826","-0.01532","0.000401","-0.00012","0","11.08","Humid","30.45","0","49.40","254078.49","SABD0002000012","AAV2.0.0.13","4.0.0.2323","PSt7-10","171027-008","9/15/2022 2:43:31 PM","0000-00","0","no battery","V","","µV","","µV"
"10/14/2022","12:06:58","7","default","171425599","OXY_CH7","9.769","min","194.667","μmol/L","Humid","21.234","deg","96858","µV","27.103","°C","1020.000","hPa","36.0","pmil","0","55.700","deg","20.000","°C","100.000","%a.s.","22.210","deg","20.000","°C","971.000","hPa","0.826","-0.01532","0.000401","-0.00012","0","11.08","Humid","30.45","0","49.40","254062.25","SABD0002000012","AAV2.0.0.13","4.0.0.2323","PSt7-10","171027-008","9/15/2022 2:43:31 PM","0000-00","0","no battery","V","","µV","","µV"
"10/14/2022","12:06:59","7","default","171425599","OXY_CH7","9.786","min","194.719","μmol/L","Humid","21.231","deg","96856","µV","27.103","°C","1020.000","hPa","36.0","pmil","0","55.700","deg","20.000","°C","100.000","%a.s.","22.210","deg","20.000","°C","971.000","hPa","0.826","-0.01532","0.000401","-0.00012","0","11.08","Humid","30.45","0","49.40","254067.13","SABD0002000012","AAV2.0.0.13","4.0.0.2323","PSt7-10","171027-008","9/15/2022 2:43:31 PM","0000-00","0","no battery","V","","µV","","µV"
"10/14/2022","12:07:00","7","default","171425599","OXY_CH7","9.803","min","194.648","μmol/L","Humid","21.233","deg","96853","µV","27.110","°C","1020.000","hPa","36.0","pmil","0","55.700","deg","20.000","°C","100.000","%a.s.","22.210","deg","20.000","°C","971.000","hPa","0.826","-0.01532","0.000401","-0.00012","0","11.08","Humid","30.45","0","49.40","254067.44","SABD0002000012","AAV2.0.0.13","4.0.0.2323","PSt7-10","171027-008","9/15/2022 2:43:31 PM","0000-00","0","no battery","V","","µV","","µV"
"10/14/2022","12:07:01","7","default","171425599","OXY_CH7","9.820","min","194.736","μmol/L","Humid","21.230","deg","96851","µV","27.103","°C","1020.000","hPa","36.0","pmil","0","55.700","deg","20.000","°C","100.000","%a.s.","22.210","deg","20.000","°C","971.000","hPa","0.826","-0.01532","0.000401","-0.00012","0","11.08","Humid","30.45","0","49.40","254072.10","SABD0002000012","AAV2.0.0.13","4.0.0.2323","PSt7-10","171027-008","9/15/2022 2:43:31 PM","0000-00","0","no battery","V","","µV","","µV"
"10/14/2022","12:07:02","7","default","171425599","OXY_CH7","9.836","min","194.786","μmol/L","Humid","21.225","deg","96853","µV","27.110","°C","1020.000","hPa","36.0","pmil","0","55.700","deg","20.000","°C","100.000","%a.s.","22.210","deg","20.000","°C","971.000","hPa","0.826","-0.01532","0.000401","-0.00012","0","11.08","Humid","30.45","0","49.40","254083.87","SABD0002000012","AAV2.0.0.13","4.0.0.2323","PSt7-10","171027-008","9/15/2022 2:43:31 PM","0000-00","0","no battery","V","","µV","","µV"
"10/14/2022","12:07:03","7","default","171425599","OXY_CH7","9.852","min","194.786","μmol/L","Humid","21.225","deg","96830","µV","27.110","°C","1020.000","hPa","36.0","pmil","0","55.700","deg","20.000","°C","100.000","%a.s.","22.210","deg","20.000","°C","971.000","hPa","0.826","-0.01532","0.000401","-0.00012","0","11.08","Humid","30.45","0","49.40","254076.41","SABD0002000012","AAV2.0.0.13","4.0.0.2323","PSt7-10","171027-008","9/15/2022 2:43:31 PM","0000-00","0","no battery","V","","µV","","µV"
"10/14/2022","12:07:04","7","default","171425599","OXY_CH7","9.869","min","194.855","μmol/L","Humid","21.221","deg","96816","µV","27.110","°C","1020.000","hPa","36.0","pmil","0","55.700","deg","20.000","°C","100.000","%a.s.","22.210","deg","20.000","°C","971.000","hPa","0.826","-0.01532","0.000401","-0.00012","0","11.08","Humid","30.45","0","49.40","254064.23","SABD0002000012","AAV2.0.0.13","4.0.0.2323","PSt7-10","171027-008","9/15/2022 2:43:31 PM","0000-00","0","no battery","V","","µV","","µV"
"10/14/2022","12:07:05","7","default","171425599","OXY_CH7","9.886","min","194.837","μmol/L","Humid","21.220","deg","96803","µV","27.116","°C","1020.000","hPa","36.0","pmil","0","55.700","deg","20.000","°C","100.000","%a.s.","22.210","deg","20.000","°C","971.000","hPa","0.826","-0.01532","0.000401","-0.00012","0","11.08","Humid","30.45","0","49.40","254059.53","SABD0002000012","AAV2.0.0.13","4.0.0.2323","PSt7-10","171027-008","9/15/2022 2:43:31 PM","0000-00","0","no battery","V","","µV","","µV"
"10/14/2022","12:07:06","7","default","171425599","OXY_CH7","9.903","min","194.855","μmol/L","Humid","21.221","deg","96810","µV","27.110","°C","1020.000","hPa","36.0","pmil","0","55.700","deg","20.000","°C","100.000","%a.s.","22.210","deg","20.000","°C","971.000","hPa","0.826","-0.01532","0.000401","-0.00012","0","11.08","Humid","30.45","0","49.40","254068.90","SABD0002000012","AAV2.0.0.13","4.0.0.2323","PSt7-10","171027-008","9/15/2022 2:43:31 PM","0000-00","0","no battery","V","","µV","","µV"
"10/14/2022","12:07:07","7","default","171425599","OXY_CH7","9.919","min","194.890","μmol/L","Humid","21.219","deg","96796","µV","27.110","°C","1020.000","hPa","36.0","pmil","0","55.700","deg","20.000","°C","100.000","%a.s.","22.210","deg","20.000","°C","971.000","hPa","0.826","-0.01532","0.000401","-0.00012","0","11.08","Humid","30.45","0","49.40","254069.87","SABD0002000012","AAV2.0.0.13","4.0.0.2323","PSt7-10","171027-008","9/15/2022 2:43:31 PM","0000-00","0","no battery","V","","µV","","µV"
"10/14/2022","12:07:08","7","default","171425599","OXY_CH7","9.936","min","194.890","μmol/L","Humid","21.219","deg","96795","µV","27.110","°C","1020.000","hPa","36.0","pmil","0","55.700","deg","20.000","°C","100.000","%a.s.","22.210","deg","20.000","°C","971.000","hPa","0.826","-0.01532","0.000401","-0.00012","0","11.08","Humid","30.45","0","49.40","254073.74","SABD0002000012","AAV2.0.0.13","4.0.0.2323","PSt7-10","171027-008","9/15/2022 2:43:31 PM","0000-00","0","no battery","V","","µV","","µV"
"10/14/2022","12:07:09","7","default","171425599","OXY_CH7","9.953","min","194.943","μmol/L","Humid","21.218","deg","96788","µV","27.103","°C","1020.000","hPa","36.0","pmil","0","55.700","deg","20.000","°C","100.000","%a.s.","22.210","deg","20.000","°C","971.000","hPa","0.826","-0.01532","0.000401","-0.00012","0","11.08","Humid","30.45","0","49.40","254075.36","SABD0002000012","AAV2.0.0.13","4.0.0.2323","PSt7-10","171027-008","9/15/2022 2:43:31 PM","0000-00","0","no battery","V","","µV","","µV"
"10/14/2022","12:07:10","7","default","171425599","OXY_CH7","9.970","min","194.924","μmol/L","Humid","21.217","deg","96785","µV","27.110","°C","1020.000","hPa","36.0","pmil","0","55.700","deg","20.000","°C","100.000","%a.s.","22.210","deg","20.000","°C","971.000","hPa","0.826","-0.01532","0.000401","-0.00012","0","11.08","Humid","30.45","0","49.40","254084.00","SABD0002000012","AAV2.0.0.13","4.0.0.2323","PSt7-10","171027-008","9/15/2022 2:43:31 PM","0000-00","0","no battery","V","","µV","","µV"
"10/14/2022","12:07:11","7","default","171425599","OXY_CH7","9.986","min","194.943","μmol/L","Humid","21.218","deg","96779","µV","27.103","°C","1020.000","hPa","36.0","pmil","0","55.700","deg","20.000","°C","100.000","%a.s.","22.210","deg","20.000","°C","971.000","hPa","0.826","-0.01532","0.000401","-0.00012","0","11.08","Humid","30.45","0","49.40","254064.30","SABD0002000012","AAV2.0.0.13","4.0.0.2323","PSt7-10","171027-008","9/15/2022 2:43:31 PM","0000-00","0","no battery","V","","µV","","µV"
"10/14/2022","12:07:12","7","default","171425599","OXY_CH7","10.002","min","195.098","μmol/L","Humid","21.209","deg","96782","µV","27.103","°C","1020.000","hPa","36.0","pmil","0","55.700","deg","20.000","°C","100.000","%a.s.","22.210","deg","20.000","°C","971.000","hPa","0.826","-0.01532","0.000401","-0.00012","0","11.08","Humid","30.45","0","49.40","254072.31","SABD0002000012","AAV2.0.0.13","4.0.0.2323","PSt7-10","171027-008","9/15/2022 2:43:31 PM","0000-00","0","no battery","V","","µV","","µV"
"10/14/2022","12:07:13","7","default","171425599","OXY_CH7","10.019","min","195.012","μmol/L","Humid","21.214","deg","96779","µV","27.103","°C","1020.000","hPa","36.0","pmil","0","55.700","deg","20.000","°C","100.000","%a.s.","22.210","deg","20.000","°C","971.000","hPa","0.826","-0.01532","0.000401","-0.00012","0","11.08","Humid","30.45","0","49.40","254076.04","SABD0002000012","AAV2.0.0.13","4.0.0.2323","PSt7-10","171027-008","9/15/2022 2:43:31 PM","0000-00","0","no battery","V","","µV","","µV"
"10/14/2022","12:07:14","7","default","171425599","OXY_CH7","10.036","min","194.993","μmol/L","Humid","21.213","deg","96783","µV","27.110","°C","1020.000","hPa","36.0","pmil","0","55.700","deg","20.000","°C","100.000","%a.s.","22.210","deg","20.000","°C","971.000","hPa","0.826","-0.01532","0.000401","-0.00012","0","11.08","Humid","30.45","0","49.40","254068.48","SABD0002000012","AAV2.0.0.13","4.0.0.2323","PSt7-10","171027-008","9/15/2022 2:43:31 PM","0000-00","0","no battery","V","","µV","","µV"
"10/14/2022","12:07:15","7","default","171425599","OXY_CH7","10.053","min","195.081","μmol/L","Humid","21.210","deg","96772","µV","27.103","°C","1020.000","hPa","36.0","pmil","0","55.700","deg","20.000","°C","100.000","%a.s.","22.210","deg","20.000","°C","971.000","hPa","0.826","-0.01532","0.000401","-0.00012","0","11.08","Humid","30.45","0","49.40","254073.18","SABD0002000012","AAV2.0.0.13","4.0.0.2323","PSt7-10","171027-008","9/15/2022 2:43:31 PM","0000-00","0","no battery","V","","µV","","µV"
"10/14/2022","12:07:16","7","default","171425599","OXY_CH7","10.069","min","194.991","μmol/L","Humid","21.209","deg","96760","µV","27.122","°C","1020.000","hPa","36.0","pmil","0","55.700","deg","20.000","°C","100.000","%a.s.","22.210","deg","20.000","°C","971.000","hPa","0.826","-0.01532","0.000401","-0.00012","0","11.08","Humid","30.45","0","49.40","254058.70","SABD0002000012","AAV2.0.0.13","4.0.0.2323","PSt7-10","171027-008","9/15/2022 2:43:31 PM","0000-00","0","no battery","V","","µV","","µV"
"10/14/2022","12:07:17","7","default","171425599","OXY_CH7","10.086","min","195.218","μmol/L","Humid","21.200","deg","96750","µV","27.110","°C","1020.000","hPa","36.0","pmil","0","55.700","deg","20.000","°C","100.000","%a.s.","22.210","deg","20.000","°C","971.000","hPa","0.826","-0.01532","0.000401","-0.00012","0","11.08","Humid","30.45","0","49.40","254058.59","SABD0002000012","AAV2.0.0.13","4.0.0.2323","PSt7-10","171027-008","9/15/2022 2:43:31 PM","0000-00","0","no battery","V","","µV","","µV"
"10/14/2022","12:07:18","7","default","171425599","OXY_CH7","10.103","min","195.166","μmol/L","Humid","21.203","deg","96742","µV","27.110","°C","1020.000","hPa","36.0","pmil","0","55.700","deg","20.000","°C","100.000","%a.s.","22.210","deg","20.000","°C","971.000","hPa","0.826","-0.01532","0.000401","-0.00012","0","11.08","Humid","30.45","0","49.40","254059.55","SABD0002000012","AAV2.0.0.13","4.0.0.2323","PSt7-10","171027-008","9/15/2022 2:43:31 PM","0000-00","0","no battery","V","","µV","","µV"
"10/14/2022","12:07:19","7","default","171425599","OXY_CH7","10.120","min","195.097","μmol/L","Humid","21.207","deg","96739","µV","27.110","°C","1020.000","hPa","36.0","pmil","0","55.700","deg","20.000","°C","100.000","%a.s.","22.210","deg","20.000","°C","971.000","hPa","0.826","-0.01532","0.000401","-0.00012","0","11.08","Humid","30.45","0","49.40","254063.03","SABD0002000012","AAV2.0.0.13","4.0.0.2323","PSt7-10","171027-008","9/15/2022 2:43:31 PM","0000-00","0","no battery","V","","µV","","µV"
"10/14/2022","12:07:20","7","default","171425599","OXY_CH7","10.136","min","195.096","μmol/L","Humid","21.205","deg","96732","µV","27.116","°C","1020.000","hPa","36.0","pmil","0","55.700","deg","20.000","°C","100.000","%a.s.","22.210","deg","20.000","°C","971.000","hPa","0.826","-0.01532","0.000401","-0.00012","0","11.08","Humid","30.45","0","49.40","254057.39","SABD0002000012","AAV2.0.0.13","4.0.0.2323","PSt7-10","171027-008","9/15/2022 2:43:31 PM","0000-00","0","no battery","V","","µV","","µV"
"10/14/2022","12:07:21","7","default","171425599","OXY_CH7","10.152","min","195.096","μmol/L","Humid","21.205","deg","96726","µV","27.116","°C","1020.000","hPa","36.0","pmil","0","55.700","deg","20.000","°C","100.000","%a.s.","22.210","deg","20.000","°C","971.000","hPa","0.826","-0.01532","0.000401","-0.00012","0","11.08","Humid","30.45","0","49.40","254048.36","SABD0002000012","AAV2.0.0.13","4.0.0.2323","PSt7-10","171027-008","9/15/2022 2:43:31 PM","0000-00","0","no battery","V","","µV","","µV"
"10/14/2022","12:07:22","7","default","171425599","OXY_CH7","10.169","min","195.149","μmol/L","Humid","21.204","deg","96721","µV","27.110","°C","1020.000","hPa","36.0","pmil","0","55.700","deg","20.000","°C","100.000","%a.s.","22.210","deg","20.000","°C","971.000","hPa","0.826","-0.01532","0.000401","-0.00012","0","11.08","Humid","30.45","0","49.40","254061.71","SABD0002000012","AAV2.0.0.13","4.0.0.2323","PSt7-10","171027-008","9/15/2022 2:43:31 PM","0000-00","0","no battery","V","","µV","","µV"
"10/14/2022","12:07:23","7","default","171425599","OXY_CH7","10.186","min","195.182","μmol/L","Humid","21.200","deg","96713","µV","27.116","°C","1020.000","hPa","36.0","pmil","0","55.700","deg","20.000","°C","100.000","%a.s.","22.210","deg","20.000","°C","971.000","hPa","0.826","-0.01532","0.000401","-0.00012","0","11.08","Humid","30.45","0","49.40","254049.93","SABD0002000012","AAV2.0.0.13","4.0.0.2323","PSt7-10","171027-008","9/15/2022 2:43:31 PM","0000-00","0","no battery","V","","µV","","µV"
"10/14/2022","12:07:24","7","default","171425599","OXY_CH7","10.203","min","195.182","μmol/L","Humid","21.200","deg","96715","µV","27.116","°C","1020.000","hPa","36.0","pmil","0","55.700","deg","20.000","°C","100.000","%a.s.","22.210","deg","20.000","°C","971.000","hPa","0.826","-0.01532","0.000401","-0.00012","0","11.08","Humid","30.45","0","49.40","254046.98","SABD0002000012","AAV2.0.0.13","4.0.0.2323","PSt7-10","171027-008","9/15/2022 2:43:31 PM","0000-00","0","no battery","V","","µV","","µV"
"10/14/2022","12:07:25","7","default","171425599","OXY_CH7","10.219","min","195.234","μmol/L","Humid","21.197","deg","96707","µV","27.116","°C","1020.000","hPa","36.0","pmil","0","55.700","deg","20.000","°C","100.000","%a.s.","22.210","deg","20.000","°C","971.000","hPa","0.826","-0.01532","0.000401","-0.00012","0","11.08","Humid","30.45","0","49.40","254045.79","SABD0002000012","AAV2.0.0.13","4.0.0.2323","PSt7-10","171027-008","9/15/2022 2:43:31 PM","0000-00","0","no battery","V","","µV","","µV"
"10/14/2022","12:07:26","7","default","171425599","OXY_CH7","10.236","min","195.217","μmol/L","Humid","21.198","deg","96708","µV","27.116","°C","1020.000","hPa","36.0","pmil","0","55.700","deg","20.000","°C","100.000","%a.s.","22.210","deg","20.000","°C","971.000","hPa","0.826","-0.01532","0.000401","-0.00012","0","11.08","Humid","30.45","0","49.40","254045.89","SABD0002000012","AAV2.0.0.13","4.0.0.2323","PSt7-10","171027-008","9/15/2022 2:43:31 PM","0000-00","0","no battery","V","","µV","","µV"
"10/14/2022","12:07:27","7","default","171425599","OXY_CH7","10.253","min","195.253","μmol/L","Humid","21.198","deg","96700","µV","27.110","°C","1020.000","hPa","36.0","pmil","0","55.700","deg","20.000","°C","100.000","%a.s.","22.210","deg","20.000","°C","971.000","hPa","0.826","-0.01532","0.000401","-0.00012","0","11.08","Humid","30.45","0","49.40","254042.99","SABD0002000012","AAV2.0.0.13","4.0.0.2323","PSt7-10","171027-008","9/15/2022 2:43:31 PM","0000-00","0","no battery","V","","µV","","µV"
"10/14/2022","12:07:28","7","default","171425599","OXY_CH7","10.270","min","195.303","μmol/L","Humid","21.193","deg","96695","µV","27.116","°C","1020.000","hPa","36.0","pmil","0","55.700","deg","20.000","°C","100.000","%a.s.","22.210","deg","20.000","°C","971.000","hPa","0.826","-0.01532","0.000401","-0.00012","0","11.08","Humid","30.45","0","49.40","254045.13","SABD0002000012","AAV2.0.0.13","4.0.0.2323","PSt7-10","171027-008","9/15/2022 2:43:31 PM","0000-00","0","no battery","V","","µV","","µV"
"10/14/2022","12:07:29","7","default","171425599","OXY_CH7","10.286","min","195.251","μmol/L","Humid","21.196","deg","96700","µV","27.116","°C","1020.000","hPa","36.0","pmil","0","55.700","deg","20.000","°C","100.000","%a.s.","22.210","deg","20.000","°C","971.000","hPa","0.826","-0.01532","0.000401","-0.00012","0","11.08","Humid","30.45","0","49.40","254054.02","SABD0002000012","AAV2.0.0.13","4.0.0.2323","PSt7-10","171027-008","9/15/2022 2:43:31 PM","0000-00","0","no battery","V","","µV","","µV"
"10/14/2022","12:07:30","7","default","171425599","OXY_CH7","10.302","min","195.250","μmol/L","Humid","21.194","deg","96692","µV","27.122","°C","1020.000","hPa","36.0","pmil","0","55.700","deg","20.000","°C","100.000","%a.s.","22.210","deg","20.000","°C","971.000","hPa","0.826","-0.01532","0.000401","-0.00012","0","11.08","Humid","30.45","0","49.40","254048.20","SABD0002000012","AAV2.0.0.13","4.0.0.2323","PSt7-10","171027-008","9/15/2022 2:43:31 PM","0000-00","0","no battery","V","","µV","","µV"
"10/14/2022","12:07:31","7","default","171425599","OXY_CH7","10.319","min","195.303","μmol/L","Humid","21.193","deg","96676","µV","27.116","°C","1020.000","hPa","36.0","pmil","0","55.700","deg","20.000","°C","100.000","%a.s.","22.210","deg","20.000","°C","971.000","hPa","0.826","-0.01532","0.000401","-0.00012","0","11.08","Humid","30.45","0","49.40","254049.15","SABD0002000012","AAV2.0.0.13","4.0.0.2323","PSt7-10","171027-008","9/15/2022 2:43:31 PM","0000-00","0","no battery","V","","µV","","µV"
"10/14/2022","12:07:32","7","default","171425599","OXY_CH7","10.336","min","195.198","μmol/L","Humid","21.197","deg","96675","µV","27.122","°C","1020.000","hPa","36.0","pmil","0","55.700","deg","20.000","°C","100.000","%a.s.","22.210","deg","20.000","°C","971.000","hPa","0.826","-0.01532","0.000401","-0.00012","0","11.08","Humid","30.45","0","49.40","254048.73","SABD0002000012","AAV2.0.0.13","4.0.0.2323","PSt7-10","171027-008","9/15/2022 2:43:31 PM","0000-00","0","no battery","V","","µV","","µV"
"10/14/2022","12:07:33","7","default","171425599","OXY_CH7","10.353","min","195.303","μmol/L","Humid","21.193","deg","96684","µV","27.116","°C","1020.000","hPa","36.0","pmil","0","55.700","deg","20.000","°C","100.000","%a.s.","22.210","deg","20.000","°C","971.000","hPa","0.826","-0.01532","0.000401","-0.00012","0","11.08","Humid","30.45","0","49.40","254059.64","SABD0002000012","AAV2.0.0.13","4.0.0.2323","PSt7-10","171027-008","9/15/2022 2:43:31 PM","0000-00","0","no battery","V","","µV","","µV"
"10/14/2022","12:07:34","7","default","171425599","OXY_CH7","10.369","min","195.338","μmol/L","Humid","21.191","deg","96666","µV","27.116","°C","1020.000","hPa","36.0","pmil","0","55.700","deg","20.000","°C","100.000","%a.s.","22.210","deg","20.000","°C","971.000","hPa","0.826","-0.01532","0.000401","-0.00012","0","11.08","Humid","30.45","0","49.40","254041.87","SABD0002000012","AAV2.0.0.13","4.0.0.2323","PSt7-10","171027-008","9/15/2022 2:43:31 PM","0000-00","0","no battery","V","","µV","","µV"
"10/14/2022","12:07:35","7","default","171425599","OXY_CH7","10.386","min","195.319","μmol/L","Humid","21.190","deg","96669","µV","27.122","°C","1020.000","hPa","36.0","pmil","0","55.700","deg","20.000","°C","100.000","%a.s.","22.210","deg","20.000","°C","971.000","hPa","0.826","-0.01532","0.000401","-0.00012","0","11.08","Humid","30.45","0","49.40","254042.61","SABD0002000012","AAV2.0.0.13","4.0.0.2323","PSt7-10","171027-008","9/15/2022 2:43:31 PM","0000-00","0","no battery","V","","µV","","µV"
"10/14/2022","12:07:36","7","default","171425599","OXY_CH7","10.403","min","195.355","μmol/L","Humid","21.190","deg","96668","µV","27.116","°C","1020.000","hPa","36.0","pmil","0","55.700","deg","20.000","°C","100.000","%a.s.","22.210","deg","20.000","°C","971.000","hPa","0.826","-0.01532","0.000401","-0.00012","0","11.08","Humid","30.45","0","49.40","254054.15","SABD0002000012","AAV2.0.0.13","4.0.0.2323","PSt7-10","171027-008","9/15/2022 2:43:31 PM","0000-00","0","no battery","V","","µV","","µV"
"10/14/2022","12:07:37","7","default","171425599","OXY_CH7","10.420","min","195.459","μmol/L","Humid","21.184","deg","96664","µV","27.116","°C","1020.000","hPa","36.0","pmil","0","55.700","deg","20.000","°C","100.000","%a.s.","22.210","deg","20.000","°C","971.000","hPa","0.826","-0.01532","0.000401","-0.00012","0","11.08","Humid","30.45","0","49.40","254047.50","SABD0002000012","AAV2.0.0.13","4.0.0.2323","PSt7-10","171027-008","9/15/2022 2:43:31 PM","0000-00","0","no battery","V","","µV","","µV"
"10/14/2022","12:07:38","7","default","171425599","OXY_CH7","10.436","min","195.478","μmol/L","Humid","21.185","deg","96661","µV","27.110","°C","1020.000","hPa","36.0","pmil","0","55.700","deg","20.000","°C","100.000","%a.s.","22.210","deg","20.000","°C","971.000","hPa","0.826","-0.01532","0.000401","-0.00012","0","11.08","Humid","30.45","0","49.40","254057.20","SABD0002000012","AAV2.0.0.13","4.0.0.2323","PSt7-10","171027-008","9/15/2022 2:43:31 PM","0000-00","0","no battery","V","","µV","","µV"
"10/14/2022","12:07:39","7","default","171425599","OXY_CH7","10.453","min","195.460","μmol/L","Humid","21.186","deg","96661","µV","27.110","°C","1020.000","hPa","36.0","pmil","0","55.700","deg","20.000","°C","100.000","%a.s.","22.210","deg","20.000","°C","971.000","hPa","0.826","-0.01532","0.000401","-0.00012","0","11.08","Humid","30.45","0","49.40","254054.34","SABD0002000012","AAV2.0.0.13","4.0.0.2323","PSt7-10","171027-008","9/15/2022 2:43:31 PM","0000-00","0","no battery","V","","µV","","µV"
"10/14/2022","12:07:40","7","default","171425599","OXY_CH7","10.469","min","195.512","μmol/L","Humid","21.183","deg","96646","µV","27.110","°C","1020.000","hPa","36.0","pmil","0","55.700","deg","20.000","°C","100.000","%a.s.","22.210","deg","20.000","°C","971.000","hPa","0.826","-0.01532","0.000401","-0.00012","0","11.08","Humid","30.45","0","49.40","254039.60","SABD0002000012","AAV2.0.0.13","4.0.0.2323","PSt7-10","171027-008","9/15/2022 2:43:31 PM","0000-00","0","no battery","V","","µV","","µV"
"10/14/2022","12:07:41","7","default","171425599","OXY_CH7","10.486","min","195.442","μmol/L","Humid","21.185","deg","96642","µV","27.116","°C","1020.000","hPa","36.0","pmil","0","55.700","deg","20.000","°C","100.000","%a.s.","22.210","deg","20.000","°C","971.000","hPa","0.826","-0.01532","0.000401","-0.00012","0","11.08","Humid","30.45","0","49.40","254041.50","SABD0002000012","AAV2.0.0.13","4.0.0.2323","PSt7-10","171027-008","9/15/2022 2:43:31 PM","0000-00","0","no battery","V","","µV","","µV"
"10/14/2022","12:07:42","7","default","171425599","OXY_CH7","10.503","min","195.425","μmol/L","Humid","21.186","deg","96645","µV","27.116","°C","1020.000","hPa","36.0","pmil","0","55.700","deg","20.000","°C","100.000","%a.s.","22.210","deg","20.000","°C","971.000","hPa","0.826","-0.01532","0.000401","-0.00012","0","11.08","Humid","30.45","0","49.40","254037.92","SABD0002000012","AAV2.0.0.13","4.0.0.2323","PSt7-10","171027-008","9/15/2022 2:43:31 PM","0000-00","0","no battery","V","","µV","","µV"
"10/14/2022","12:07:43","7","default","171425599","OXY_CH7","10.519","min","195.477","μmol/L","Humid","21.183","deg","96635","µV","27.116","°C","1020.000","hPa","36.0","pmil","0","55.700","deg","20.000","°C","100.000","%a.s.","22.210","deg","20.000","°C","971.000","hPa","0.826","-0.01532","0.000401","-0.00012","0","11.08","Humid","30.45","0","49.40","254034.52","SABD0002000012","AAV2.0.0.13","4.0.0.2323","PSt7-10","171027-008","9/15/2022 2:43:31 PM","0000-00","0","no battery","V","","µV","","µV"
"10/14/2022","12:07:44","7","default","171425599","OXY_CH7","10.536","min","195.494","μmol/L","Humid","21.182","deg","96634","µV","27.116","°C","1020.000","hPa","36.0","pmil","0","55.700","deg","20.000","°C","100.000","%a.s.","22.210","deg","20.000","°C","971.000","hPa","0.826","-0.01532","0.000401","-0.00012","0","11.08","Humid","30.45","0","49.40","254041.46","SABD0002000012","AAV2.0.0.13","4.0.0.2323","PSt7-10","171027-008","9/15/2022 2:43:31 PM","0000-00","0","no battery","V","","µV","","µV"
"10/14/2022","12:07:45","7","default","171425599","OXY_CH7","10.553","min","195.546","μmol/L","Humid","21.179","deg","96627","µV","27.116","°C","1020.000","hPa","36.0","pmil","0","55.700","deg","20.000","°C","100.000","%a.s.","22.210","deg","20.000","°C","971.000","hPa","0.826","-0.01532","0.000401","-0.00012","0","11.08","Humid","30.45","0","49.40","254047.61","SABD0002000012","AAV2.0.0.13","4.0.0.2323","PSt7-10","171027-008","9/15/2022 2:43:31 PM","0000-00","0","no battery","V","","µV","","µV"
"10/14/2022","12:07:46","7","default","171425599","OXY_CH7","10.570","min","195.582","μmol/L","Humid","21.179","deg","96626","µV","27.110","°C","1020.000","hPa","36.0","pmil","0","55.700","deg","20.000","°C","100.000","%a.s.","22.210","deg","20.000","°C","971.000","hPa","0.826","-0.01532","0.000401","-0.00012","0","11.08","Humid","30.45","0","49.40","254042.47","SABD0002000012","AAV2.0.0.13","4.0.0.2323","PSt7-10","171027-008","9/15/2022 2:43:31 PM","0000-00","0","no battery","V","","µV","","µV"
"10/14/2022","12:07:47","7","default","171425599","OXY_CH7","10.586","min","195.511","μmol/L","Humid","21.181","deg","96622","µV","27.116","°C","1020.000","hPa","36.0","pmil","0","55.700","deg","20.000","°C","100.000","%a.s.","22.210","deg","20.000","°C","971.000","hPa","0.826","-0.01532","0.000401","-0.00012","0","11.08","Humid","30.45","0","49.40","254043.90","SABD0002000012","AAV2.0.0.13","4.0.0.2323","PSt7-10","171027-008","9/15/2022 2:43:31 PM","0000-00","0","no battery","V","","µV","","µV"
"10/14/2022","12:07:48","7","default","171425599","OXY_CH7","10.602","min","195.581","μmol/L","Humid","21.177","deg","96630","µV","27.116","°C","1020.000","hPa","36.0","pmil","0","55.700","deg","20.000","°C","100.000","%a.s.","22.210","deg","20.000","°C","971.000","hPa","0.826","-0.01532","0.000401","-0.00012","0","11.08","Humid","30.45","0","49.40","254042.78","SABD0002000012","AAV2.0.0.13","4.0.0.2323","PSt7-10","171027-008","9/15/2022 2:43:31 PM","0000-00","0","no battery","V","","µV","","µV"
"10/14/2022","12:07:49","7","default","171425599","OXY_CH7","10.619","min","195.562","μmol/L","Humid","21.176","deg","96617","µV","27.122","°C","1020.000","hPa","36.0","pmil","0","55.700","deg","20.000","°C","100.000","%a.s.","22.210","deg","20.000","°C","971.000","hPa","0.826","-0.01532","0.000401","-0.00012","0","11.08","Humid","30.45","0","49.40","254034.43","SABD0002000012","AAV2.0.0.13","4.0.0.2323","PSt7-10","171027-008","9/15/2022 2:43:31 PM","0000-00","0","no battery","V","","µV","","µV"
"10/14/2022","12:07:50","7","default","171425599","OXY_CH7","10.636","min","195.598","μmol/L","Humid","21.176","deg","96607","µV","27.116","°C","1020.000","hPa","36.0","pmil","0","55.700","deg","20.000","°C","100.000","%a.s.","22.210","deg","20.000","°C","971.000","hPa","0.826","-0.01532","0.000401","-0.00012","0","11.08","Humid","30.45","0","49.40","254028.68","SABD0002000012","AAV2.0.0.13","4.0.0.2323","PSt7-10","171027-008","9/15/2022 2:43:31 PM","0000-00","0","no battery","V","","µV","","µV"
"10/14/2022","12:07:51","7","default","171425599","OXY_CH7","10.653","min","195.579","μmol/L","Humid","21.175","deg","96614","µV","27.122","°C","1020.000","hPa","36.0","pmil","0","55.700","deg","20.000","°C","100.000","%a.s.","22.210","deg","20.000","°C","971.000","hPa","0.826","-0.01532","0.000401","-0.00012","0","11.08","Humid","30.45","0","49.40","254038.82","SABD0002000012","AAV2.0.0.13","4.0.0.2323","PSt7-10","171027-008","9/15/2022 2:43:31 PM","0000-00","0","no battery","V","","µV","","µV"
"10/14/2022","12:07:52","7","default","171425599","OXY_CH7","10.670","min","195.598","μmol/L","Humid","21.176","deg","96607","µV","27.116","°C","1020.000","hPa","36.0","pmil","0","55.700","deg","20.000","°C","100.000","%a.s.","22.210","deg","20.000","°C","971.000","hPa","0.826","-0.01532","0.000401","-0.00012","0","11.08","Humid","30.45","0","49.40","254037.06","SABD0002000012","AAV2.0.0.13","4.0.0.2323","PSt7-10","171027-008","9/15/2022 2:43:31 PM","0000-00","0","no battery","V","","µV","","µV"
"10/14/2022","12:07:53","7","default","171425599","OXY_CH7","10.686","min","195.631","μmol/L","Humid","21.172","deg","96598","µV","27.122","°C","1020.000","hPa","36.0","pmil","0","55.700","deg","20.000","°C","100.000","%a.s.","22.210","deg","20.000","°C","971.000","hPa","0.826","-0.01532","0.000401","-0.00012","0","11.08","Humid","30.45","0","49.40","254035.32","SABD0002000012","AAV2.0.0.13","4.0.0.2323","PSt7-10","171027-008","9/15/2022 2:43:31 PM","0000-00","0","no battery","V","","µV","","µV"
"10/14/2022","12:07:54","7","default","171425599","OXY_CH7","10.703","min","195.650","μmol/L","Humid","21.173","deg","96600","µV","27.116","°C","1020.000","hPa","36.0","pmil","0","55.700","deg","20.000","°C","100.000","%a.s.","22.210","deg","20.000","°C","971.000","hPa","0.826","-0.01532","0.000401","-0.00012","0","11.08","Humid","30.45","0","49.40","254038.30","SABD0002000012","AAV2.0.0.13","4.0.0.2323","PSt7-10","171027-008","9/15/2022 2:43:31 PM","0000-00","0","no battery","V","","µV","","µV"
"10/14/2022","12:07:55","7","default","171425599","OXY_CH7","10.720","min","195.683","μmol/L","Humid","21.169","deg","96589","µV","27.122","°C","1020.000","hPa","36.0","pmil","0","55.700","deg","20.000","°C","100.000","%a.s.","22.210","deg","20.000","°C","971.000","hPa","0.826","-0.01532","0.000401","-0.00012","0","11.08","Humid","30.45","0","49.40","254025.19","SABD0002000012","AAV2.0.0.13","4.0.0.2323","PSt7-10","171027-008","9/15/2022 2:43:31 PM","0000-00","0","no battery","V","","µV","","µV"
"10/14/2022","12:07:56","7","default","171425599","OXY_CH7","10.736","min","195.789","μmol/L","Humid","21.165","deg","96592","µV","27.116","°C","1020.000","hPa","36.0","pmil","0","55.700","deg","20.000","°C","100.000","%a.s.","22.210","deg","20.000","°C","971.000","hPa","0.826","-0.01532","0.000401","-0.00012","0","11.08","Humid","30.45","0","49.40","254031.97","SABD0002000012","AAV2.0.0.13","4.0.0.2323","PSt7-10","171027-008","9/15/2022 2:43:31 PM","0000-00","0","no battery","V","","µV","","µV"
"10/14/2022","12:07:57","7","default","171425599","OXY_CH7","10.752","min","195.771","μmol/L","Humid","21.166","deg","96575","µV","27.116","°C","1020.000","hPa","36.0","pmil","0","55.700","deg","20.000","°C","100.000","%a.s.","22.210","deg","20.000","°C","971.000","hPa","0.826","-0.01532","0.000401","-0.00012","0","11.08","Humid","30.45","0","49.40","254038.80","SABD0002000012","AAV2.0.0.13","4.0.0.2323","PSt7-10","171027-008","9/15/2022 2:43:31 PM","0000-00","0","no battery","V","","µV","","µV"
"10/14/2022","12:07:58","7","default","171425599","OXY_CH7","10.769","min","195.807","μmol/L","Humid","21.166","deg","96576","µV","27.110","°C","1020.000","hPa","36.0","pmil","0","55.700","deg","20.000","°C","100.000","%a.s.","22.210","deg","20.000","°C","971.000","hPa","0.826","-0.01532","0.000401","-0.00012","0","11.08","Humid","30.45","0","49.40","254032.59","SABD0002000012","AAV2.0.0.13","4.0.0.2323","PSt7-10","171027-008","9/15/2022 2:43:31 PM","0000-00","0","no battery","V","","µV","","µV"
"10/14/2022","12:07:59","7","default","171425599","OXY_CH7","10.786","min","195.718","μmol/L","Humid","21.167","deg","96574","µV","27.122","°C","1020.000","hPa","36.0","pmil","0","55.700","deg","20.000","°C","100.000","%a.s.","22.210","deg","20.000","°C","971.000","hPa","0.826","-0.01532","0.000401","-0.00012","0","11.08","Humid","30.45","0","49.40","254036.45","SABD0002000012","AAV2.0.0.13","4.0.0.2323","PSt7-10","171027-008","9/15/2022 2:43:31 PM","0000-00","0","no battery","V","","µV","","µV"
"10/14/2022","12:08:00","7","default","171425599","OXY_CH7","10.803","min","195.770","μmol/L","Humid","21.164","deg","96571","µV","27.122","°C","1020.000","hPa","36.0","pmil","0","55.700","deg","20.000","°C","100.000","%a.s.","22.210","deg","20.000","°C","971.000","hPa","0.826","-0.01532","0.000401","-0.00012","0","11.08","Humid","30.45","0","49.40","254031.23","SABD0002000012","AAV2.0.0.13","4.0.0.2323","PSt7-10","171027-008","9/15/2022 2:43:31 PM","0000-00","0","no battery","V","","µV","","µV"
"10/14/2022","12:08:01","7","default","171425599","OXY_CH7","10.819","min","195.823","μmol/L","Humid","21.163","deg","96568","µV","27.116","°C","1020.000","hPa","36.0","pmil","0","55.700","deg","20.000","°C","100.000","%a.s.","22.210","deg","20.000","°C","971.000","hPa","0.826","-0.01532","0.000401","-0.00012","0","11.08","Humid","30.45","0","49.40","254014.81","SABD0002000012","AAV2.0.0.13","4.0.0.2323","PSt7-10","171027-008","9/15/2022 2:43:31 PM","0000-00","0","no battery","V","","µV","","µV"
"10/14/2022","12:08:02","7","default","171425599","OXY_CH7","10.836","min","195.807","μmol/L","Humid","21.166","deg","96563","µV","27.110","°C","1020.000","hPa","36.0","pmil","0","55.700","deg","20.000","°C","100.000","%a.s.","22.210","deg","20.000","°C","971.000","hPa","0.826","-0.01532","0.000401","-0.00012","0","11.08","Humid","30.45","0","49.40","254028.83","SABD0002000012","AAV2.0.0.13","4.0.0.2323","PSt7-10","171027-008","9/15/2022 2:43:31 PM","0000-00","0","no battery","V","","µV","","µV"
"10/14/2022","12:08:03","7","default","171425599","OXY_CH7","10.853","min","195.858","μmol/L","Humid","21.161","deg","96563","µV","27.116","°C","1020.000","hPa","36.0","pmil","0","55.700","deg","20.000","°C","100.000","%a.s.","22.210","deg","20.000","°C","971.000","hPa","0.826","-0.01532","0.000401","-0.00012","0","11.08","Humid","30.45","0","49.40","254030.50","SABD0002000012","AAV2.0.0.13","4.0.0.2323","PSt7-10","171027-008","9/15/2022 2:43:31 PM","0000-00","0","no battery","V","","µV","","µV"
"10/14/2022","12:08:04","7","default","171425599","OXY_CH7","10.870","min","195.840","μmol/L","Humid","21.160","deg","96557","µV","27.122","°C","1020.000","hPa","36.0","pmil","0","55.700","deg","20.000","°C","100.000","%a.s.","22.210","deg","20.000","°C","971.000","hPa","0.826","-0.01532","0.000401","-0.00012","0","11.08","Humid","30.45","0","49.40","254043.01","SABD0002000012","AAV2.0.0.13","4.0.0.2323","PSt7-10","171027-008","9/15/2022 2:43:31 PM","0000-00","0","no battery","V","","µV","","µV"
"10/14/2022","12:08:05","7","default","171425599","OXY_CH7","10.886","min","195.910","μmol/L","Humid","21.158","deg","96549","µV","27.116","°C","1020.000","hPa","36.0","pmil","0","55.700","deg","20.000","°C","100.000","%a.s.","22.210","deg","20.000","°C","971.000","hPa","0.826","-0.01532","0.000401","-0.00012","0","11.08","Humid","30.45","0","49.40","254030.59","SABD0002000012","AAV2.0.0.13","4.0.0.2323","PSt7-10","171027-008","9/15/2022 2:43:31 PM","0000-00","0","no battery","V","","µV","","µV"
"10/14/2022","12:08:06","7","default","171425599","OXY_CH7","10.902","min","195.910","μmol/L","Humid","21.158","deg","96539","µV","27.116","°C","1020.000","hPa","36.0","pmil","0","55.700","deg","20.000","°C","100.000","%a.s.","22.210","deg","20.000","°C","971.000","hPa","0.826","-0.01532","0.000401","-0.00012","0","11.08","Humid","30.45","0","49.40","254020.54","SABD0002000012","AAV2.0.0.13","4.0.0.2323","PSt7-10","171027-008","9/15/2022 2:43:31 PM","0000-00","0","no battery","V","","µV","","µV"
"10/14/2022","12:08:07","7","default","171425599","OXY_CH7","10.919","min","195.944","μmol/L","Humid","21.154","deg","96538","µV","27.122","°C","1020.000","hPa","36.0","pmil","0","55.700","deg","20.000","°C","100.000","%a.s.","22.210","deg","20.000","°C","971.000","hPa","0.826","-0.01532","0.000401","-0.00012","0","11.08","Humid","30.45","0","49.40","254027.93","SABD0002000012","AAV2.0.0.13","4.0.0.2323","PSt7-10","171027-008","9/15/2022 2:43:31 PM","0000-00","0","no battery","V","","µV","","µV"
"10/14/2022","12:08:08","7","default","171425599","OXY_CH7","10.936","min","195.962","μmol/L","Humid","21.155","deg","96531","µV","27.116","°C","1020.000","hPa","36.0","pmil","0","55.700","deg","20.000","°C","100.000","%a.s.","22.210","deg","20.000","°C","971.000","hPa","0.826","-0.01532","0.000401","-0.00012","0","11.08","Humid","30.45","0","49.40","254024.85","SABD0002000012","AAV2.0.0.13","4.0.0.2323","PSt7-10","171027-008","9/15/2022 2:43:31 PM","0000-00","0","no battery","V","","µV","","µV"
"10/14/2022","12:08:09","7","default","171425599","OXY_CH7","10.953","min","195.961","μmol/L","Humid","21.153","deg","96530","µV","27.122","°C","1020.000","hPa","36.0","pmil","0","55.700","deg","20.000","°C","100.000","%a.s.","22.210","deg","20.000","°C","971.000","hPa","0.826","-0.01532","0.000401","-0.00012","0","11.08","Humid","30.45","0","49.40","254035.64","SABD0002000012","AAV2.0.0.13","4.0.0.2323","PSt7-10","171027-008","9/15/2022 2:43:31 PM","0000-00","0","no battery","V","","µV","","µV"
"10/14/2022","12:08:10","7","default","171425599","OXY_CH7","10.970","min","196.015","μmol/L","Humid","21.152","deg","96518","µV","27.116","°C","1020.000","hPa","36.0","pmil","0","55.700","deg","20.000","°C","100.000","%a.s.","22.210","deg","20.000","°C","971.000","hPa","0.826","-0.01532","0.000401","-0.00012","0","11.08","Humid","30.45","0","49.40","254015.37","SABD0002000012","AAV2.0.0.13","4.0.0.2323","PSt7-10","171027-008","9/15/2022 2:43:31 PM","0000-00","0","no battery","V","","µV","","µV"
"10/14/2022","12:08:11","7","default","171425599","OXY_CH7","10.986","min","195.961","μmol/L","Humid","21.153","deg","96524","µV","27.122","°C","1020.000","hPa","36.0","pmil","0","55.700","deg","20.000","°C","100.000","%a.s.","22.210","deg","20.000","°C","971.000","hPa","0.826","-0.01532","0.000401","-0.00012","0","11.08","Humid","30.45","0","49.40","254021.51","SABD0002000012","AAV2.0.0.13","4.0.0.2323","PSt7-10","171027-008","9/15/2022 2:43:31 PM","0000-00","0","no battery","V","","µV","","µV"
"10/14/2022","12:08:12","7","default","171425599","OXY_CH7","11.003","min","195.961","μmol/L","Humid","21.153","deg","96513","µV","27.122","°C","1020.000","hPa","36.0","pmil","0","55.700","deg","20.000","°C","100.000","%a.s.","22.210","deg","20.000","°C","971.000","hPa","0.826","-0.01532","0.000401","-0.00012","0","11.08","Humid","30.45","0","49.40","254032.05","SABD0002000012","AAV2.0.0.13","4.0.0.2323","PSt7-10","171027-008","9/15/2022 2:43:31 PM","0000-00","0","no battery","V","","µV","","µV"
"10/14/2022","12:08:13","7","default","171425599","OXY_CH7","11.020","min","196.032","μmol/L","Humid","21.151","deg","96515","µV","27.116","°C","1020.000","hPa","36.0","pmil","0","55.700","deg","20.000","°C","100.000","%a.s.","22.210","deg","20.000","°C","971.000","hPa","0.826","-0.01532","0.000401","-0.00012","0","11.08","Humid","30.45","0","49.40","254029.21","SABD0002000012","AAV2.0.0.13","4.0.0.2323","PSt7-10","171027-008","9/15/2022 2:43:31 PM","0000-00","0","no battery","V","","µV","","µV"
"10/14/2022","12:08:14","7","default","171425599","OXY_CH7","11.036","min","196.101","μmol/L","Humid","21.147","deg","96508","µV","27.116","°C","1020.000","hPa","36.0","pmil","0","55.700","deg","20.000","°C","100.000","%a.s.","22.210","deg","20.000","°C","971.000","hPa","0.826","-0.01532","0.000401","-0.00012","0","11.08","Humid","30.45","0","49.40","254028.08","SABD0002000012","AAV2.0.0.13","4.0.0.2323","PSt7-10","171027-008","9/15/2022 2:43:31 PM","0000-00","0","no battery","V","","µV","","µV"
"10/14/2022","12:08:15","7","default","171425599","OXY_CH7","11.052","min","196.048","μmol/L","Humid","21.148","deg","96506","µV","27.122","°C","1020.000","hPa","36.0","pmil","0","55.700","deg","20.000","°C","100.000","%a.s.","22.210","deg","20.000","°C","971.000","hPa","0.826","-0.01532","0.000401","-0.00012","0","11.08","Humid","30.45","0","49.40","254016.32","SABD0002000012","AAV2.0.0.13","4.0.0.2323","PSt7-10","171027-008","9/15/2022 2:43:31 PM","0000-00","0","no battery","V","","µV","","µV"
"10/14/2022","12:08:16","7","default","171425599","OXY_CH7","11.069","min","196.100","μmol/L","Humid","21.145","deg","96503","µV","27.122","°C","1020.000","hPa","36.0","pmil","0","55.700","deg","20.000","°C","100.000","%a.s.","22.210","deg","20.000","°C","971.000","hPa","0.826","-0.01532","0.000401","-0.00012","0","11.08","Humid","30.45","0","49.40","254017.87","SABD0002000012","AAV2.0.0.13","4.0.0.2323","PSt7-10","171027-008","9/15/2022 2:43:31 PM","0000-00","0","no battery","V","","µV","","µV"
"10/14/2022","12:08:17","7","default","171425599","OXY_CH7","11.086","min","196.119","μmol/L","Humid","21.146","deg","96496","µV","27.116","°C","1020.000","hPa","36.0","pmil","0","55.700","deg","20.000","°C","100.000","%a.s.","22.210","deg","20.000","°C","971.000","hPa","0.826","-0.01532","0.000401","-0.00012","0","11.08","Humid","30.45","0","49.40","254034.66","SABD0002000012","AAV2.0.0.13","4.0.0.2323","PSt7-10","171027-008","9/15/2022 2:43:31 PM","0000-00","0","no battery","V","","µV","","µV"
"10/14/2022","12:08:18","7","default","171425599","OXY_CH7","11.103","min","196.064","μmol/L","Humid","21.145","deg","96501","µV","27.128","°C","1020.000","hPa","36.0","pmil","0","55.700","deg","20.000","°C","100.000","%a.s.","22.210","deg","20.000","°C","971.000","hPa","0.826","-0.01532","0.000401","-0.00012","0","11.08","Humid","30.45","0","49.40","254018.92","SABD0002000012","AAV2.0.0.13","4.0.0.2323","PSt7-10","171027-008","9/15/2022 2:43:31 PM","0000-00","0","no battery","V","","µV","","µV"
"10/14/2022","12:08:19","7","default","171425599","OXY_CH7","11.119","min","196.029","μmol/L","Humid","21.147","deg","96487","µV","27.128","°C","1020.000","hPa","36.0","pmil","0","55.700","deg","20.000","°C","100.000","%a.s.","22.210","deg","20.000","°C","971.000","hPa","0.826","-0.01532","0.000401","-0.00012","0","11.08","Humid","30.45","0","49.40","254013.54","SABD0002000012","AAV2.0.0.13","4.0.0.2323","PSt7-10","171027-008","9/15/2022 2:43:31 PM","0000-00","0","no battery","V","","µV","","µV"
"10/14/2022","12:08:20","7","default","171425599","OXY_CH7","11.136","min","196.135","μmol/L","Humid","21.143","deg","96481","µV","27.122","°C","1020.000","hPa","36.0","pmil","0","55.700","deg","20.000","°C","100.000","%a.s.","22.210","deg","20.000","°C","971.000","hPa","0.826","-0.01532","0.000401","-0.00012","0","11.08","Humid","30.45","0","49.40","254016.50","SABD0002000012","AAV2.0.0.13","4.0.0.2323","PSt7-10","171027-008","9/15/2022 2:43:31 PM","0000-00","0","no battery","V","","µV","","µV"
"10/14/2022","12:08:21","7","default","171425599","OXY_CH7","11.153","min","196.012","μmol/L","Humid","21.148","deg","96482","µV","27.128","°C","1020.000","hPa","36.0","pmil","0","55.700","deg","20.000","°C","100.000","%a.s.","22.210","deg","20.000","°C","971.000","hPa","0.826","-0.01532","0.000401","-0.00012","0","11.08","Humid","30.45","0","49.40","254022.04","SABD0002000012","AAV2.0.0.13","4.0.0.2323","PSt7-10","171027-008","9/15/2022 2:43:31 PM","0000-00","0","no battery","V","","µV","","µV"
"10/14/2022","12:08:22","7","default","171425599","OXY_CH7","11.170","min","196.152","μmol/L","Humid","21.142","deg","96470","µV","27.122","°C","1020.000","hPa","36.0","pmil","0","55.700","deg","20.000","°C","100.000","%a.s.","22.210","deg","20.000","°C","971.000","hPa","0.826","-0.01532","0.000401","-0.00012","0","11.08","Humid","30.45","0","49.40","254017.50","SABD0002000012","AAV2.0.0.13","4.0.0.2323","PSt7-10","171027-008","9/15/2022 2:43:31 PM","0000-00","0","no battery","V","","µV","","µV"
"10/14/2022","12:08:23","7","default","171425599","OXY_CH7","11.187","min","196.205","μmol/L","Humid","21.139","deg","96467","µV","27.122","°C","1020.000","hPa","36.0","pmil","0","55.700","deg","20.000","°C","100.000","%a.s.","22.210","deg","20.000","°C","971.000","hPa","0.826","-0.01532","0.000401","-0.00012","0","11.08","Humid","30.45","0","49.40","254017.17","SABD0002000012","AAV2.0.0.13","4.0.0.2323","PSt7-10","171027-008","9/15/2022 2:43:31 PM","0000-00","0","no battery","V","","µV","","µV"
"10/14/2022","12:08:24","7","default","171425599","OXY_CH7","11.203","min","196.187","μmol/L","Humid","21.140","deg","96461","µV","27.122","°C","1020.000","hPa","36.0","pmil","0","55.700","deg","20.000","°C","100.000","%a.s.","22.210","deg","20.000","°C","971.000","hPa","0.826","-0.01532","0.000401","-0.00012","0","11.08","Humid","30.45","0","49.40","254008.79","SABD0002000012","AAV2.0.0.13","4.0.0.2323","PSt7-10","171027-008","9/15/2022 2:43:31 PM","0000-00","0","no battery","V","","µV","","µV"
"10/14/2022","12:08:25","7","default","171425599","OXY_CH7","11.219","min","196.187","μmol/L","Humid","21.140","deg","96456","µV","27.122","°C","1020.000","hPa","36.0","pmil","0","55.700","deg","20.000","°C","100.000","%a.s.","22.210","deg","20.000","°C","971.000","hPa","0.826","-0.01532","0.000401","-0.00012","0","11.08","Humid","30.45","0","49.40","254008.81","SABD0002000012","AAV2.0.0.13","4.0.0.2323","PSt7-10","171027-008","9/15/2022 2:43:31 PM","0000-00","0","no battery","V","","µV","","µV"
"10/14/2022","12:08:26","7","default","171425599","OXY_CH7","11.236","min","196.205","μmol/L","Humid","21.139","deg","96462","µV","27.122","°C","1020.000","hPa","36.0","pmil","0","55.700","deg","20.000","°C","100.000","%a.s.","22.210","deg","20.000","°C","971.000","hPa","0.826","-0.01532","0.000401","-0.00012","0","11.08","Humid","30.45","0","49.40","254004.09","SABD0002000012","AAV2.0.0.13","4.0.0.2323","PSt7-10","171027-008","9/15/2022 2:43:31 PM","0000-00","0","no battery","V","","µV","","µV"
"10/14/2022","12:08:27","7","default","171425599","OXY_CH7","11.253","min","196.274","μmol/L","Humid","21.135","deg","96449","µV","27.122","°C","1020.000","hPa","36.0","pmil","0","55.700","deg","20.000","°C","100.000","%a.s.","22.210","deg","20.000","°C","971.000","hPa","0.826","-0.01532","0.000401","-0.00012","0","11.08","Humid","30.45","0","49.40","254012.85","SABD0002000012","AAV2.0.0.13","4.0.0.2323","PSt7-10","171027-008","9/15/2022 2:43:31 PM","0000-00","0","no battery","V","","µV","","µV"
"10/14/2022","12:08:28","7","default","171425599","OXY_CH7","11.269","min","196.344","μmol/L","Humid","21.131","deg","96443","µV","27.122","°C","1020.000","hPa","36.0","pmil","0","55.700","deg","20.000","°C","100.000","%a.s.","22.210","deg","20.000","°C","971.000","hPa","0.826","-0.01532","0.000401","-0.00012","0","11.08","Humid","30.45","0","49.40","254000.22","SABD0002000012","AAV2.0.0.13","4.0.0.2323","PSt7-10","171027-008","9/15/2022 2:43:31 PM","0000-00","0","no battery","V","","µV","","µV"
"10/14/2022","12:08:29","7","default","171425599","OXY_CH7","11.286","min","196.292","μmol/L","Humid","21.134","deg","96438","µV","27.122","°C","1020.000","hPa","36.0","pmil","0","55.700","deg","20.000","°C","100.000","%a.s.","22.210","deg","20.000","°C","971.000","hPa","0.826","-0.01532","0.000401","-0.00012","0","11.08","Humid","30.45","0","49.40","254010.07","SABD0002000012","AAV2.0.0.13","4.0.0.2323","PSt7-10","171027-008","9/15/2022 2:43:31 PM","0000-00","0","no battery","V","","µV","","µV"
"10/14/2022","12:08:30","7","default","171425599","OXY_CH7","11.303","min","196.292","μmol/L","Humid","21.134","deg","96438","µV","27.122","°C","1020.000","hPa","36.0","pmil","0","55.700","deg","20.000","°C","100.000","%a.s.","22.210","deg","20.000","°C","971.000","hPa","0.826","-0.01532","0.000401","-0.00012","0","11.08","Humid","30.45","0","49.40","254006.25","SABD0002000012","AAV2.0.0.13","4.0.0.2323","PSt7-10","171027-008","9/15/2022 2:43:31 PM","0000-00","0","no battery","V","","µV","","µV"
"10/14/2022","12:08:31","7","default","171425599","OXY_CH7","11.320","min","196.292","μmol/L","Humid","21.134","deg","96432","µV","27.122","°C","1020.000","hPa","36.0","pmil","0","55.700","deg","20.000","°C","100.000","%a.s.","22.210","deg","20.000","°C","971.000","hPa","0.826","-0.01532","0.000401","-0.00012","0","11.08","Humid","30.45","0","49.40","254010.79","SABD0002000012","AAV2.0.0.13","4.0.0.2323","PSt7-10","171027-008","9/15/2022 2:43:31 PM","0000-00","0","no battery","V","","µV","","µV"
"10/14/2022","12:08:32","7","default","171425599","OXY_CH7","11.337","min","196.343","μmol/L","Humid","21.129","deg","96429","µV","27.128","°C","1020.000","hPa","36.0","pmil","0","55.700","deg","20.000","°C","100.000","%a.s.","22.210","deg","20.000","°C","971.000","hPa","0.826","-0.01532","0.000401","-0.00012","0","11.08","Humid","30.45","0","49.40","254012.85","SABD0002000012","AAV2.0.0.13","4.0.0.2323","PSt7-10","171027-008","9/15/2022 2:43:31 PM","0000-00","0","no battery","V","","µV","","µV"
"10/14/2022","12:08:33","7","default","171425599","OXY_CH7","11.353","min","196.344","μmol/L","Humid","21.131","deg","96415","µV","27.122","°C","1020.000","hPa","36.0","pmil","0","55.700","deg","20.000","°C","100.000","%a.s.","22.210","deg","20.000","°C","971.000","hPa","0.826","-0.01532","0.000401","-0.00012","0","11.08","Humid","30.45","0","49.40","253998.58","SABD0002000012","AAV2.0.0.13","4.0.0.2323","PSt7-10","171027-008","9/15/2022 2:43:31 PM","0000-00","0","no battery","V","","µV","","µV"
"10/14/2022","12:08:34","7","default","171425599","OXY_CH7","11.369","min","196.343","μmol/L","Humid","21.129","deg","96422","µV","27.128","°C","1020.000","hPa","36.0","pmil","0","55.700","deg","20.000","°C","100.000","%a.s.","22.210","deg","20.000","°C","971.000","hPa","0.826","-0.01532","0.000401","-0.00012","0","11.08","Humid","30.45","0","49.40","253999.93","SABD0002000012","AAV2.0.0.13","4.0.0.2323","PSt7-10","171027-008","9/15/2022 2:43:31 PM","0000-00","0","no battery","V","","µV","","µV"
"10/14/2022","12:08:35","7","default","171425599","OXY_CH7","11.386","min","196.412","μmol/L","Humid","21.125","deg","96416","µV","27.128","°C","1020.000","hPa","36.0","pmil","0","55.700","deg","20.000","°C","100.000","%a.s.","22.210","deg","20.000","°C","971.000","hPa","0.826","-0.01532","0.000401","-0.00012","0","11.08","Humid","30.45","0","49.40","254008.82","SABD0002000012","AAV2.0.0.13","4.0.0.2323","PSt7-10","171027-008","9/15/2022 2:43:31 PM","0000-00","0","no battery","V","","µV","","µV"
"10/14/2022","12:08:36","7","default","171425599","OXY_CH7","11.403","min","196.414","μmol/L","Humid","21.127","deg","96410","µV","27.122","°C","1020.000","hPa","36.0","pmil","0","55.700","deg","20.000","°C","100.000","%a.s.","22.210","deg","20.000","°C","971.000","hPa","0.826","-0.01532","0.000401","-0.00012","0","11.08","Humid","30.45","0","49.40","254000.02","SABD0002000012","AAV2.0.0.13","4.0.0.2323","PSt7-10","171027-008","9/15/2022 2:43:31 PM","0000-00","0","no battery","V","","µV","","µV"
"10/14/2022","12:08:37","7","default","171425599","OXY_CH7","11.419","min","196.414","μmol/L","Humid","21.127","deg","96408","µV","27.122","°C","1020.000","hPa","36.0","pmil","0","55.700","deg","20.000","°C","100.000","%a.s.","22.210","deg","20.000","°C","971.000","hPa","0.826","-0.01532","0.000401","-0.00012","0","11.08","Humid","30.45","0","49.40","253992.54","SABD0002000012","AAV2.0.0.13","4.0.0.2323","PSt7-10","171027-008","9/15/2022 2:43:31 PM","0000-00","0","no battery","V","","µV","","µV"
"10/14/2022","12:08:38","7","default","171425599","OXY_CH7","11.436","min","196.396","μmol/L","Humid","21.128","deg","96401","µV","27.122","°C","1020.000","hPa","36.0","pmil","0","55.700","deg","20.000","°C","100.000","%a.s.","22.210","deg","20.000","°C","971.000","hPa","0.826","-0.01532","0.000401","-0.00012","0","11.08","Humid","30.45","0","49.40","253990.48","SABD0002000012","AAV2.0.0.13","4.0.0.2323","PSt7-10","171027-008","9/15/2022 2:43:31 PM","0000-00","0","no battery","V","","µV","","µV"
"10/14/2022","12:08:39","7","default","171425599","OXY_CH7","11.453","min","196.412","μmol/L","Humid","21.125","deg","96392","µV","27.128","°C","1020.000","hPa","36.0","pmil","0","55.700","deg","20.000","°C","100.000","%a.s.","22.210","deg","20.000","°C","971.000","hPa","0.826","-0.01532","0.000401","-0.00012","0","11.08","Humid","30.45","0","49.40","253998.61","SABD0002000012","AAV2.0.0.13","4.0.0.2323","PSt7-10","171027-008","9/15/2022 2:43:31 PM","0000-00","0","no battery","V","","µV","","µV"
"10/14/2022","12:08:40","7","default","171425599","OXY_CH7","11.470","min","196.518","μmol/L","Humid","21.121","deg","96392","µV","27.122","°C","1020.000","hPa","36.0","pmil","0","55.700","deg","20.000","°C","100.000","%a.s.","22.210","deg","20.000","°C","971.000","hPa","0.826","-0.01532","0.000401","-0.00012","0","11.08","Humid","30.45","0","49.40","253988.99","SABD0002000012","AAV2.0.0.13","4.0.0.2323","PSt7-10","171027-008","9/15/2022 2:43:31 PM","0000-00","0","no battery","V","","µV","","µV"
"10/14/2022","12:08:41","7","default","171425599","OXY_CH7","11.486","min","196.483","μmol/L","Humid","21.123","deg","96389","µV","27.122","°C","1020.000","hPa","36.0","pmil","0","55.700","deg","20.000","°C","100.000","%a.s.","22.210","deg","20.000","°C","971.000","hPa","0.826","-0.01532","0.000401","-0.00012","0","11.08","Humid","30.45","0","49.40","253992.02","SABD0002000012","AAV2.0.0.13","4.0.0.2323","PSt7-10","171027-008","9/15/2022 2:43:31 PM","0000-00","0","no battery","V","","µV","","µV"
"10/14/2022","12:08:42","7","default","171425599","OXY_CH7","11.503","min","196.465","μmol/L","Humid","21.122","deg","96390","µV","27.128","°C","1020.000","hPa","36.0","pmil","0","55.700","deg","20.000","°C","100.000","%a.s.","22.210","deg","20.000","°C","971.000","hPa","0.826","-0.01532","0.000401","-0.00012","0","11.08","Humid","30.45","0","49.40","253989.73","SABD0002000012","AAV2.0.0.13","4.0.0.2323","PSt7-10","171027-008","9/15/2022 2:43:31 PM","0000-00","0","no battery","V","","µV","","µV"
"10/14/2022","12:08:43","7","default","171425599","OXY_CH7","11.519","min","196.553","μmol/L","Humid","21.119","deg","96378","µV","27.122","°C","1020.000","hPa","36.0","pmil","0","55.700","deg","20.000","°C","100.000","%a.s.","22.210","deg","20.000","°C","971.000","hPa","0.826","-0.01532","0.000401","-0.00012","0","11.08","Humid","30.45","0","49.40","253987.71","SABD0002000012","AAV2.0.0.13","4.0.0.2323","PSt7-10","171027-008","9/15/2022 2:43:31 PM","0000-00","0","no battery","V","","µV","","µV"
"10/14/2022","12:08:44","7","default","171425599","OXY_CH7","11.536","min","196.569","μmol/L","Humid","21.116","deg","96380","µV","27.128","°C","1020.000","hPa","36.0","pmil","0","55.700","deg","20.000","°C","100.000","%a.s.","22.210","deg","20.000","°C","971.000","hPa","0.826","-0.01532","0.000401","-0.00012","0","11.08","Humid","30.45","0","49.40","254003.53","SABD0002000012","AAV2.0.0.13","4.0.0.2323","PSt7-10","171027-008","9/15/2022 2:43:31 PM","0000-00","0","no battery","V","","µV","","µV"
"10/14/2022","12:08:45","7","default","171425599","OXY_CH7","11.552","min","196.571","μmol/L","Humid","21.118","deg","96371","µV","27.122","°C","1020.000","hPa","36.0","pmil","0","55.700","deg","20.000","°C","100.000","%a.s.","22.210","deg","20.000","°C","971.000","hPa","0.826","-0.01532","0.000401","-0.00012","0","11.08","Humid","30.45","0","49.40","253999.13","SABD0002000012","AAV2.0.0.13","4.0.0.2323","PSt7-10","171027-008","9/15/2022 2:43:31 PM","0000-00","0","no battery","V","","µV","","µV"
"10/14/2022","12:08:46","7","default","171425599","OXY_CH7","11.569","min","196.571","μmol/L","Humid","21.118","deg","96363","µV","27.122","°C","1020.000","hPa","36.0","pmil","0","55.700","deg","20.000","°C","100.000","%a.s.","22.210","deg","20.000","°C","971.000","hPa","0.826","-0.01532","0.000401","-0.00012","0","11.08","Humid","30.45","0","49.40","253986.81","SABD0002000012","AAV2.0.0.13","4.0.0.2323","PSt7-10","171027-008","9/15/2022 2:43:31 PM","0000-00","0","no battery","V","","µV","","µV"
"10/14/2022","12:08:47","7","default","171425599","OXY_CH7","11.586","min","196.711","μmol/L","Humid","21.112","deg","96365","µV","27.116","°C","1020.000","hPa","36.0","pmil","0","55.700","deg","20.000","°C","100.000","%a.s.","22.210","deg","20.000","°C","971.000","hPa","0.826","-0.01532","0.000401","-0.00012","0","11.08","Humid","30.45","0","49.40","253997.67","SABD0002000012","AAV2.0.0.13","4.0.0.2323","PSt7-10","171027-008","9/15/2022 2:43:31 PM","0000-00","0","no battery","V","","µV","","µV"
"10/14/2022","12:08:48","7","default","171425599","OXY_CH7","11.603","min","196.606","μmol/L","Humid","21.116","deg","96354","µV","27.122","°C","1020.000","hPa","36.0","pmil","0","55.700","deg","20.000","°C","100.000","%a.s.","22.210","deg","20.000","°C","971.000","hPa","0.826","-0.01532","0.000401","-0.00012","0","11.08","Humid","30.45","0","49.40","253997.47","SABD0002000012","AAV2.0.0.13","4.0.0.2323","PSt7-10","171027-008","9/15/2022 2:43:31 PM","0000-00","0","no battery","V","","µV","","µV"
"10/14/2022","12:08:49","7","default","171425599","OXY_CH7","11.620","min","196.658","μmol/L","Humid","21.113","deg","96354","µV","27.122","°C","1020.000","hPa","36.0","pmil","0","55.700","deg","20.000","°C","100.000","%a.s.","22.210","deg","20.000","°C","971.000","hPa","0.826","-0.01532","0.000401","-0.00012","0","11.08","Humid","30.45","0","49.40","253986.28","SABD0002000012","AAV2.0.0.13","4.0.0.2323","PSt7-10","171027-008","9/15/2022 2:43:31 PM","0000-00","0","no battery","V","","µV","","µV"
"10/14/2022","12:08:50","7","default","171425599","OXY_CH7","11.636","min","196.693","μmol/L","Humid","21.111","deg","96347","µV","27.122","°C","1020.000","hPa","36.0","pmil","0","55.700","deg","20.000","°C","100.000","%a.s.","22.210","deg","20.000","°C","971.000","hPa","0.826","-0.01532","0.000401","-0.00012","0","11.08","Humid","30.45","0","49.40","253988.85","SABD0002000012","AAV2.0.0.13","4.0.0.2323","PSt7-10","171027-008","9/15/2022 2:43:31 PM","0000-00","0","no battery","V","","µV","","µV"
"10/14/2022","12:08:51","7","default","171425599","OXY_CH7","11.653","min","196.640","μmol/L","Humid","21.114","deg","96344","µV","27.122","°C","1020.000","hPa","36.0","pmil","0","55.700","deg","20.000","°C","100.000","%a.s.","22.210","deg","20.000","°C","971.000","hPa","0.826","-0.01532","0.000401","-0.00012","0","11.08","Humid","30.45","0","49.40","253989.60","SABD0002000012","AAV2.0.0.13","4.0.0.2323","PSt7-10","171027-008","9/15/2022 2:43:31 PM","0000-00","0","no battery","V","","µV","","µV"
"10/14/2022","12:08:52","7","default","171425599","OXY_CH7","11.670","min","196.604","μmol/L","Humid","21.114","deg","96341","µV","27.128","°C","1020.000","hPa","36.0","pmil","0","55.700","deg","20.000","°C","100.000","%a.s.","22.210","deg","20.000","°C","971.000","hPa","0.826","-0.01532","0.000401","-0.00012","0","11.08","Humid","30.45","0","49.40","253991.78","SABD0002000012","AAV2.0.0.13","4.0.0.2323","PSt7-10","171027-008","9/15/2022 2:43:31 PM","0000-00","0","no battery","V","","µV","","µV"
"10/14/2022","12:08:53","7","default","171425599","OXY_CH7","11.686","min","196.639","μmol/L","Humid","21.112","deg","96338","µV","27.128","°C","1020.000","hPa","36.0","pmil","0","55.700","deg","20.000","°C","100.000","%a.s.","22.210","deg","20.000","°C","971.000","hPa","0.826","-0.01532","0.000401","-0.00012","0","11.08","Humid","30.45","0","49.40","253976.52","SABD0002000012","AAV2.0.0.13","4.0.0.2323","PSt7-10","171027-008","9/15/2022 2:43:31 PM","0000-00","0","no battery","V","","µV","","µV"
"10/14/2022","12:08:54","7","default","171425599","OXY_CH7","11.702","min","196.746","μmol/L","Humid","21.110","deg","96330","µV","27.116","°C","1020.000","hPa","36.0","pmil","0","55.700","deg","20.000","°C","100.000","%a.s.","22.210","deg","20.000","°C","971.000","hPa","0.826","-0.01532","0.000401","-0.00012","0","11.08","Humid","30.45","0","49.40","253983.24","SABD0002000012","AAV2.0.0.13","4.0.0.2323","PSt7-10","171027-008","9/15/2022 2:43:31 PM","0000-00","0","no battery","V","","µV","","µV"
"10/14/2022","12:08:55","7","default","171425599","OXY_CH7","11.719","min","196.852","μmol/L","Humid","21.106","deg","96334","µV","27.110","°C","1020.000","hPa","36.0","pmil","0","55.700","deg","20.000","°C","100.000","%a.s.","22.210","deg","20.000","°C","971.000","hPa","0.826","-0.01532","0.000401","-0.00012","0","11.08","Humid","30.45","0","49.40","253993.26","SABD0002000012","AAV2.0.0.13","4.0.0.2323","PSt7-10","171027-008","9/15/2022 2:43:31 PM","0000-00","0","no battery","V","","µV","","µV"
"10/14/2022","12:08:56","7","default","171425599","OXY_CH7","11.736","min","196.744","μmol/L","Humid","21.106","deg","96326","µV","27.128","°C","1020.000","hPa","36.0","pmil","0","55.700","deg","20.000","°C","100.000","%a.s.","22.210","deg","20.000","°C","971.000","hPa","0.826","-0.01532","0.000401","-0.00012","0","11.08","Humid","30.45","0","49.40","253992.99","SABD0002000012","AAV2.0.0.13","4.0.0.2323","PSt7-10","171027-008","9/15/2022 2:43:31 PM","0000-00","0","no battery","V","","µV","","µV"
"10/14/2022","12:08:57","7","default","171425599","OXY_CH7","11.753","min","196.763","μmol/L","Humid","21.107","deg","96313","µV","27.122","°C","1020.000","hPa","36.0","pmil","0","55.700","deg","20.000","°C","100.000","%a.s.","22.210","deg","20.000","°C","971.000","hPa","0.826","-0.01532","0.000401","-0.00012","0","11.08","Humid","30.45","0","49.40","253972.32","SABD0002000012","AAV2.0.0.13","4.0.0.2323","PSt7-10","171027-008","9/15/2022 2:43:31 PM","0000-00","0","no battery","V","","µV","","µV"
"10/14/2022","12:08:58","7","default","171425599","OXY_CH7","11.770","min","196.815","μmol/L","Humid","21.104","deg","96320","µV","27.122","°C","1020.000","hPa","36.0","pmil","0","55.700","deg","20.000","°C","100.000","%a.s.","22.210","deg","20.000","°C","971.000","hPa","0.826","-0.01532","0.000401","-0.00012","0","11.08","Humid","30.45","0","49.40","253982.04","SABD0002000012","AAV2.0.0.13","4.0.0.2323","PSt7-10","171027-008","9/15/2022 2:43:31 PM","0000-00","0","no battery","V","","µV","","µV"
"10/14/2022","12:08:59","7","default","171425599","OXY_CH7","11.786","min","196.779","μmol/L","Humid","21.104","deg","96316","µV","27.128","°C","1020.000","hPa","36.0","pmil","0","55.700","deg","20.000","°C","100.000","%a.s.","22.210","deg","20.000","°C","971.000","hPa","0.826","-0.01532","0.000401","-0.00012","0","11.08","Humid","30.45","0","49.40","253983.96","SABD0002000012","AAV2.0.0.13","4.0.0.2323","PSt7-10","171027-008","9/15/2022 2:43:31 PM","0000-00","0","no battery","V","","µV","","µV"
"10/14/2022","12:09:00","7","default","171425599","OXY_CH7","11.803","min","196.814","μmol/L","Humid","21.102","deg","96301","µV","27.128","°C","1020.000","hPa","36.0","pmil","0","55.700","deg","20.000","°C","100.000","%a.s.","22.210","deg","20.000","°C","971.000","hPa","0.826","-0.01532","0.000401","-0.00012","0","11.08","Humid","30.45","0","49.40","253980.74","SABD0002000012","AAV2.0.0.13","4.0.0.2323","PSt7-10","171027-008","9/15/2022 2:43:31 PM","0000-00","0","no battery","V","","µV","","µV"
"10/14/2022","12:09:01","7","default","171425599","OXY_CH7","11.820","min","196.850","μmol/L","Humid","21.102","deg","96310","µV","27.122","°C","1020.000","hPa","36.0","pmil","0","55.700","deg","20.000","°C","100.000","%a.s.","22.210","deg","20.000","°C","971.000","hPa","0.826","-0.01532","0.000401","-0.00012","0","11.08","Humid","30.45","0","49.40","253989.91","SABD0002000012","AAV2.0.0.13","4.0.0.2323","PSt7-10","171027-008","9/15/2022 2:43:31 PM","0000-00","0","no battery","V","","µV","","µV"
"10/14/2022","12:09:02","7","default","171425599","OXY_CH7","11.836","min","196.831","μmol/L","Humid","21.101","deg","96301","µV","27.128","°C","1020.000","hPa","36.0","pmil","0","55.700","deg","20.000","°C","100.000","%a.s.","22.210","deg","20.000","°C","971.000","hPa","0.826","-0.01532","0.000401","-0.00012","0","11.08","Humid","30.45","0","49.40","253984.10","SABD0002000012","AAV2.0.0.13","4.0.0.2323","PSt7-10","171027-008","9/15/2022 2:43:31 PM","0000-00","0","no battery","V","","µV","","µV"
"10/14/2022","12:09:03","7","default","171425599","OXY_CH7","11.853","min","196.885","μmol/L","Humid","21.100","deg","96301","µV","27.122","°C","1020.000","hPa","36.0","pmil","0","55.700","deg","20.000","°C","100.000","%a.s.","22.210","deg","20.000","°C","971.000","hPa","0.826","-0.01532","0.000401","-0.00012","0","11.08","Humid","30.45","0","49.40","253992.21","SABD0002000012","AAV2.0.0.13","4.0.0.2323","PSt7-10","171027-008","9/15/2022 2:43:31 PM","0000-00","0","no battery","V","","µV","","µV"
"10/14/2022","12:09:04","7","default","171425599","OXY_CH7","11.869","min","196.919","μmol/L","Humid","21.096","deg","96291","µV","27.128","°C","1020.000","hPa","36.0","pmil","0","55.700","deg","20.000","°C","100.000","%a.s.","22.210","deg","20.000","°C","971.000","hPa","0.826","-0.01532","0.000401","-0.00012","0","11.08","Humid","30.45","0","49.40","253974.29","SABD0002000012","AAV2.0.0.13","4.0.0.2323","PSt7-10","171027-008","9/15/2022 2:43:31 PM","0000-00","0","no battery","V","","µV","","µV"
"10/14/2022","12:09:05","7","default","171425599","OXY_CH7","11.886","min","196.971","μmol/L","Humid","21.093","deg","96294","µV","27.128","°C","1020.000","hPa","36.0","pmil","0","55.700","deg","20.000","°C","100.000","%a.s.","22.210","deg","20.000","°C","971.000","hPa","0.826","-0.01532","0.000401","-0.00012","0","11.08","Humid","30.45","0","49.40","253973.29","SABD0002000012","AAV2.0.0.13","4.0.0.2323","PSt7-10","171027-008","9/15/2022 2:43:31 PM","0000-00","0","no battery","V","","µV","","µV"
"10/14/2022","12:09:06","7","default","171425599","OXY_CH7","11.903","min","196.936","μmol/L","Humid","21.095","deg","96279","µV","27.128","°C","1020.000","hPa","36.0","pmil","0","55.700","deg","20.000","°C","100.000","%a.s.","22.210","deg","20.000","°C","971.000","hPa","0.826","-0.01532","0.000401","-0.00012","0","11.08","Humid","30.45","0","49.40","253970.86","SABD0002000012","AAV2.0.0.13","4.0.0.2323","PSt7-10","171027-008","9/15/2022 2:43:31 PM","0000-00","0","no battery","V","","µV","","µV"
"10/14/2022","12:09:07","7","default","171425599","OXY_CH7","11.920","min","196.919","μmol/L","Humid","21.096","deg","96278","µV","27.128","°C","1020.000","hPa","36.0","pmil","0","55.700","deg","20.000","°C","100.000","%a.s.","22.210","deg","20.000","°C","971.000","hPa","0.826","-0.01532","0.000401","-0.00012","0","11.08","Humid","30.45","0","49.40","253979.65","SABD0002000012","AAV2.0.0.13","4.0.0.2323","PSt7-10","171027-008","9/15/2022 2:43:31 PM","0000-00","0","no battery","V","","µV","","µV"
"10/14/2022","12:09:08","7","default","171425599","OXY_CH7","11.936","min","197.009","μmol/L","Humid","21.095","deg","96272","µV","27.116","°C","1020.000","hPa","36.0","pmil","0","55.700","deg","20.000","°C","100.000","%a.s.","22.210","deg","20.000","°C","971.000","hPa","0.826","-0.01532","0.000401","-0.00012","0","11.08","Humid","30.45","0","49.40","253964.20","SABD0002000012","AAV2.0.0.13","4.0.0.2323","PSt7-10","171027-008","9/15/2022 2:43:31 PM","0000-00","0","no battery","V","","µV","","µV"
"10/14/2022","12:09:09","7","default","171425599","OXY_CH7","11.953","min","196.990","μmol/L","Humid","21.094","deg","96272","µV","27.122","°C","1020.000","hPa","36.0","pmil","0","55.700","deg","20.000","°C","100.000","%a.s.","22.210","deg","20.000","°C","971.000","hPa","0.826","-0.01532","0.000401","-0.00012","0","11.08","Humid","30.45","0","49.40","253968.70","SABD0002000012","AAV2.0.0.13","4.0.0.2323","PSt7-10","171027-008","9/15/2022 2:43:31 PM","0000-00","0","no battery","V","","µV","","µV"
"10/14/2022","12:09:10","7","default","171425599","OXY_CH7","11.969","min","197.006","μmol/L","Humid","21.091","deg","96267","µV","27.128","°C","1020.000","hPa","36.0","pmil","0","55.700","deg","20.000","°C","100.000","%a.s.","22.210","deg","20.000","°C","971.000","hPa","0.826","-0.01532","0.000401","-0.00012","0","11.08","Humid","30.45","0","49.40","253981.13","SABD0002000012","AAV2.0.0.13","4.0.0.2323","PSt7-10","171027-008","9/15/2022 2:43:31 PM","0000-00","0","no battery","V","","µV","","µV"
"10/14/2022","12:09:11","7","default","171425599","OXY_CH7","11.986","min","197.024","μmol/L","Humid","21.090","deg","96265","µV","27.128","°C","1020.000","hPa","36.0","pmil","0","55.700","deg","20.000","°C","100.000","%a.s.","22.210","deg","20.000","°C","971.000","hPa","0.826","-0.01532","0.000401","-0.00012","0","11.08","Humid","30.45","0","49.40","253974.74","SABD0002000012","AAV2.0.0.13","4.0.0.2323","PSt7-10","171027-008","9/15/2022 2:43:31 PM","0000-00","0","no battery","V","","µV","","µV"
"10/14/2022","12:09:12","7","default","171425599","OXY_CH7","12.003","min","197.006","μmol/L","Humid","21.091","deg","96266","µV","27.128","°C","1020.000","hPa","36.0","pmil","0","55.700","deg","20.000","°C","100.000","%a.s.","22.210","deg","20.000","°C","971.000","hPa","0.826","-0.01532","0.000401","-0.00012","0","11.08","Humid","30.45","0","49.40","253966.45","SABD0002000012","AAV2.0.0.13","4.0.0.2323","PSt7-10","171027-008","9/15/2022 2:43:31 PM","0000-00","0","no battery","V","","µV","","µV"
"10/14/2022","12:09:13","7","default","171425599","OXY_CH7","12.019","min","197.024","μmol/L","Humid","21.090","deg","96246","µV","27.128","°C","1020.000","hPa","36.0","pmil","0","55.700","deg","20.000","°C","100.000","%a.s.","22.210","deg","20.000","°C","971.000","hPa","0.826","-0.01532","0.000401","-0.00012","0","11.08","Humid","30.45","0","49.40","253959.32","SABD0002000012","AAV2.0.0.13","4.0.0.2323","PSt7-10","171027-008","9/15/2022 2:43:31 PM","0000-00","0","no battery","V","","µV","","µV"
"10/14/2022","12:09:14","7","default","171425599","OXY_CH7","12.036","min","197.095","μmol/L","Humid","21.088","deg","96250","µV","27.122","°C","1020.000","hPa","36.0","pmil","0","55.700","deg","20.000","°C","100.000","%a.s.","22.210","deg","20.000","°C","971.000","hPa","0.826","-0.01532","0.000401","-0.00012","0","11.08","Humid","30.45","0","49.40","253968.80","SABD0002000012","AAV2.0.0.13","4.0.0.2323","PSt7-10","171027-008","9/15/2022 2:43:31 PM","0000-00","0","no battery","V","","µV","","µV"
"10/14/2022","12:09:15","7","default","171425599","OXY_CH7","12.053","min","197.165","μmol/L","Humid","21.084","deg","96251","µV","27.122","°C","1020.000","hPa","36.0","pmil","0","55.700","deg","20.000","°C","100.000","%a.s.","22.210","deg","20.000","°C","971.000","hPa","0.826","-0.01532","0.000401","-0.00012","0","11.08","Humid","30.45","0","49.40","253973.00","SABD0002000012","AAV2.0.0.13","4.0.0.2323","PSt7-10","171027-008","9/15/2022 2:43:31 PM","0000-00","0","no battery","V","","µV","","µV"
"10/14/2022","12:09:16","7","default","171425599","OXY_CH7","12.070","min","197.076","μmol/L","Humid","21.087","deg","96243","µV","27.128","°C","1020.000","hPa","36.0","pmil","0","55.700","deg","20.000","°C","100.000","%a.s.","22.210","deg","20.000","°C","971.000","hPa","0.826","-0.01532","0.000401","-0.00012","0","11.08","Humid","30.45","0","49.40","253966.77","SABD0002000012","AAV2.0.0.13","4.0.0.2323","PSt7-10","171027-008","9/15/2022 2:43:31 PM","0000-00","0","no battery","V","","µV","","µV"
"10/14/2022","12:09:17","7","default","171425599","OXY_CH7","12.086","min","197.147","μmol/L","Humid","21.085","deg","96234","µV","27.122","°C","1020.000","hPa","36.0","pmil","0","55.700","deg","20.000","°C","100.000","%a.s.","22.210","deg","20.000","°C","971.000","hPa","0.826","-0.01532","0.000401","-0.00012","0","11.08","Humid","30.45","0","49.40","253961.47","SABD0002000012","AAV2.0.0.13","4.0.0.2323","PSt7-10","171027-008","9/15/2022 2:43:31 PM","0000-00","0","no battery","V","","µV","","µV"
"10/14/2022","12:09:18","7","default","171425599","OXY_CH7","12.102","min","197.146","μmol/L","Humid","21.083","deg","96224","µV","27.128","°C","1020.000","hPa","36.0","pmil","0","55.700","deg","20.000","°C","100.000","%a.s.","22.210","deg","20.000","°C","971.000","hPa","0.826","-0.01532","0.000401","-0.00012","0","11.08","Humid","30.45","0","49.40","253957.14","SABD0002000012","AAV2.0.0.13","4.0.0.2323","PSt7-10","171027-008","9/15/2022 2:43:31 PM","0000-00","0","no battery","V","","µV","","µV"
"10/14/2022","12:09:19","7","default","171425599","OXY_CH7","12.119","min","197.111","μmol/L","Humid","21.085","deg","96226","µV","27.128","°C","1020.000","hPa","36.0","pmil","0","55.700","deg","20.000","°C","100.000","%a.s.","22.210","deg","20.000","°C","971.000","hPa","0.826","-0.01532","0.000401","-0.00012","0","11.08","Humid","30.45","0","49.40","253971.71","SABD0002000012","AAV2.0.0.13","4.0.0.2323","PSt7-10","171027-008","9/15/2022 2:43:31 PM","0000-00","0","no battery","V","","µV","","µV"
"10/14/2022","12:09:20","7","default","171425599","OXY_CH7","12.136","min","197.181","μmol/L","Humid","21.081","deg","96219","µV","27.128","°C","1020.000","hPa","36.0","pmil","0","55.700","deg","20.000","°C","100.000","%a.s.","22.210","deg","20.000","°C","971.000","hPa","0.826","-0.01532","0.000401","-0.00012","0","11.08","Humid","30.45","0","49.40","253956.81","SABD0002000012","AAV2.0.0.13","4.0.0.2323","PSt7-10","171027-008","9/15/2022 2:43:31 PM","0000-00","0","no battery","V","","µV","","µV"
"10/14/2022","12:09:21","7","default","171425599","OXY_CH7","12.153","min","197.129","μmol/L","Humid","21.084","deg","96209","µV","27.128","°C","1020.000","hPa","36.0","pmil","0","55.700","deg","20.000","°C","100.000","%a.s.","22.210","deg","20.000","°C","971.000","hPa","0.826","-0.01532","0.000401","-0.00012","0","11.08","Humid","30.45","0","49.40","253953.07","SABD0002000012","AAV2.0.0.13","4.0.0.2323","PSt7-10","171027-008","9/15/2022 2:43:31 PM","0000-00","0","no battery","V","","µV","","µV"
"10/14/2022","12:09:22","7","default","171425599","OXY_CH7","12.169","min","197.269","μmol/L","Humid","21.076","deg","96199","µV","27.128","°C","1020.000","hPa","36.0","pmil","0","55.700","deg","20.000","°C","100.000","%a.s.","22.210","deg","20.000","°C","971.000","hPa","0.826","-0.01532","0.000401","-0.00012","0","11.08","Humid","30.45","0","49.40","253955.70","SABD0002000012","AAV2.0.0.13","4.0.0.2323","PSt7-10","171027-008","9/15/2022 2:43:31 PM","0000-00","0","no battery","V","","µV","","µV"
"10/14/2022","12:09:23","7","default","171425599","OXY_CH7","12.186","min","197.270","μmol/L","Humid","21.078","deg","96195","µV","27.122","°C","1020.000","hPa","36.0","pmil","0","55.700","deg","20.000","°C","100.000","%a.s.","22.210","deg","20.000","°C","971.000","hPa","0.826","-0.01532","0.000401","-0.00012","0","11.08","Humid","30.45","0","49.40","253956.09","SABD0002000012","AAV2.0.0.13","4.0.0.2323","PSt7-10","171027-008","9/15/2022 2:43:31 PM","0000-00","0","no battery","V","","µV","","µV"
"10/14/2022","12:09:24","7","default","171425599","OXY_CH7","12.203","min","197.217","μmol/L","Humid","21.081","deg","96197","µV","27.122","°C","1020.000","hPa","36.0","pmil","0","55.700","deg","20.000","°C","100.000","%a.s.","22.210","deg","20.000","°C","971.000","hPa","0.826","-0.01532","0.000401","-0.00012","0","11.08","Humid","30.45","0","49.40","253953.12","SABD0002000012","AAV2.0.0.13","4.0.0.2323","PSt7-10","171027-008","9/15/2022 2:43:31 PM","0000-00","0","no battery","V","","µV","","µV"
"10/14/2022","12:09:25","7","default","171425599","OXY_CH7","12.220","min","197.339","μmol/L","Humid","21.072","deg","96189","µV","27.128","°C","1020.000","hPa","36.0","pmil","0","55.700","deg","20.000","°C","100.000","%a.s.","22.210","deg","20.000","°C","971.000","hPa","0.826","-0.01532","0.000401","-0.00012","0","11.08","Humid","30.45","0","49.40","253952.59","SABD0002000012","AAV2.0.0.13","4.0.0.2323","PSt7-10","171027-008","9/15/2022 2:43:31 PM","0000-00","0","no battery","V","","µV","","µV"
"10/14/2022","12:09:26","7","default","171425599","OXY_CH7","12.236","min","197.286","μmol/L","Humid","21.075","deg","96190","µV","27.128","°C","1020.000","hPa","36.0","pmil","0","55.700","deg","20.000","°C","100.000","%a.s.","22.210","deg","20.000","°C","971.000","hPa","0.826","-0.01532","0.000401","-0.00012","0","11.08","Humid","30.45","0","49.40","253961.02","SABD0002000012","AAV2.0.0.13","4.0.0.2323","PSt7-10","171027-008","9/15/2022 2:43:31 PM","0000-00","0","no battery","V","","µV","","µV"
"10/14/2022","12:09:27","7","default","171425599","OXY_CH7","12.252","min","197.286","μmol/L","Humid","21.075","deg","96186","µV","27.128","°C","1020.000","hPa","36.0","pmil","0","55.700","deg","20.000","°C","100.000","%a.s.","22.210","deg","20.000","°C","971.000","hPa","0.826","-0.01532","0.000401","-0.00012","0","11.08","Humid","30.45","0","49.40","253943.18","SABD0002000012","AAV2.0.0.13","4.0.0.2323","PSt7-10","171027-008","9/15/2022 2:43:31 PM","0000-00","0","no battery","V","","µV","","µV"
"10/14/2022","12:09:28","7","default","171425599","OXY_CH7","12.269","min","197.340","μmol/L","Humid","21.074","deg","96177","µV","27.122","°C","1020.000","hPa","36.0","pmil","0","55.700","deg","20.000","°C","100.000","%a.s.","22.210","deg","20.000","°C","971.000","hPa","0.826","-0.01532","0.000401","-0.00012","0","11.08","Humid","30.45","0","49.40","253953.33","SABD0002000012","AAV2.0.0.13","4.0.0.2323","PSt7-10","171027-008","9/15/2022 2:43:31 PM","0000-00","0","no battery","V","","µV","","µV"
"10/14/2022","12:09:29","7","default","171425599","OXY_CH7","12.286","min","197.375","μmol/L","Humid","21.072","deg","96184","µV","27.122","°C","1020.000","hPa","36.0","pmil","0","55.700","deg","20.000","°C","100.000","%a.s.","22.210","deg","20.000","°C","971.000","hPa","0.826","-0.01532","0.000401","-0.00012","0","11.08","Humid","30.45","0","49.40","253943.43","SABD0002000012","AAV2.0.0.13","4.0.0.2323","PSt7-10","171027-008","9/15/2022 2:43:31 PM","0000-00","0","no battery","V","","µV","","µV"
"10/14/2022","12:09:30","7","default","171425599","OXY_CH7","12.303","min","197.428","μmol/L","Humid","21.069","deg","96173","µV","27.122","°C","1020.000","hPa","36.0","pmil","0","55.700","deg","20.000","°C","100.000","%a.s.","22.210","deg","20.000","°C","971.000","hPa","0.826","-0.01532","0.000401","-0.00012","0","11.08","Humid","30.45","0","49.40","253945.09","SABD0002000012","AAV2.0.0.13","4.0.0.2323","PSt7-10","171027-008","9/15/2022 2:43:31 PM","0000-00","0","no battery","V","","µV","","µV"
"10/14/2022","12:09:31","7","default","171425599","OXY_CH7","12.319","min","197.357","μmol/L","Humid","21.071","deg","96157","µV","27.128","°C","1020.000","hPa","36.0","pmil","0","55.700","deg","20.000","°C","100.000","%a.s.","22.210","deg","20.000","°C","971.000","hPa","0.826","-0.01532","0.000401","-0.00012","0","11.08","Humid","30.45","0","49.40","253935.13","SABD0002000012","AAV2.0.0.13","4.0.0.2323","PSt7-10","171027-008","9/15/2022 2:43:31 PM","0000-00","0","no battery","V","","µV","","µV"
"10/14/2022","12:09:32","7","default","171425599","OXY_CH7","12.336","min","197.374","μmol/L","Humid","21.070","deg","96158","µV","27.128","°C","1020.000","hPa","36.0","pmil","0","55.700","deg","20.000","°C","100.000","%a.s.","22.210","deg","20.000","°C","971.000","hPa","0.826","-0.01532","0.000401","-0.00012","0","11.08","Humid","30.45","0","49.40","253943.74","SABD0002000012","AAV2.0.0.13","4.0.0.2323","PSt7-10","171027-008","9/15/2022 2:43:31 PM","0000-00","0","no battery","V","","µV","","µV"
"10/14/2022","12:09:33","7","default","171425599","OXY_CH7","12.353","min","197.409","μmol/L","Humid","21.068","deg","96152","µV","27.128","°C","1020.000","hPa","36.0","pmil","0","55.700","deg","20.000","°C","100.000","%a.s.","22.210","deg","20.000","°C","971.000","hPa","0.826","-0.01532","0.000401","-0.00012","0","11.08","Humid","30.45","0","49.40","253941.77","SABD0002000012","AAV2.0.0.13","4.0.0.2323","PSt7-10","171027-008","9/15/2022 2:43:31 PM","0000-00","0","no battery","V","","µV","","µV"
"10/14/2022","12:09:34","7","default","171425599","OXY_CH7","12.370","min","197.444","μmol/L","Humid","21.066","deg","96150","µV","27.128","°C","1020.000","hPa","36.0","pmil","0","55.700","deg","20.000","°C","100.000","%a.s.","22.210","deg","20.000","°C","971.000","hPa","0.826","-0.01532","0.000401","-0.00012","0","11.08","Humid","30.45","0","49.40","253936.80","SABD0002000012","AAV2.0.0.13","4.0.0.2323","PSt7-10","171027-008","9/15/2022 2:43:31 PM","0000-00","0","no battery","V","","µV","","µV"
"10/14/2022","12:09:35","7","default","171425599","OXY_CH7","12.386","min","197.479","μmol/L","Humid","21.064","deg","96147","µV","27.128","°C","1020.000","hPa","36.0","pmil","0","55.700","deg","20.000","°C","100.000","%a.s.","22.210","deg","20.000","°C","971.000","hPa","0.826","-0.01532","0.000401","-0.00012","0","11.08","Humid","30.45","0","49.40","253933.05","SABD0002000012","AAV2.0.0.13","4.0.0.2323","PSt7-10","171027-008","9/15/2022 2:43:31 PM","0000-00","0","no battery","V","","µV","","µV"
"10/14/2022","12:09:36","7","default","171425599","OXY_CH7","12.402","min","197.479","μmol/L","Humid","21.064","deg","96135","µV","27.128","°C","1020.000","hPa","36.0","pmil","0","55.700","deg","20.000","°C","100.000","%a.s.","22.210","deg","20.000","°C","971.000","hPa","0.826","-0.01532","0.000401","-0.00012","0","11.08","Humid","30.45","0","49.40","253946.74","SABD0002000012","AAV2.0.0.13","4.0.0.2323","PSt7-10","171027-008","9/15/2022 2:43:31 PM","0000-00","0","no battery","V","","µV","","µV"
"10/14/2022","12:09:37","7","default","171425599","OXY_CH7","12.419","min","197.479","μmol/L","Humid","21.064","deg","96135","µV","27.128","°C","1020.000","hPa","36.0","pmil","0","55.700","deg","20.000","°C","100.000","%a.s.","22.210","deg","20.000","°C","971.000","hPa","0.826","-0.01532","0.000401","-0.00012","0","11.08","Humid","30.45","0","49.40","253937.44","SABD0002000012","AAV2.0.0.13","4.0.0.2323","PSt7-10","171027-008","9/15/2022 2:43:31 PM","0000-00","0","no battery","V","","µV","","µV"
"10/14/2022","12:09:38","7","default","171425599","OXY_CH7","12.436","min","197.550","μmol/L","Humid","21.060","deg","96130","µV","27.128","°C","1020.000","hPa","36.0","pmil","0","55.700","deg","20.000","°C","100.000","%a.s.","22.210","deg","20.000","°C","971.000","hPa","0.826","-0.01532","0.000401","-0.00012","0","11.08","Humid","30.45","0","49.40","253935.17","SABD0002000012","AAV2.0.0.13","4.0.0.2323","PSt7-10","171027-008","9/15/2022 2:43:31 PM","0000-00","0","no battery","V","","µV","","µV"
"10/14/2022","12:09:39","7","default","171425599","OXY_CH7","12.453","min","197.479","μmol/L","Humid","21.064","deg","96130","µV","27.128","°C","1020.000","hPa","36.0","pmil","0","55.700","deg","20.000","°C","100.000","%a.s.","22.210","deg","20.000","°C","971.000","hPa","0.826","-0.01532","0.000401","-0.00012","0","11.08","Humid","30.45","0","49.40","253936.00","SABD0002000012","AAV2.0.0.13","4.0.0.2323","PSt7-10","171027-008","9/15/2022 2:43:31 PM","0000-00","0","no battery","V","","µV","","µV"
"10/14/2022","12:09:40","7","default","171425599","OXY_CH7","12.469","min","197.639","μmol/L","Humid","21.057","deg","96120","µV","27.122","°C","1020.000","hPa","36.0","pmil","0","55.700","deg","20.000","°C","100.000","%a.s.","22.210","deg","20.000","°C","971.000","hPa","0.826","-0.01532","0.000401","-0.00012","0","11.08","Humid","30.45","0","49.40","253929.59","SABD0002000012","AAV2.0.0.13","4.0.0.2323","PSt7-10","171027-008","9/15/2022 2:43:31 PM","0000-00","0","no battery","V","","µV","","µV"
"10/14/2022","12:09:41","7","default","171425599","OXY_CH7","12.486","min","197.548","μmol/L","Humid","21.058","deg","96123","µV","27.134","°C","1020.000","hPa","36.0","pmil","0","55.700","deg","20.000","°C","100.000","%a.s.","22.210","deg","20.000","°C","971.000","hPa","0.826","-0.01532","0.000401","-0.00012","0","11.08","Humid","30.45","0","49.40","253938.53","SABD0002000012","AAV2.0.0.13","4.0.0.2323","PSt7-10","171027-008","9/15/2022 2:43:31 PM","0000-00","0","no battery","V","","µV","","µV"
"10/14/2022","12:09:42","7","default","171425599","OXY_CH7","12.503","min","197.602","μmol/L","Humid","21.057","deg","96112","µV","27.128","°C","1020.000","hPa","36.0","pmil","0","55.700","deg","20.000","°C","100.000","%a.s.","22.210","deg","20.000","°C","971.000","hPa","0.826","-0.01532","0.000401","-0.00012","0","11.08","Humid","30.45","0","49.40","253931.10","SABD0002000012","AAV2.0.0.13","4.0.0.2323","PSt7-10","171027-008","9/15/2022 2:43:31 PM","0000-00","0","no battery","V","","µV","","µV"
"10/14/2022","12:09:43","7","default","171425599","OXY_CH7","12.520","min","197.602","μmol/L","Humid","21.057","deg","96103","µV","27.128","°C","1020.000","hPa","36.0","pmil","0","55.700","deg","20.000","°C","100.000","%a.s.","22.210","deg","20.000","°C","971.000","hPa","0.826","-0.01532","0.000401","-0.00012","0","11.08","Humid","30.45","0","49.40","253922.85","SABD0002000012","AAV2.0.0.13","4.0.0.2323","PSt7-10","171027-008","9/15/2022 2:43:31 PM","0000-00","0","no battery","V","","µV","","µV"
"10/14/2022","12:09:44","7","default","171425599","OXY_CH7","12.536","min","197.636","μmol/L","Humid","21.053","deg","96101","µV","27.134","°C","1020.000","hPa","36.0","pmil","0","55.700","deg","20.000","°C","100.000","%a.s.","22.210","deg","20.000","°C","971.000","hPa","0.826","-0.01532","0.000401","-0.00012","0","11.08","Humid","30.45","0","49.40","253935.77","SABD0002000012","AAV2.0.0.13","4.0.0.2323","PSt7-10","171027-008","9/15/2022 2:43:31 PM","0000-00","0","no battery","V","","µV","","µV"
"10/14/2022","12:09:45","7","default","171425599","OXY_CH7","12.553","min","197.708","μmol/L","Humid","21.051","deg","96098","µV","27.128","°C","1020.000","hPa","36.0","pmil","0","55.700","deg","20.000","°C","100.000","%a.s.","22.210","deg","20.000","°C","971.000","hPa","0.826","-0.01532","0.000401","-0.00012","0","11.08","Humid","30.45","0","49.40","253918.93","SABD0002000012","AAV2.0.0.13","4.0.0.2323","PSt7-10","171027-008","9/15/2022 2:43:31 PM","0000-00","0","no battery","V","","µV","","µV"
"10/14/2022","12:09:46","7","default","171425599","OXY_CH7","12.569","min","197.709","μmol/L","Humid","21.053","deg","96097","µV","27.122","°C","1020.000","hPa","36.0","pmil","0","55.700","deg","20.000","°C","100.000","%a.s.","22.210","deg","20.000","°C","971.000","hPa","0.826","-0.01532","0.000401","-0.00012","0","11.08","Humid","30.45","0","49.40","253929.93","SABD0002000012","AAV2.0.0.13","4.0.0.2323","PSt7-10","171027-008","9/15/2022 2:43:31 PM","0000-00","0","no battery","V","","µV","","µV"
"10/14/2022","12:09:47","7","default","171425599","OXY_CH7","12.586","min","197.654","μmol/L","Humid","21.052","deg","96090","µV","27.134","°C","1020.000","hPa","36.0","pmil","0","55.700","deg","20.000","°C","100.000","%a.s.","22.210","deg","20.000","°C","971.000","hPa","0.826","-0.01532","0.000401","-0.00012","0","11.08","Humid","30.45","0","49.40","253921.67","SABD0002000012","AAV2.0.0.13","4.0.0.2323","PSt7-10","171027-008","9/15/2022 2:43:31 PM","0000-00","0","no battery","V","","µV","","µV"
"10/14/2022","12:09:48","7","default","171425599","OXY_CH7","12.603","min","197.708","μmol/L","Humid","21.051","deg","96089","µV","27.128","°C","1020.000","hPa","36.0","pmil","0","55.700","deg","20.000","°C","100.000","%a.s.","22.210","deg","20.000","°C","971.000","hPa","0.826","-0.01532","0.000401","-0.00012","0","11.08","Humid","30.45","0","49.40","253926.18","SABD0002000012","AAV2.0.0.13","4.0.0.2323","PSt7-10","171027-008","9/15/2022 2:43:31 PM","0000-00","0","no battery","V","","µV","","µV"
"10/14/2022","12:09:49","7","default","171425599","OXY_CH7","12.619","min","197.671","μmol/L","Humid","21.051","deg","96074","µV","27.134","°C","1020.000","hPa","36.0","pmil","0","55.700","deg","20.000","°C","100.000","%a.s.","22.210","deg","20.000","°C","971.000","hPa","0.826","-0.01532","0.000401","-0.00012","0","11.08","Humid","30.45","0","49.40","253915.54","SABD0002000012","AAV2.0.0.13","4.0.0.2323","PSt7-10","171027-008","9/15/2022 2:43:31 PM","0000-00","0","no battery","V","","µV","","µV"
"10/14/2022","12:09:50","7","default","171425599","OXY_CH7","12.636","min","197.706","μmol/L","Humid","21.049","deg","96078","µV","27.134","°C","1020.000","hPa","36.0","pmil","0","55.700","deg","20.000","°C","100.000","%a.s.","22.210","deg","20.000","°C","971.000","hPa","0.826","-0.01532","0.000401","-0.00012","0","11.08","Humid","30.45","0","49.40","253910.04","SABD0002000012","AAV2.0.0.13","4.0.0.2323","PSt7-10","171027-008","9/15/2022 2:43:31 PM","0000-00","0","no battery","V","","µV","","µV"
"10/14/2022","12:09:51","7","default","171425599","OXY_CH7","12.653","min","197.831","μmol/L","Humid","21.044","deg","96072","µV","27.128","°C","1020.000","hPa","36.0","pmil","0","55.700","deg","20.000","°C","100.000","%a.s.","22.210","deg","20.000","°C","971.000","hPa","0.826","-0.01532","0.000401","-0.00012","0","11.08","Humid","30.45","0","49.40","253923.92","SABD0002000012","AAV2.0.0.13","4.0.0.2323","PSt7-10","171027-008","9/15/2022 2:43:31 PM","0000-00","0","no battery","V","","µV","","µV"
"10/14/2022","12:09:52","7","default","171425599","OXY_CH7","12.670","min","197.742","μmol/L","Humid","21.047","deg","96065","µV","27.134","°C","1020.000","hPa","36.0","pmil","0","55.700","deg","20.000","°C","100.000","%a.s.","22.210","deg","20.000","°C","971.000","hPa","0.826","-0.01532","0.000401","-0.00012","0","11.08","Humid","30.45","0","49.40","253918.27","SABD0002000012","AAV2.0.0.13","4.0.0.2323","PSt7-10","171027-008","9/15/2022 2:43:31 PM","0000-00","0","no battery","V","","µV","","µV"
"10/14/2022","12:09:53","7","default","171425599","OXY_CH7","12.686","min","197.777","μmol/L","Humid","21.045","deg","96062","µV","27.134","°C","1020.000","hPa","36.0","pmil","0","55.700","deg","20.000","°C","100.000","%a.s.","22.210","deg","20.000","°C","971.000","hPa","0.826","-0.01532","0.000401","-0.00012","0","11.08","Humid","30.45","0","49.40","253916.36","SABD0002000012","AAV2.0.0.13","4.0.0.2323","PSt7-10","171027-008","9/15/2022 2:43:31 PM","0000-00","0","no battery","V","","µV","","µV"
"10/14/2022","12:09:54","7","default","171425599","OXY_CH7","12.703","min","197.831","μmol/L","Humid","21.044","deg","96054","µV","27.128","°C","1020.000","hPa","36.0","pmil","0","55.700","deg","20.000","°C","100.000","%a.s.","22.210","deg","20.000","°C","971.000","hPa","0.826","-0.01532","0.000401","-0.00012","0","11.08","Humid","30.45","0","49.40","253916.85","SABD0002000012","AAV2.0.0.13","4.0.0.2323","PSt7-10","171027-008","9/15/2022 2:43:31 PM","0000-00","0","no battery","V","","µV","","µV"
"10/14/2022","12:09:55","7","default","171425599","OXY_CH7","12.720","min","197.777","μmol/L","Humid","21.045","deg","96059","µV","27.134","°C","1020.000","hPa","36.0","pmil","0","55.700","deg","20.000","°C","100.000","%a.s.","22.210","deg","20.000","°C","971.000","hPa","0.826","-0.01532","0.000401","-0.00012","0","11.08","Humid","30.45","0","49.40","253923.38","SABD0002000012","AAV2.0.0.13","4.0.0.2323","PSt7-10","171027-008","9/15/2022 2:43:31 PM","0000-00","0","no battery","V","","µV","","µV"
"10/14/2022","12:09:56","7","default","171425599","OXY_CH7","12.736","min","197.866","μmol/L","Humid","21.042","deg","96052","µV","27.128","°C","1020.000","hPa","36.0","pmil","0","55.700","deg","20.000","°C","100.000","%a.s.","22.210","deg","20.000","°C","971.000","hPa","0.826","-0.01532","0.000401","-0.00012","0","11.08","Humid","30.45","0","49.40","253923.34","SABD0002000012","AAV2.0.0.13","4.0.0.2323","PSt7-10","171027-008","9/15/2022 2:43:31 PM","0000-00","0","no battery","V","","µV","","µV"
"10/14/2022","12:09:57","7","default","171425599","OXY_CH7","12.752","min","197.848","μmol/L","Humid","21.043","deg","96043","µV","27.128","°C","1020.000","hPa","36.0","pmil","0","55.700","deg","20.000","°C","100.000","%a.s.","22.210","deg","20.000","°C","971.000","hPa","0.826","-0.01532","0.000401","-0.00012","0","11.08","Humid","30.45","0","49.40","253912.97","SABD0002000012","AAV2.0.0.13","4.0.0.2323","PSt7-10","171027-008","9/15/2022 2:43:31 PM","0000-00","0","no battery","V","","µV","","µV"
"10/14/2022","12:09:58","7","default","171425599","OXY_CH7","12.769","min","197.812","μmol/L","Humid","21.043","deg","96035","µV","27.134","°C","1020.000","hPa","36.0","pmil","0","55.700","deg","20.000","°C","100.000","%a.s.","22.210","deg","20.000","°C","971.000","hPa","0.826","-0.01532","0.000401","-0.00012","0","11.08","Humid","30.45","0","49.40","253908.72","SABD0002000012","AAV2.0.0.13","4.0.0.2323","PSt7-10","171027-008","9/15/2022 2:43:31 PM","0000-00","0","no battery","V","","µV","","µV"
"10/14/2022","12:09:59","7","default","171425599","OXY_CH7","12.786","min","197.917","μmol/L","Humid","21.037","deg","96038","µV","27.134","°C","1020.000","hPa","36.0","pmil","0","55.700","deg","20.000","°C","100.000","%a.s.","22.210","deg","20.000","°C","971.000","hPa","0.826","-0.01532","0.000401","-0.00012","0","11.08","Humid","30.45","0","49.40","253907.78","SABD0002000012","AAV2.0.0.13","4.0.0.2323","PSt7-10","171027-008","9/15/2022 2:43:31 PM","0000-00","0","no battery","V","","µV","","µV"
"10/14/2022","12:10:00","7","default","171425599","OXY_CH7","12.803","min","197.812","μmol/L","Humid","21.043","deg","96028","µV","27.134","°C","1020.000","hPa","36.0","pmil","0","55.700","deg","20.000","°C","100.000","%a.s.","22.210","deg","20.000","°C","971.000","hPa","0.826","-0.01532","0.000401","-0.00012","0","11.08","Humid","30.45","0","49.40","253895.76","SABD0002000012","AAV2.0.0.13","4.0.0.2323","PSt7-10","171027-008","9/15/2022 2:43:31 PM","0000-00","0","no battery","V","","µV","","µV"
"10/14/2022","12:10:01","7","default","171425599","OXY_CH7","12.820","min","197.900","μmol/L","Humid","21.038","deg","96025","µV","27.134","°C","1020.000","hPa","36.0","pmil","0","55.700","deg","20.000","°C","100.000","%a.s.","22.210","deg","20.000","°C","971.000","hPa","0.826","-0.01532","0.000401","-0.00012","0","11.08","Humid","30.45","0","49.40","253906.89","SABD0002000012","AAV2.0.0.13","4.0.0.2323","PSt7-10","171027-008","9/15/2022 2:43:31 PM","0000-00","0","no battery","V","","µV","","µV"
"10/14/2022","12:10:02","7","default","171425599","OXY_CH7","12.836","min","197.917","μmol/L","Humid","21.037","deg","96016","µV","27.134","°C","1020.000","hPa","36.0","pmil","0","55.700","deg","20.000","°C","100.000","%a.s.","22.210","deg","20.000","°C","971.000","hPa","0.826","-0.01532","0.000401","-0.00012","0","11.08","Humid","30.45","0","49.40","253907.60","SABD0002000012","AAV2.0.0.13","4.0.0.2323","PSt7-10","171027-008","9/15/2022 2:43:31 PM","0000-00","0","no battery","V","","µV","","µV"
"10/14/2022","12:10:03","7","default","171425599","OXY_CH7","12.853","min","198.023","μmol/L","Humid","21.031","deg","96017","µV","27.134","°C","1020.000","hPa","36.0","pmil","0","55.700","deg","20.000","°C","100.000","%a.s.","22.210","deg","20.000","°C","971.000","hPa","0.826","-0.01532","0.000401","-0.00012","0","11.08","Humid","30.45","0","49.40","253914.15","SABD0002000012","AAV2.0.0.13","4.0.0.2323","PSt7-10","171027-008","9/15/2022 2:43:31 PM","0000-00","0","no battery","V","","µV","","µV"
"10/14/2022","12:10:04","7","default","171425599","OXY_CH7","12.869","min","197.989","μmol/L","Humid","21.035","deg","96013","µV","27.128","°C","1020.000","hPa","36.0","pmil","0","55.700","deg","20.000","°C","100.000","%a.s.","22.210","deg","20.000","°C","971.000","hPa","0.826","-0.01532","0.000401","-0.00012","0","11.08","Humid","30.45","0","49.40","253902.58","SABD0002000012","AAV2.0.0.13","4.0.0.2323","PSt7-10","171027-008","9/15/2022 2:43:31 PM","0000-00","0","no battery","V","","µV","","µV"
"10/14/2022","12:10:05","7","default","171425599","OXY_CH7","12.886","min","198.041","μmol/L","Humid","21.030","deg","96002","µV","27.134","°C","1020.000","hPa","36.0","pmil","0","55.700","deg","20.000","°C","100.000","%a.s.","22.210","deg","20.000","°C","971.000","hPa","0.826","-0.01532","0.000401","-0.00012","0","11.08","Humid","30.45","0","49.40","253906.47","SABD0002000012","AAV2.0.0.13","4.0.0.2323","PSt7-10","171027-008","9/15/2022 2:43:31 PM","0000-00","0","no battery","V","","µV","","µV"
"10/14/2022","12:10:06","7","default","171425599","OXY_CH7","12.902","min","197.988","μmol/L","Humid","21.033","deg","95996","µV","27.134","°C","1020.000","hPa","36.0","pmil","0","55.700","deg","20.000","°C","100.000","%a.s.","22.210","deg","20.000","°C","971.000","hPa","0.826","-0.01532","0.000401","-0.00012","0","11.08","Humid","30.45","0","49.40","253897.65","SABD0002000012","AAV2.0.0.13","4.0.0.2323","PSt7-10","171027-008","9/15/2022 2:43:31 PM","0000-00","0","no battery","V","","µV","","µV"
"10/14/2022","12:10:07","7","default","171425599","OXY_CH7","12.919","min","198.059","μmol/L","Humid","21.031","deg","95997","µV","27.128","°C","1020.000","hPa","36.0","pmil","0","55.700","deg","20.000","°C","100.000","%a.s.","22.210","deg","20.000","°C","971.000","hPa","0.826","-0.01532","0.000401","-0.00012","0","11.08","Humid","30.45","0","49.40","253903.75","SABD0002000012","AAV2.0.0.13","4.0.0.2323","PSt7-10","171027-008","9/15/2022 2:43:31 PM","0000-00","0","no battery","V","","µV","","µV"
"10/14/2022","12:10:08","7","default","171425599","OXY_CH7","12.936","min","198.058","μmol/L","Humid","21.029","deg","95996","µV","27.134","°C","1020.000","hPa","36.0","pmil","0","55.700","deg","20.000","°C","100.000","%a.s.","22.210","deg","20.000","°C","971.000","hPa","0.826","-0.01532","0.000401","-0.00012","0","11.08","Humid","30.45","0","49.40","253891.08","SABD0002000012","AAV2.0.0.13","4.0.0.2323","PSt7-10","171027-008","9/15/2022 2:43:31 PM","0000-00","0","no battery","V","","µV","","µV"
"10/14/2022","12:10:09","7","default","171425599","OXY_CH7","12.953","min","198.146","μmol/L","Humid","21.024","deg","95988","µV","27.134","°C","1020.000","hPa","36.0","pmil","0","55.700","deg","20.000","°C","100.000","%a.s.","22.210","deg","20.000","°C","971.000","hPa","0.826","-0.01532","0.000401","-0.00012","0","11.08","Humid","30.45","0","49.40","253915.16","SABD0002000012","AAV2.0.0.13","4.0.0.2323","PSt7-10","171027-008","9/15/2022 2:43:31 PM","0000-00","0","no battery","V","","µV","","µV"
"10/14/2022","12:10:10","7","default","171425599","OXY_CH7","12.970","min","198.165","μmol/L","Humid","21.025","deg","95989","µV","27.128","°C","1020.000","hPa","36.0","pmil","0","55.700","deg","20.000","°C","100.000","%a.s.","22.210","deg","20.000","°C","971.000","hPa","0.826","-0.01532","0.000401","-0.00012","0","11.08","Humid","30.45","0","49.40","253907.35","SABD0002000012","AAV2.0.0.13","4.0.0.2323","PSt7-10","171027-008","9/15/2022 2:43:31 PM","0000-00","0","no battery","V","","µV","","µV"
"10/14/2022","12:10:11","7","default","171425599","OXY_CH7","12.986","min","198.146","μmol/L","Humid","21.024","deg","95971","µV","27.134","°C","1020.000","hPa","36.0","pmil","0","55.700","deg","20.000","°C","100.000","%a.s.","22.210","deg","20.000","°C","971.000","hPa","0.826","-0.01532","0.000401","-0.00012","0","11.08","Humid","30.45","0","49.40","253911.42","SABD0002000012","AAV2.0.0.13","4.0.0.2323","PSt7-10","171027-008","9/15/2022 2:43:31 PM","0000-00","0","no battery","V","","µV","","µV"
"10/14/2022","12:10:12","7","default","171425599","OXY_CH7","13.003","min","198.092","μmol/L","Humid","21.025","deg","95975","µV","27.140","°C","1020.000","hPa","36.0","pmil","0","55.700","deg","20.000","°C","100.000","%a.s.","22.210","deg","20.000","°C","971.000","hPa","0.826","-0.01532","0.000401","-0.00012","0","11.08","Humid","30.45","0","49.40","253916.44","SABD0002000012","AAV2.0.0.13","4.0.0.2323","PSt7-10","171027-008","9/15/2022 2:43:31 PM","0000-00","0","no battery","V","","µV","","µV"
"10/14/2022","12:10:13","7","default","171425599","OXY_CH7","13.020","min","198.126","μmol/L","Humid","21.021","deg","95965","µV","27.147","°C","1020.000","hPa","36.0","pmil","0","55.700","deg","20.000","°C","100.000","%a.s.","22.210","deg","20.000","°C","971.000","hPa","0.826","-0.01532","0.000401","-0.00012","0","11.08","Humid","30.45","0","49.40","253910.69","SABD0002000012","AAV2.0.0.13","4.0.0.2323","PSt7-10","171027-008","9/15/2022 2:43:31 PM","0000-00","0","no battery","V","","µV","","µV"
"10/14/2022","12:10:14","7","default","171425599","OXY_CH7","13.036","min","198.110","μmol/L","Humid","21.024","deg","95967","µV","27.140","°C","1020.000","hPa","36.0","pmil","0","55.700","deg","20.000","°C","100.000","%a.s.","22.210","deg","20.000","°C","971.000","hPa","0.826","-0.01532","0.000401","-0.00012","0","11.08","Humid","30.45","0","49.40","253910.86","SABD0002000012","AAV2.0.0.13","4.0.0.2323","PSt7-10","171027-008","9/15/2022 2:43:31 PM","0000-00","0","no battery","V","","µV","","µV"
"10/14/2022","12:10:15","7","default","171425599","OXY_CH7","13.052","min","198.163","μmol/L","Humid","21.021","deg","95958","µV","27.140","°C","1020.000","hPa","36.0","pmil","0","55.700","deg","20.000","°C","100.000","%a.s.","22.210","deg","20.000","°C","971.000","hPa","0.826","-0.01532","0.000401","-0.00012","0","11.08","Humid","30.45","0","49.40","253895.34","SABD0002000012","AAV2.0.0.13","4.0.0.2323","PSt7-10","171027-008","9/15/2022 2:43:31 PM","0000-00","0","no battery","V","","µV","","µV"
"10/14/2022","12:10:16","7","default","171425599","OXY_CH7","13.069","min","198.182","μmol/L","Humid","21.022","deg","95954","µV","27.134","°C","1020.000","hPa","36.0","pmil","0","55.700","deg","20.000","°C","100.000","%a.s.","22.210","deg","20.000","°C","971.000","hPa","0.826","-0.01532","0.000401","-0.00012","0","11.08","Humid","30.45","0","49.40","253903.73","SABD0002000012","AAV2.0.0.13","4.0.0.2323","PSt7-10","171027-008","9/15/2022 2:43:31 PM","0000-00","0","no battery","V","","µV","","µV"
"10/14/2022","12:10:17","7","default","171425599","OXY_CH7","13.086","min","198.163","μmol/L","Humid","21.021","deg","95957","µV","27.140","°C","1020.000","hPa","36.0","pmil","0","55.700","deg","20.000","°C","100.000","%a.s.","22.210","deg","20.000","°C","971.000","hPa","0.826","-0.01532","0.000401","-0.00012","0","11.08","Humid","30.45","0","49.40","253915.46","SABD0002000012","AAV2.0.0.13","4.0.0.2323","PSt7-10","171027-008","9/15/2022 2:43:31 PM","0000-00","0","no battery","V","","µV","","µV"
"10/14/2022","12:10:18","7","default","171425599","OXY_CH7","13.103","min","198.216","μmol/L","Humid","21.018","deg","95956","µV","27.140","°C","1020.000","hPa","36.0","pmil","0","55.700","deg","20.000","°C","100.000","%a.s.","22.210","deg","20.000","°C","971.000","hPa","0.826","-0.01532","0.000401","-0.00012","0","11.08","Humid","30.45","0","49.40","253899.35","SABD0002000012","AAV2.0.0.13","4.0.0.2323","PSt7-10","171027-008","9/15/2022 2:43:31 PM","0000-00","0","no battery","V","","µV","","µV"
"10/14/2022","12:10:19","7","default","171425599","OXY_CH7","13.120","min","198.286","μmol/L","Humid","21.014","deg","95953","µV","27.140","°C","1020.000","hPa","36.0","pmil","0","55.700","deg","20.000","°C","100.000","%a.s.","22.210","deg","20.000","°C","971.000","hPa","0.826","-0.01532","0.000401","-0.00012","0","11.08","Humid","30.45","0","49.40","253897.85","SABD0002000012","AAV2.0.0.13","4.0.0.2323","PSt7-10","171027-008","9/15/2022 2:43:31 PM","0000-00","0","no battery","V","","µV","","µV"
"10/14/2022","12:10:20","7","default","171425599","OXY_CH7","13.136","min","198.305","μmol/L","Humid","21.015","deg","95954","µV","27.134","°C","1020.000","hPa","36.0","pmil","0","55.700","deg","20.000","°C","100.000","%a.s.","22.210","deg","20.000","°C","971.000","hPa","0.826","-0.01532","0.000401","-0.00012","0","11.08","Humid","30.45","0","49.40","253917.06","SABD0002000012","AAV2.0.0.13","4.0.0.2323","PSt7-10","171027-008","9/15/2022 2:43:31 PM","0000-00","0","no battery","V","","µV","","µV"
"10/14/2022","12:10:21","7","default","171425599","OXY_CH7","13.153","min","198.216","μmol/L","Humid","21.018","deg","95940","µV","27.140","°C","1020.000","hPa","36.0","pmil","0","55.700","deg","20.000","°C","100.000","%a.s.","22.210","deg","20.000","°C","971.000","hPa","0.826","-0.01532","0.000401","-0.00012","0","11.08","Humid","30.45","0","49.40","253899.17","SABD0002000012","AAV2.0.0.13","4.0.0.2323","PSt7-10","171027-008","9/15/2022 2:43:31 PM","0000-00","0","no battery","V","","µV","","µV"
"10/14/2022","12:10:22","7","default","171425599","OXY_CH7","13.170","min","198.340","μmol/L","Humid","21.013","deg","95938","µV","27.134","°C","1020.000","hPa","36.0","pmil","0","55.700","deg","20.000","°C","100.000","%a.s.","22.210","deg","20.000","°C","971.000","hPa","0.826","-0.01532","0.000401","-0.00012","0","11.08","Humid","30.45","0","49.40","253896.45","SABD0002000012","AAV2.0.0.13","4.0.0.2323","PSt7-10","171027-008","9/15/2022 2:43:31 PM","0000-00","0","no battery","V","","µV","","µV"
"10/14/2022","12:10:23","7","default","171425599","OXY_CH7","13.186","min","198.323","μmol/L","Humid","21.014","deg","95933","µV","27.134","°C","1020.000","hPa","36.0","pmil","0","55.700","deg","20.000","°C","100.000","%a.s.","22.210","deg","20.000","°C","971.000","hPa","0.826","-0.01532","0.000401","-0.00012","0","11.08","Humid","30.45","0","49.40","253901.13","SABD0002000012","AAV2.0.0.13","4.0.0.2323","PSt7-10","171027-008","9/15/2022 2:43:31 PM","0000-00","0","no battery","V","","µV","","µV"
"10/14/2022","12:10:24","7","default","171425599","OXY_CH7","13.202","min","198.322","μmol/L","Humid","21.012","deg","95924","µV","27.140","°C","1020.000","hPa","36.0","pmil","0","55.700","deg","20.000","°C","100.000","%a.s.","22.210","deg","20.000","°C","971.000","hPa","0.826","-0.01532","0.000401","-0.00012","0","11.08","Humid","30.45","0","49.40","253895.42","SABD0002000012","AAV2.0.0.13","4.0.0.2323","PSt7-10","171027-008","9/15/2022 2:43:31 PM","0000-00","0","no battery","V","","µV","","µV"
"10/14/2022","12:10:25","7","default","171425599","OXY_CH7","13.219","min","198.340","μmol/L","Humid","21.013","deg","95932","µV","27.134","°C","1020.000","hPa","36.0","pmil","0","55.700","deg","20.000","°C","100.000","%a.s.","22.210","deg","20.000","°C","971.000","hPa","0.826","-0.01532","0.000401","-0.00012","0","11.08","Humid","30.45","0","49.40","253883.79","SABD0002000012","AAV2.0.0.13","4.0.0.2323","PSt7-10","171027-008","9/15/2022 2:43:31 PM","0000-00","0","no battery","V","","µV","","µV"
"10/14/2022","12:10:26","7","default","171425599","OXY_CH7","13.236","min","198.393","μmol/L","Humid","21.010","deg","95920","µV","27.134","°C","1020.000","hPa","36.0","pmil","0","55.700","deg","20.000","°C","100.000","%a.s.","22.210","deg","20.000","°C","971.000","hPa","0.826","-0.01532","0.000401","-0.00012","0","11.08","Humid","30.45","0","49.40","253892.22","SABD0002000012","AAV2.0.0.13","4.0.0.2323","PSt7-10","171027-008","9/15/2022 2:43:31 PM","0000-00","0","no battery","V","","µV","","µV"
"10/14/2022","12:10:27","7","default","171425599","OXY_CH7","13.253","min","198.339","μmol/L","Humid","21.011","deg","95904","µV","27.140","°C","1020.000","hPa","36.0","pmil","0","55.700","deg","20.000","°C","100.000","%a.s.","22.210","deg","20.000","°C","971.000","hPa","0.826","-0.01532","0.000401","-0.00012","0","11.08","Humid","30.45","0","49.40","253884.69","SABD0002000012","AAV2.0.0.13","4.0.0.2323","PSt7-10","171027-008","9/15/2022 2:43:31 PM","0000-00","0","no battery","V","","µV","","µV"
"10/14/2022","12:10:28","7","default","171425599","OXY_CH7","13.270","min","198.446","μmol/L","Humid","21.007","deg","95899","µV","27.134","°C","1020.000","hPa","36.0","pmil","0","55.700","deg","20.000","°C","100.000","%a.s.","22.210","deg","20.000","°C","971.000","hPa","0.826","-0.01532","0.000401","-0.00012","0","11.08","Humid","30.45","0","49.40","253878.55","SABD0002000012","AAV2.0.0.13","4.0.0.2323","PSt7-10","171027-008","9/15/2022 2:43:31 PM","0000-00","0","no battery","V","","µV","","µV"
"10/14/2022","12:10:29","7","default","171425599","OXY_CH7","13.286","min","198.430","μmol/L","Humid","21.010","deg","95899","µV","27.128","°C","1020.000","hPa","36.0","pmil","0","55.700","deg","20.000","°C","100.000","%a.s.","22.210","deg","20.000","°C","971.000","hPa","0.826","-0.01532","0.000401","-0.00012","0","11.08","Humid","30.45","0","49.40","253868.52","SABD0002000012","AAV2.0.0.13","4.0.0.2323","PSt7-10","171027-008","9/15/2022 2:43:31 PM","0000-00","0","no battery","V","","µV","","µV"
"10/14/2022","12:10:30","7","default","171425599","OXY_CH7","13.303","min","198.517","μmol/L","Humid","21.003","deg","95894","µV","27.134","°C","1020.000","hPa","36.0","pmil","0","55.700","deg","20.000","°C","100.000","%a.s.","22.210","deg","20.000","°C","971.000","hPa","0.826","-0.01532","0.000401","-0.00012","0","11.08","Humid","30.45","0","49.40","253868.71","SABD0002000012","AAV2.0.0.13","4.0.0.2323","PSt7-10","171027-008","9/15/2022 2:43:31 PM","0000-00","0","no battery","V","","µV","","µV"
"10/14/2022","12:10:31","7","default","171425599","OXY_CH7","13.320","min","198.463","μmol/L","Humid","21.004","deg","95887","µV","27.140","°C","1020.000","hPa","36.0","pmil","0","55.700","deg","20.000","°C","100.000","%a.s.","22.210","deg","20.000","°C","971.000","hPa","0.826","-0.01532","0.000401","-0.00012","0","11.08","Humid","30.45","0","49.40","253887.53","SABD0002000012","AAV2.0.0.13","4.0.0.2323","PSt7-10","171027-008","9/15/2022 2:43:31 PM","0000-00","0","no battery","V","","µV","","µV"
"10/14/2022","12:10:32","7","default","171425599","OXY_CH7","13.336","min","198.517","μmol/L","Humid","21.003","deg","95886","µV","27.134","°C","1020.000","hPa","36.0","pmil","0","55.700","deg","20.000","°C","100.000","%a.s.","22.210","deg","20.000","°C","971.000","hPa","0.826","-0.01532","0.000401","-0.00012","0","11.08","Humid","30.45","0","49.40","253891.64","SABD0002000012","AAV2.0.0.13","4.0.0.2323","PSt7-10","171027-008","9/15/2022 2:43:31 PM","0000-00","0","no battery","V","","µV","","µV"
"10/14/2022","12:10:33","7","default","171425599","OXY_CH7","13.352","min","198.482","μmol/L","Humid","21.005","deg","95873","µV","27.134","°C","1020.000","hPa","36.0","pmil","0","55.700","deg","20.000","°C","100.000","%a.s.","22.210","deg","20.000","°C","971.000","hPa","0.826","-0.01532","0.000401","-0.00012","0","11.08","Humid","30.45","0","49.40","253879.13","SABD0002000012","AAV2.0.0.13","4.0.0.2323","PSt7-10","171027-008","9/15/2022 2:43:31 PM","0000-00","0","no battery","V","","µV","","µV"
"10/14/2022","12:10:34","7","default","171425599","OXY_CH7","13.369","min","198.517","μmol/L","Humid","21.003","deg","95872","µV","27.134","°C","1020.000","hPa","36.0","pmil","0","55.700","deg","20.000","°C","100.000","%a.s.","22.210","deg","20.000","°C","971.000","hPa","0.826","-0.01532","0.000401","-0.00012","0","11.08","Humid","30.45","0","49.40","253874.81","SABD0002000012","AAV2.0.0.13","4.0.0.2323","PSt7-10","171027-008","9/15/2022 2:43:31 PM","0000-00","0","no battery","V","","µV","","µV"
"10/14/2022","12:10:35","7","default","171425599","OXY_CH7","13.386","min","198.533","μmol/L","Humid","21.000","deg","95865","µV","27.140","°C","1020.000","hPa","36.0","pmil","0","55.700","deg","20.000","°C","100.000","%a.s.","22.210","deg","20.000","°C","971.000","hPa","0.826","-0.01532","0.000401","-0.00012","0","11.08","Humid","30.45","0","49.40","253865.69","SABD0002000012","AAV2.0.0.13","4.0.0.2323","PSt7-10","171027-008","9/15/2022 2:43:31 PM","0000-00","0","no battery","V","","µV","","µV"
"10/14/2022","12:10:36","7","default","171425599","OXY_CH7","13.403","min","198.533","μmol/L","Humid","21.000","deg","95865","µV","27.140","°C","1020.000","hPa","36.0","pmil","0","55.700","deg","20.000","°C","100.000","%a.s.","22.210","deg","20.000","°C","971.000","hPa","0.826","-0.01532","0.000401","-0.00012","0","11.08","Humid","30.45","0","49.40","253864.00","SABD0002000012","AAV2.0.0.13","4.0.0.2323","PSt7-10","171027-008","9/15/2022 2:43:31 PM","0000-00","0","no battery","V","","µV","","µV"
"10/14/2022","12:10:37","7","default","171425599","OXY_CH7","13.420","min","198.641","μmol/L","Humid","20.996","deg","95863","µV","27.134","°C","1020.000","hPa","36.0","pmil","0","55.700","deg","20.000","°C","100.000","%a.s.","22.210","deg","20.000","°C","971.000","hPa","0.826","-0.01532","0.000401","-0.00012","0","11.08","Humid","30.45","0","49.40","253868.70","SABD0002000012","AAV2.0.0.13","4.0.0.2323","PSt7-10","171027-008","9/15/2022 2:43:31 PM","0000-00","0","no battery","V","","µV","","µV"
"10/14/2022","12:10:38","7","default","171425599","OXY_CH7","13.436","min","198.641","μmol/L","Humid","20.996","deg","95852","µV","27.134","°C","1020.000","hPa","36.0","pmil","0","55.700","deg","20.000","°C","100.000","%a.s.","22.210","deg","20.000","°C","971.000","hPa","0.826","-0.01532","0.000401","-0.00012","0","11.08","Humid","30.45","0","49.40","253857.62","SABD0002000012","AAV2.0.0.13","4.0.0.2323","PSt7-10","171027-008","9/15/2022 2:43:31 PM","0000-00","0","no battery","V","","µV","","µV"
"10/14/2022","12:10:39","7","default","171425599","OXY_CH7","13.453","min","198.569","μmol/L","Humid","20.998","deg","95850","µV","27.140","°C","1020.000","hPa","36.0","pmil","0","55.700","deg","20.000","°C","100.000","%a.s.","22.210","deg","20.000","°C","971.000","hPa","0.826","-0.01532","0.000401","-0.00012","0","11.08","Humid","30.45","0","49.40","253862.97","SABD0002000012","AAV2.0.0.13","4.0.0.2323","PSt7-10","171027-008","9/15/2022 2:43:31 PM","0000-00","0","no battery","V","","µV","","µV"
"10/14/2022","12:10:40","7","default","171425599","OXY_CH7","13.470","min","198.640","μmol/L","Humid","20.994","deg","95848","µV","27.140","°C","1020.000","hPa","36.0","pmil","0","55.700","deg","20.000","°C","100.000","%a.s.","22.210","deg","20.000","°C","971.000","hPa","0.826","-0.01532","0.000401","-0.00012","0","11.08","Humid","30.45","0","49.40","253861.28","SABD0002000012","AAV2.0.0.13","4.0.0.2323","PSt7-10","171027-008","9/15/2022 2:43:31 PM","0000-00","0","no battery","V","","µV","","µV"
"10/14/2022","12:10:41","7","default","171425599","OXY_CH7","13.486","min","198.604","μmol/L","Humid","20.996","deg","95836","µV","27.140","°C","1020.000","hPa","36.0","pmil","0","55.700","deg","20.000","°C","100.000","%a.s.","22.210","deg","20.000","°C","971.000","hPa","0.826","-0.01532","0.000401","-0.00012","0","11.08","Humid","30.45","0","49.40","253855.85","SABD0002000012","AAV2.0.0.13","4.0.0.2323","PSt7-10","171027-008","9/15/2022 2:43:31 PM","0000-00","0","no battery","V","","µV","","µV"
"10/14/2022","12:10:42","7","default","171425599","OXY_CH7","13.502","min","198.711","μmol/L","Humid","20.992","deg","95841","µV","27.134","°C","1020.000","hPa","36.0","pmil","0","55.700","deg","20.000","°C","100.000","%a.s.","22.210","deg","20.000","°C","971.000","hPa","0.826","-0.01532","0.000401","-0.00012","0","11.08","Humid","30.45","0","49.40","253857.19","SABD0002000012","AAV2.0.0.13","4.0.0.2323","PSt7-10","171027-008","9/15/2022 2:43:31 PM","0000-00","0","no battery","V","","µV","","µV"
"10/14/2022","12:10:43","7","default","171425599","OXY_CH7","13.519","min","198.657","μmol/L","Humid","20.993","deg","95842","µV","27.140","°C","1020.000","hPa","36.0","pmil","0","55.700","deg","20.000","°C","100.000","%a.s.","22.210","deg","20.000","°C","971.000","hPa","0.826","-0.01532","0.000401","-0.00012","0","11.08","Humid","30.45","0","49.40","253860.53","SABD0002000012","AAV2.0.0.13","4.0.0.2323","PSt7-10","171027-008","9/15/2022 2:43:31 PM","0000-00","0","no battery","V","","µV","","µV"
"10/14/2022","12:10:44","7","default","171425599","OXY_CH7","13.536","min","198.693","μmol/L","Humid","20.991","deg","95834","µV","27.140","°C","1020.000","hPa","36.0","pmil","0","55.700","deg","20.000","°C","100.000","%a.s.","22.210","deg","20.000","°C","971.000","hPa","0.826","-0.01532","0.000401","-0.00012","0","11.08","Humid","30.45","0","49.40","253857.56","SABD0002000012","AAV2.0.0.13","4.0.0.2323","PSt7-10","171027-008","9/15/2022 2:43:31 PM","0000-00","0","no battery","V","","µV","","µV"
"10/14/2022","12:10:45","7","default","171425599","OXY_CH7","13.553","min","198.730","μmol/L","Humid","20.993","deg","95826","µV","27.128","°C","1020.000","hPa","36.0","pmil","0","55.700","deg","20.000","°C","100.000","%a.s.","22.210","deg","20.000","°C","971.000","hPa","0.826","-0.01532","0.000401","-0.00012","0","11.08","Humid","30.45","0","49.40","253873.38","SABD0002000012","AAV2.0.0.13","4.0.0.2323","PSt7-10","171027-008","9/15/2022 2:43:31 PM","0000-00","0","no battery","V","","µV","","µV"
"10/14/2022","12:10:46","7","default","171425599","OXY_CH7","13.570","min","198.764","μmol/L","Humid","20.989","deg","95824","µV","27.134","°C","1020.000","hPa","36.0","pmil","0","55.700","deg","20.000","°C","100.000","%a.s.","22.210","deg","20.000","°C","971.000","hPa","0.826","-0.01532","0.000401","-0.00012","0","11.08","Humid","30.45","0","49.40","253876.02","SABD0002000012","AAV2.0.0.13","4.0.0.2323","PSt7-10","171027-008","9/15/2022 2:43:31 PM","0000-00","0","no battery","V","","µV","","µV"
"10/14/2022","12:10:47","7","default","171425599","OXY_CH7","13.586","min","198.854","μmol/L","Humid","20.986","deg","95806","µV","27.128","°C","1020.000","hPa","36.0","pmil","0","55.700","deg","20.000","°C","100.000","%a.s.","22.210","deg","20.000","°C","971.000","hPa","0.826","-0.01532","0.000401","-0.00012","0","11.08","Humid","30.45","0","49.40","253862.12","SABD0002000012","AAV2.0.0.13","4.0.0.2323","PSt7-10","171027-008","9/15/2022 2:43:31 PM","0000-00","0","no battery","V","","µV","","µV"
"10/14/2022","12:10:48","7","default","171425599","OXY_CH7","13.603","min","198.853","μmol/L","Humid","20.984","deg","95811","µV","27.134","°C","1020.000","hPa","36.0","pmil","0","55.700","deg","20.000","°C","100.000","%a.s.","22.210","deg","20.000","°C","971.000","hPa","0.826","-0.01532","0.000401","-0.00012","0","11.08","Humid","30.45","0","49.40","253865.74","SABD0002000012","AAV2.0.0.13","4.0.0.2323","PSt7-10","171027-008","9/15/2022 2:43:31 PM","0000-00","0","no battery","V","","µV","","µV"
"10/14/2022","12:10:49","7","default","171425599","OXY_CH7","13.620","min","198.800","μmol/L","Humid","20.987","deg","95804","µV","27.134","°C","1020.000","hPa","36.0","pmil","0","55.700","deg","20.000","°C","100.000","%a.s.","22.210","deg","20.000","°C","971.000","hPa","0.826","-0.01532","0.000401","-0.00012","0","11.08","Humid","30.45","0","49.40","253859.14","SABD0002000012","AAV2.0.0.13","4.0.0.2323","PSt7-10","171027-008","9/15/2022 2:43:31 PM","0000-00","0","no battery","V","","µV","","µV"
"10/14/2022","12:10:50","7","default","171425599","OXY_CH7","13.636","min","198.743","μmol/L","Humid","20.984","deg","95798","µV","27.153","°C","1020.000","hPa","36.0","pmil","0","55.700","deg","20.000","°C","100.000","%a.s.","22.210","deg","20.000","°C","971.000","hPa","0.826","-0.01532","0.000401","-0.00012","0","11.08","Humid","30.45","0","49.40","253858.89","SABD0002000012","AAV2.0.0.13","4.0.0.2323","PSt7-10","171027-008","9/15/2022 2:43:31 PM","0000-00","0","no battery","V","","µV","","µV"
"10/14/2022","12:10:51","7","default","171425599","OXY_CH7","13.652","min","198.887","μmol/L","Humid","20.980","deg","95796","µV","27.140","°C","1020.000","hPa","36.0","pmil","0","55.700","deg","20.000","°C","100.000","%a.s.","22.210","deg","20.000","°C","971.000","hPa","0.826","-0.01532","0.000401","-0.00012","0","11.08","Humid","30.45","0","49.40","253866.90","SABD0002000012","AAV2.0.0.13","4.0.0.2323","PSt7-10","171027-008","9/15/2022 2:43:31 PM","0000-00","0","no battery","V","","µV","","µV"
"10/14/2022","12:10:52","7","default","171425599","OXY_CH7","13.669","min","198.905","μmol/L","Humid","20.979","deg","95788","µV","27.140","°C","1020.000","hPa","36.0","pmil","0","55.700","deg","20.000","°C","100.000","%a.s.","22.210","deg","20.000","°C","971.000","hPa","0.826","-0.01532","0.000401","-0.00012","0","11.08","Humid","30.45","0","49.40","253860.37","SABD0002000012","AAV2.0.0.13","4.0.0.2323","PSt7-10","171027-008","9/15/2022 2:43:31 PM","0000-00","0","no battery","V","","µV","","µV"
"10/14/2022","12:10:53","7","default","171425599","OXY_CH7","13.686","min","198.906","μmol/L","Humid","20.981","deg","95780","µV","27.134","°C","1020.000","hPa","36.0","pmil","0","55.700","deg","20.000","°C","100.000","%a.s.","22.210","deg","20.000","°C","971.000","hPa","0.826","-0.01532","0.000401","-0.00012","0","11.08","Humid","30.45","0","49.40","253863.61","SABD0002000012","AAV2.0.0.13","4.0.0.2323","PSt7-10","171027-008","9/15/2022 2:43:31 PM","0000-00","0","no battery","V","","µV","","µV"
"10/14/2022","12:10:54","7","default","171425599","OXY_CH7","13.703","min","198.905","μmol/L","Humid","20.979","deg","95780","µV","27.140","°C","1020.000","hPa","36.0","pmil","0","55.700","deg","20.000","°C","100.000","%a.s.","22.210","deg","20.000","°C","971.000","hPa","0.826","-0.01532","0.000401","-0.00012","0","11.08","Humid","30.45","0","49.40","253859.91","SABD0002000012","AAV2.0.0.13","4.0.0.2323","PSt7-10","171027-008","9/15/2022 2:43:31 PM","0000-00","0","no battery","V","","µV","","µV"
"10/14/2022","12:10:55","7","default","171425599","OXY_CH7","13.720","min","198.940","μmol/L","Humid","20.977","deg","95775","µV","27.140","°C","1020.000","hPa","36.0","pmil","0","55.700","deg","20.000","°C","100.000","%a.s.","22.210","deg","20.000","°C","971.000","hPa","0.826","-0.01532","0.000401","-0.00012","0","11.08","Humid","30.45","0","49.40","253852.88","SABD0002000012","AAV2.0.0.13","4.0.0.2323","PSt7-10","171027-008","9/15/2022 2:43:31 PM","0000-00","0","no battery","V","","µV","","µV"
"10/14/2022","12:10:56","7","default","171425599","OXY_CH7","13.736","min","198.923","μmol/L","Humid","20.978","deg","95766","µV","27.140","°C","1020.000","hPa","36.0","pmil","0","55.700","deg","20.000","°C","100.000","%a.s.","22.210","deg","20.000","°C","971.000","hPa","0.826","-0.01532","0.000401","-0.00012","0","11.08","Humid","30.45","0","49.40","253849.27","SABD0002000012","AAV2.0.0.13","4.0.0.2323","PSt7-10","171027-008","9/15/2022 2:43:31 PM","0000-00","0","no battery","V","","µV","","µV"
"10/14/2022","12:10:57","7","default","171425599","OXY_CH7","13.753","min","198.868","μmol/L","Humid","20.979","deg","95765","µV","27.147","°C","1020.000","hPa","36.0","pmil","0","55.700","deg","20.000","°C","100.000","%a.s.","22.210","deg","20.000","°C","971.000","hPa","0.826","-0.01532","0.000401","-0.00012","0","11.08","Humid","30.45","0","49.40","253854.90","SABD0002000012","AAV2.0.0.13","4.0.0.2323","PSt7-10","171027-008","9/15/2022 2:43:31 PM","0000-00","0","no battery","V","","µV","","µV"
"10/14/2022","12:10:58","7","default","171425599","OXY_CH7","13.770","min","199.029","μmol/L","Humid","20.972","deg","95766","µV","27.140","°C","1020.000","hPa","36.0","pmil","0","55.700","deg","20.000","°C","100.000","%a.s.","22.210","deg","20.000","°C","971.000","hPa","0.826","-0.01532","0.000401","-0.00012","0","11.08","Humid","30.45","0","49.40","253849.80","SABD0002000012","AAV2.0.0.13","4.0.0.2323","PSt7-10","171027-008","9/15/2022 2:43:31 PM","0000-00","0","no battery","V","","µV","","µV"
"10/14/2022","12:10:59","7","default","171425599","OXY_CH7","13.786","min","199.064","μmol/L","Humid","20.970","deg","95758","µV","27.140","°C","1020.000","hPa","36.0","pmil","0","55.700","deg","20.000","°C","100.000","%a.s.","22.210","deg","20.000","°C","971.000","hPa","0.826","-0.01532","0.000401","-0.00012","0","11.08","Humid","30.45","0","49.40","253850.23","SABD0002000012","AAV2.0.0.13","4.0.0.2323","PSt7-10","171027-008","9/15/2022 2:43:31 PM","0000-00","0","no battery","V","","µV","","µV"
"10/14/2022","12:11:00","7","default","171425599","OXY_CH7","13.802","min","199.083","μmol/L","Humid","20.971","deg","95748","µV","27.134","°C","1020.000","hPa","36.0","pmil","0","55.700","deg","20.000","°C","100.000","%a.s.","22.210","deg","20.000","°C","971.000","hPa","0.826","-0.01532","0.000401","-0.00012","0","11.08","Humid","30.45","0","49.40","253836.25","SABD0002000012","AAV2.0.0.13","4.0.0.2323","PSt7-10","171027-008","9/15/2022 2:43:31 PM","0000-00","0","no battery","V","","µV","","µV"
"10/14/2022","12:11:01","7","default","171425599","OXY_CH7","13.819","min","199.083","μmol/L","Humid","20.971","deg","95738","µV","27.134","°C","1020.000","hPa","36.0","pmil","0","55.700","deg","20.000","°C","100.000","%a.s.","22.210","deg","20.000","°C","971.000","hPa","0.826","-0.01532","0.000401","-0.00012","0","11.08","Humid","30.45","0","49.40","253845.66","SABD0002000012","AAV2.0.0.13","4.0.0.2323","PSt7-10","171027-008","9/15/2022 2:43:31 PM","0000-00","0","no battery","V","","µV","","µV"
"10/14/2022","12:11:02","7","default","171425599","OXY_CH7","13.836","min","199.119","μmol/L","Humid","20.969","deg","95735","µV","27.134","°C","1020.000","hPa","36.0","pmil","0","55.700","deg","20.000","°C","100.000","%a.s.","22.210","deg","20.000","°C","971.000","hPa","0.826","-0.01532","0.000401","-0.00012","0","11.08","Humid","30.45","0","49.40","253839.84","SABD0002000012","AAV2.0.0.13","4.0.0.2323","PSt7-10","171027-008","9/15/2022 2:43:31 PM","0000-00","0","no battery","V","","µV","","µV"
"10/14/2022","12:11:03","7","default","171425599","OXY_CH7","13.853","min","199.119","μmol/L","Humid","20.969","deg","95739","µV","27.134","°C","1020.000","hPa","36.0","pmil","0","55.700","deg","20.000","°C","100.000","%a.s.","22.210","deg","20.000","°C","971.000","hPa","0.826","-0.01532","0.000401","-0.00012","0","11.08","Humid","30.45","0","49.40","253847.70","SABD0002000012","AAV2.0.0.13","4.0.0.2323","PSt7-10","171027-008","9/15/2022 2:43:31 PM","0000-00","0","no battery","V","","µV","","µV"
"10/14/2022","12:11:04","7","default","171425599","OXY_CH7","13.869","min","199.118","μmol/L","Humid","20.967","deg","95732","µV","27.140","°C","1020.000","hPa","36.0","pmil","0","55.700","deg","20.000","°C","100.000","%a.s.","22.210","deg","20.000","°C","971.000","hPa","0.826","-0.01532","0.000401","-0.00012","0","11.08","Humid","30.45","0","49.40","253848.42","SABD0002000012","AAV2.0.0.13","4.0.0.2323","PSt7-10","171027-008","9/15/2022 2:43:31 PM","0000-00","0","no battery","V","","µV","","µV"
"10/14/2022","12:11:05","7","default","171425599","OXY_CH7","13.886","min","199.170","μmol/L","Humid","20.962","deg","95727","µV","27.147","°C","1020.000","hPa","36.0","pmil","0","55.700","deg","20.000","°C","100.000","%a.s.","22.210","deg","20.000","°C","971.000","hPa","0.826","-0.01532","0.000401","-0.00012","0","11.08","Humid","30.45","0","49.40","253847.38","SABD0002000012","AAV2.0.0.13","4.0.0.2323","PSt7-10","171027-008","9/15/2022 2:43:31 PM","0000-00","0","no battery","V","","µV","","µV"
"10/14/2022","12:11:06","7","default","171425599","OXY_CH7","13.903","min","199.209","μmol/L","Humid","20.966","deg","95720","µV","27.128","°C","1020.000","hPa","36.0","pmil","0","55.700","deg","20.000","°C","100.000","%a.s.","22.210","deg","20.000","°C","971.000","hPa","0.826","-0.01532","0.000401","-0.00012","0","11.08","Humid","30.45","0","49.40","253839.91","SABD0002000012","AAV2.0.0.13","4.0.0.2323","PSt7-10","171027-008","9/15/2022 2:43:31 PM","0000-00","0","no battery","V","","µV","","µV"
"10/14/2022","12:11:07","7","default","171425599","OXY_CH7","13.920","min","199.171","μmol/L","Humid","20.964","deg","95717","µV","27.140","°C","1020.000","hPa","36.0","pmil","0","55.700","deg","20.000","°C","100.000","%a.s.","22.210","deg","20.000","°C","971.000","hPa","0.826","-0.01532","0.000401","-0.00012","0","11.08","Humid","30.45","0","49.40","253833.78","SABD0002000012","AAV2.0.0.13","4.0.0.2323","PSt7-10","171027-008","9/15/2022 2:43:31 PM","0000-00","0","no battery","V","","µV","","µV"
"10/14/2022","12:11:08","7","default","171425599","OXY_CH7","13.936","min","199.242","μmol/L","Humid","20.960","deg","95719","µV","27.140","°C","1020.000","hPa","36.0","pmil","0","55.700","deg","20.000","°C","100.000","%a.s.","22.210","deg","20.000","°C","971.000","hPa","0.826","-0.01532","0.000401","-0.00012","0","11.08","Humid","30.45","0","49.40","253830.91","SABD0002000012","AAV2.0.0.13","4.0.0.2323","PSt7-10","171027-008","9/15/2022 2:43:31 PM","0000-00","0","no battery","V","","µV","","µV"
"10/14/2022","12:11:09","7","default","171425599","OXY_CH7","13.952","min","199.153","μmol/L","Humid","20.965","deg","95709","µV","27.140","°C","1020.000","hPa","36.0","pmil","0","55.700","deg","20.000","°C","100.000","%a.s.","22.210","deg","20.000","°C","971.000","hPa","0.826","-0.01532","0.000401","-0.00012","0","11.08","Humid","30.45","0","49.40","253835.21","SABD0002000012","AAV2.0.0.13","4.0.0.2323","PSt7-10","171027-008","9/15/2022 2:43:31 PM","0000-00","0","no battery","V","","µV","","µV"
"10/14/2022","12:11:10","7","default","171425599","OXY_CH7","13.969","min","199.206","μmol/L","Humid","20.962","deg","95703","µV","27.140","°C","1020.000","hPa","36.0","pmil","0","55.700","deg","20.000","°C","100.000","%a.s.","22.210","deg","20.000","°C","971.000","hPa","0.826","-0.01532","0.000401","-0.00012","0","11.08","Humid","30.45","0","49.40","253828.50","SABD0002000012","AAV2.0.0.13","4.0.0.2323","PSt7-10","171027-008","9/15/2022 2:43:31 PM","0000-00","0","no battery","V","","µV","","µV"
"10/14/2022","12:11:11","7","default","171425599","OXY_CH7","13.986","min","199.295","μmol/L","Humid","20.957","deg","95702","µV","27.140","°C","1020.000","hPa","36.0","pmil","0","55.700","deg","20.000","°C","100.000","%a.s.","22.210","deg","20.000","°C","971.000","hPa","0.826","-0.01532","0.000401","-0.00012","0","11.08","Humid","30.45","0","49.40","253835.45","SABD0002000012","AAV2.0.0.13","4.0.0.2323","PSt7-10","171027-008","9/15/2022 2:43:31 PM","0000-00","0","no battery","V","","µV","","µV"
"10/14/2022","12:11:12","7","default","171425599","OXY_CH7","14.003","min","199.242","μmol/L","Humid","20.960","deg","95704","µV","27.140","°C","1020.000","hPa","36.0","pmil","0","55.700","deg","20.000","°C","100.000","%a.s.","22.210","deg","20.000","°C","971.000","hPa","0.826","-0.01532","0.000401","-0.00012","0","11.08","Humid","30.45","0","49.40","253837.24","SABD0002000012","AAV2.0.0.13","4.0.0.2323","PSt7-10","171027-008","9/15/2022 2:43:31 PM","0000-00","0","no battery","V","","µV","","µV"
"10/14/2022","12:11:13","7","default","171425599","OXY_CH7","14.019","min","199.277","μmol/L","Humid","20.958","deg","95698","µV","27.140","°C","1020.000","hPa","36.0","pmil","0","55.700","deg","20.000","°C","100.000","%a.s.","22.210","deg","20.000","°C","971.000","hPa","0.826","-0.01532","0.000401","-0.00012","0","11.08","Humid","30.45","0","49.40","253837.45","SABD0002000012","AAV2.0.0.13","4.0.0.2323","PSt7-10","171027-008","9/15/2022 2:43:31 PM","0000-00","0","no battery","V","","µV","","µV"
"10/14/2022","12:11:14","7","default","171425599","OXY_CH7","14.036","min","199.242","μmol/L","Humid","20.960","deg","95688","µV","27.140","°C","1020.000","hPa","36.0","pmil","0","55.700","deg","20.000","°C","100.000","%a.s.","22.210","deg","20.000","°C","971.000","hPa","0.826","-0.01532","0.000401","-0.00012","0","11.08","Humid","30.45","0","49.40","253835.68","SABD0002000012","AAV2.0.0.13","4.0.0.2323","PSt7-10","171027-008","9/15/2022 2:43:31 PM","0000-00","0","no battery","V","","µV","","µV"
"10/14/2022","12:11:15","7","default","171425599","OXY_CH7","14.053","min","199.313","μmol/L","Humid","20.956","deg","95687","µV","27.140","°C","1020.000","hPa","36.0","pmil","0","55.700","deg","20.000","°C","100.000","%a.s.","22.210","deg","20.000","°C","971.000","hPa","0.826","-0.01532","0.000401","-0.00012","0","11.08","Humid","30.45","0","49.40","253846.71","SABD0002000012","AAV2.0.0.13","4.0.0.2323","PSt7-10","171027-008","9/15/2022 2:43:31 PM","0000-00","0","no battery","V","","µV","","µV"
"10/14/2022","12:11:16","7","default","171425599","OXY_CH7","14.070","min","199.403","μmol/L","Humid","20.953","deg","95685","µV","27.134","°C","1020.000","hPa","36.0","pmil","0","55.700","deg","20.000","°C","100.000","%a.s.","22.210","deg","20.000","°C","971.000","hPa","0.826","-0.01532","0.000401","-0.00012","0","11.08","Humid","30.45","0","49.40","253841.91","SABD0002000012","AAV2.0.0.13","4.0.0.2323","PSt7-10","171027-008","9/15/2022 2:43:31 PM","0000-00","0","no battery","V","","µV","","µV"
"10/14/2022","12:11:17","7","default","171425599","OXY_CH7","14.086","min","199.402","μmol/L","Humid","20.951","deg","95684","µV","27.140","°C","1020.000","hPa","36.0","pmil","0","55.700","deg","20.000","°C","100.000","%a.s.","22.210","deg","20.000","°C","971.000","hPa","0.826","-0.01532","0.000401","-0.00012","0","11.08","Humid","30.45","0","49.40","253841.94","SABD0002000012","AAV2.0.0.13","4.0.0.2323","PSt7-10","171027-008","9/15/2022 2:43:31 PM","0000-00","0","no battery","V","","µV","","µV"
"10/14/2022","12:11:18","7","default","171425599","OXY_CH7","14.102","min","199.366","μmol/L","Humid","20.953","deg","95674","µV","27.140","°C","1020.000","hPa","36.0","pmil","0","55.700","deg","20.000","°C","100.000","%a.s.","22.210","deg","20.000","°C","971.000","hPa","0.826","-0.01532","0.000401","-0.00012","0","11.08","Humid","30.45","0","49.40","253826.18","SABD0002000012","AAV2.0.0.13","4.0.0.2323","PSt7-10","171027-008","9/15/2022 2:43:31 PM","0000-00","0","no battery","V","","µV","","µV"
"10/14/2022","12:11:19","7","default","171425599","OXY_CH7","14.119","min","199.348","μmol/L","Humid","20.954","deg","95673","µV","27.140","°C","1020.000","hPa","36.0","pmil","0","55.700","deg","20.000","°C","100.000","%a.s.","22.210","deg","20.000","°C","971.000","hPa","0.826","-0.01532","0.000401","-0.00012","0","11.08","Humid","30.45","0","49.40","253830.47","SABD0002000012","AAV2.0.0.13","4.0.0.2323","PSt7-10","171027-008","9/15/2022 2:43:31 PM","0000-00","0","no battery","V","","µV","","µV"
"10/14/2022","12:11:20","7","default","171425599","OXY_CH7","14.136","min","199.312","μmol/L","Humid","20.954","deg","95670","µV","27.147","°C","1020.000","hPa","36.0","pmil","0","55.700","deg","20.000","°C","100.000","%a.s.","22.210","deg","20.000","°C","971.000","hPa","0.826","-0.01532","0.000401","-0.00012","0","11.08","Humid","30.45","0","49.40","253834.05","SABD0002000012","AAV2.0.0.13","4.0.0.2323","PSt7-10","171027-008","9/15/2022 2:43:31 PM","0000-00","0","no battery","V","","µV","","µV"
"10/14/2022","12:11:21","7","default","171425599","OXY_CH7","14.153","min","199.437","μmol/L","Humid","20.949","deg","95667","µV","27.140","°C","1020.000","hPa","36.0","pmil","0","55.700","deg","20.000","°C","100.000","%a.s.","22.210","deg","20.000","°C","971.000","hPa","0.826","-0.01532","0.000401","-0.00012","0","11.08","Humid","30.45","0","49.40","253828.84","SABD0002000012","AAV2.0.0.13","4.0.0.2323","PSt7-10","171027-008","9/15/2022 2:43:31 PM","0000-00","0","no battery","V","","µV","","µV"
"10/14/2022","12:11:22","7","default","171425599","OXY_CH7","14.170","min","199.401","μmol/L","Humid","20.949","deg","95663","µV","27.147","°C","1020.000","hPa","36.0","pmil","0","55.700","deg","20.000","°C","100.000","%a.s.","22.210","deg","20.000","°C","971.000","hPa","0.826","-0.01532","0.000401","-0.00012","0","11.08","Humid","30.45","0","49.40","253823.26","SABD0002000012","AAV2.0.0.13","4.0.0.2323","PSt7-10","171027-008","9/15/2022 2:43:31 PM","0000-00","0","no battery","V","","µV","","µV"
"10/14/2022","12:11:23","7","default","171425599","OXY_CH7","14.186","min","199.454","μmol/L","Humid","20.946","deg","95658","µV","27.147","°C","1020.000","hPa","36.0","pmil","0","55.700","deg","20.000","°C","100.000","%a.s.","22.210","deg","20.000","°C","971.000","hPa","0.826","-0.01532","0.000401","-0.00012","0","11.08","Humid","30.45","0","49.40","253835.02","SABD0002000012","AAV2.0.0.13","4.0.0.2323","PSt7-10","171027-008","9/15/2022 2:43:31 PM","0000-00","0","no battery","V","","µV","","µV"
"10/14/2022","12:11:24","7","default","171425599","OXY_CH7","14.203","min","199.508","μmol/L","Humid","20.945","deg","95654","µV","27.140","°C","1020.000","hPa","36.0","pmil","0","55.700","deg","20.000","°C","100.000","%a.s.","22.210","deg","20.000","°C","971.000","hPa","0.826","-0.01532","0.000401","-0.00012","0","11.08","Humid","30.45","0","49.40","253823.90","SABD0002000012","AAV2.0.0.13","4.0.0.2323","PSt7-10","171027-008","9/15/2022 2:43:31 PM","0000-00","0","no battery","V","","µV","","µV"
"10/14/2022","12:11:25","7","default","171425599","OXY_CH7","14.220","min","199.527","μmol/L","Humid","20.946","deg","95641","µV","27.134","°C","1020.000","hPa","36.0","pmil","0","55.700","deg","20.000","°C","100.000","%a.s.","22.210","deg","20.000","°C","971.000","hPa","0.826","-0.01532","0.000401","-0.00012","0","11.08","Humid","30.45","0","49.40","253818.67","SABD0002000012","AAV2.0.0.13","4.0.0.2323","PSt7-10","171027-008","9/15/2022 2:43:31 PM","0000-00","0","no battery","V","","µV","","µV"
"10/14/2022","12:11:26","7","default","171425599","OXY_CH7","14.236","min","199.526","μmol/L","Humid","20.944","deg","95635","µV","27.140","°C","1020.000","hPa","36.0","pmil","0","55.700","deg","20.000","°C","100.000","%a.s.","22.210","deg","20.000","°C","971.000","hPa","0.826","-0.01532","0.000401","-0.00012","0","11.08","Humid","30.45","0","49.40","253810.10","SABD0002000012","AAV2.0.0.13","4.0.0.2323","PSt7-10","171027-008","9/15/2022 2:43:31 PM","0000-00","0","no battery","V","","µV","","µV"
"10/14/2022","12:11:27","7","default","171425599","OXY_CH7","14.252","min","199.525","μmol/L","Humid","20.942","deg","95638","µV","27.147","°C","1020.000","hPa","36.0","pmil","0","55.700","deg","20.000","°C","100.000","%a.s.","22.210","deg","20.000","°C","971.000","hPa","0.826","-0.01532","0.000401","-0.00012","0","11.08","Humid","30.45","0","49.40","253826.32","SABD0002000012","AAV2.0.0.13","4.0.0.2323","PSt7-10","171027-008","9/15/2022 2:43:31 PM","0000-00","0","no battery","V","","µV","","µV"
"10/14/2022","12:11:28","7","default","171425599","OXY_CH7","14.269","min","199.525","μmol/L","Humid","20.942","deg","95633","µV","27.147","°C","1020.000","hPa","36.0","pmil","0","55.700","deg","20.000","°C","100.000","%a.s.","22.210","deg","20.000","°C","971.000","hPa","0.826","-0.01532","0.000401","-0.00012","0","11.08","Humid","30.45","0","49.40","253827.32","SABD0002000012","AAV2.0.0.13","4.0.0.2323","PSt7-10","171027-008","9/15/2022 2:43:31 PM","0000-00","0","no battery","V","","µV","","µV"
"10/14/2022","12:11:29","7","default","171425599","OXY_CH7","14.286","min","199.470","μmol/L","Humid","20.943","deg","95626","µV","27.153","°C","1020.000","hPa","36.0","pmil","0","55.700","deg","20.000","°C","100.000","%a.s.","22.210","deg","20.000","°C","971.000","hPa","0.826","-0.01532","0.000401","-0.00012","0","11.08","Humid","30.45","0","49.40","253806.50","SABD0002000012","AAV2.0.0.13","4.0.0.2323","PSt7-10","171027-008","9/15/2022 2:43:31 PM","0000-00","0","no battery","V","","µV","","µV"
"10/14/2022","12:11:30","7","default","171425599","OXY_CH7","14.303","min","199.507","μmol/L","Humid","20.943","deg","95617","µV","27.147","°C","1020.000","hPa","36.0","pmil","0","55.700","deg","20.000","°C","100.000","%a.s.","22.210","deg","20.000","°C","971.000","hPa","0.826","-0.01532","0.000401","-0.00012","0","11.08","Humid","30.45","0","49.40","253804.33","SABD0002000012","AAV2.0.0.13","4.0.0.2323","PSt7-10","171027-008","9/15/2022 2:43:31 PM","0000-00","0","no battery","V","","µV","","µV"
"10/14/2022","12:11:31","7","default","171425599","OXY_CH7","14.320","min","199.579","μmol/L","Humid","20.941","deg","95612","µV","27.140","°C","1020.000","hPa","36.0","pmil","0","55.700","deg","20.000","°C","100.000","%a.s.","22.210","deg","20.000","°C","971.000","hPa","0.826","-0.01532","0.000401","-0.00012","0","11.08","Humid","30.45","0","49.40","253812.04","SABD0002000012","AAV2.0.0.13","4.0.0.2323","PSt7-10","171027-008","9/15/2022 2:43:31 PM","0000-00","0","no battery","V","","µV","","µV"
"10/14/2022","12:11:32","7","default","171425599","OXY_CH7","14.336","min","199.668","μmol/L","Humid","20.936","deg","95613","µV","27.140","°C","1020.000","hPa","36.0","pmil","0","55.700","deg","20.000","°C","100.000","%a.s.","22.210","deg","20.000","°C","971.000","hPa","0.826","-0.01532","0.000401","-0.00012","0","11.08","Humid","30.45","0","49.40","253801.98","SABD0002000012","AAV2.0.0.13","4.0.0.2323","PSt7-10","171027-008","9/15/2022 2:43:31 PM","0000-00","0","no battery","V","","µV","","µV"
"10/14/2022","12:11:33","7","default","171425599","OXY_CH7","14.353","min","199.615","μmol/L","Humid","20.939","deg","95602","µV","27.140","°C","1020.000","hPa","36.0","pmil","0","55.700","deg","20.000","°C","100.000","%a.s.","22.210","deg","20.000","°C","971.000","hPa","0.826","-0.01532","0.000401","-0.00012","0","11.08","Humid","30.45","0","49.40","253804.36","SABD0002000012","AAV2.0.0.13","4.0.0.2323","PSt7-10","171027-008","9/15/2022 2:43:31 PM","0000-00","0","no battery","V","","µV","","µV"
"10/14/2022","12:11:34","7","default","171425599","OXY_CH7","14.370","min","199.559","μmol/L","Humid","20.938","deg","95606","µV","27.153","°C","1020.000","hPa","36.0","pmil","0","55.700","deg","20.000","°C","100.000","%a.s.","22.210","deg","20.000","°C","971.000","hPa","0.826","-0.01532","0.000401","-0.00012","0","11.08","Humid","30.45","0","49.40","253822.29","SABD0002000012","AAV2.0.0.13","4.0.0.2323","PSt7-10","171027-008","9/15/2022 2:43:31 PM","0000-00","0","no battery","V","","µV","","µV"
"10/14/2022","12:11:35","7","default","171425599","OXY_CH7","14.386","min","199.704","μmol/L","Humid","20.934","deg","95600","µV","27.140","°C","1020.000","hPa","36.0","pmil","0","55.700","deg","20.000","°C","100.000","%a.s.","22.210","deg","20.000","°C","971.000","hPa","0.826","-0.01532","0.000401","-0.00012","0","11.08","Humid","30.45","0","49.40","253809.78","SABD0002000012","AAV2.0.0.13","4.0.0.2323","PSt7-10","171027-008","9/15/2022 2:43:31 PM","0000-00","0","no battery","V","","µV","","µV"
"10/14/2022","12:11:36","7","default","171425599","OXY_CH7","14.402","min","199.649","μmol/L","Humid","20.935","deg","95598","µV","27.147","°C","1020.000","hPa","36.0","pmil","0","55.700","deg","20.000","°C","100.000","%a.s.","22.210","deg","20.000","°C","971.000","hPa","0.826","-0.01532","0.000401","-0.00012","0","11.08","Humid","30.45","0","49.40","253797.55","SABD0002000012","AAV2.0.0.13","4.0.0.2323","PSt7-10","171027-008","9/15/2022 2:43:31 PM","0000-00","0","no battery","V","","µV","","µV"
"10/14/2022","12:11:37","7","default","171425599","OXY_CH7","14.419","min","199.721","μmol/L","Humid","20.931","deg","95592","µV","27.147","°C","1020.000","hPa","36.0","pmil","0","55.700","deg","20.000","°C","100.000","%a.s.","22.210","deg","20.000","°C","971.000","hPa","0.826","-0.01532","0.000401","-0.00012","0","11.08","Humid","30.45","0","49.40","253816.27","SABD0002000012","AAV2.0.0.13","4.0.0.2323","PSt7-10","171027-008","9/15/2022 2:43:31 PM","0000-00","0","no battery","V","","µV","","µV"
"10/14/2022","12:11:38","7","default","171425599","OXY_CH7","14.436","min","199.810","μmol/L","Humid","20.926","deg","95584","µV","27.147","°C","1020.000","hPa","36.0","pmil","0","55.700","deg","20.000","°C","100.000","%a.s.","22.210","deg","20.000","°C","971.000","hPa","0.826","-0.01532","0.000401","-0.00012","0","11.08","Humid","30.45","0","49.40","253829.48","SABD0002000012","AAV2.0.0.13","4.0.0.2323","PSt7-10","171027-008","9/15/2022 2:43:31 PM","0000-00","0","no battery","V","","µV","","µV"
"10/14/2022","12:11:39","7","default","171425599","OXY_CH7","14.453","min","199.756","μmol/L","Humid","20.929","deg","95581","µV","27.147","°C","1020.000","hPa","36.0","pmil","0","55.700","deg","20.000","°C","100.000","%a.s.","22.210","deg","20.000","°C","971.000","hPa","0.826","-0.01532","0.000401","-0.00012","0","11.08","Humid","30.45","0","49.40","253810.90","SABD0002000012","AAV2.0.0.13","4.0.0.2323","PSt7-10","171027-008","9/15/2022 2:43:31 PM","0000-00","0","no battery","V","","µV","","µV"
"10/14/2022","12:11:40","7","default","171425599","OXY_CH7","14.470","min","199.756","μmol/L","Humid","20.929","deg","95577","µV","27.147","°C","1020.000","hPa","36.0","pmil","0","55.700","deg","20.000","°C","100.000","%a.s.","22.210","deg","20.000","°C","971.000","hPa","0.826","-0.01532","0.000401","-0.00012","0","11.08","Humid","30.45","0","49.40","253799.24","SABD0002000012","AAV2.0.0.13","4.0.0.2323","PSt7-10","171027-008","9/15/2022 2:43:31 PM","0000-00","0","no battery","V","","µV","","µV"
"10/14/2022","12:11:41","7","default","171425599","OXY_CH7","14.486","min","199.792","μmol/L","Humid","20.927","deg","95572","µV","27.147","°C","1020.000","hPa","36.0","pmil","0","55.700","deg","20.000","°C","100.000","%a.s.","22.210","deg","20.000","°C","971.000","hPa","0.826","-0.01532","0.000401","-0.00012","0","11.08","Humid","30.45","0","49.40","253798.41","SABD0002000012","AAV2.0.0.13","4.0.0.2323","PSt7-10","171027-008","9/15/2022 2:43:31 PM","0000-00","0","no battery","V","","µV","","µV"
"10/14/2022","12:11:42","7","default","171425599","OXY_CH7","14.503","min","199.774","μmol/L","Humid","20.928","deg","95571","µV","27.147","°C","1020.000","hPa","36.0","pmil","0","55.700","deg","20.000","°C","100.000","%a.s.","22.210","deg","20.000","°C","971.000","hPa","0.826","-0.01532","0.000401","-0.00012","0","11.08","Humid","30.45","0","49.40","253810.91","SABD0002000012","AAV2.0.0.13","4.0.0.2323","PSt7-10","171027-008","9/15/2022 2:43:31 PM","0000-00","0","no battery","V","","µV","","µV"
"10/14/2022","12:11:43","7","default","171425599","OXY_CH7","14.520","min","199.756","μmol/L","Humid","20.929","deg","95563","µV","27.147","°C","1020.000","hPa","36.0","pmil","0","55.700","deg","20.000","°C","100.000","%a.s.","22.210","deg","20.000","°C","971.000","hPa","0.826","-0.01532","0.000401","-0.00012","0","11.08","Humid","30.45","0","49.40","253800.83","SABD0002000012","AAV2.0.0.13","4.0.0.2323","PSt7-10","171027-008","9/15/2022 2:43:31 PM","0000-00","0","no battery","V","","µV","","µV"
"10/14/2022","12:11:44","7","default","171425599","OXY_CH7","14.536","min","199.793","μmol/L","Humid","20.929","deg","95551","µV","27.140","°C","1020.000","hPa","36.0","pmil","0","55.700","deg","20.000","°C","100.000","%a.s.","22.210","deg","20.000","°C","971.000","hPa","0.826","-0.01532","0.000401","-0.00012","0","11.08","Humid","30.45","0","49.40","253805.08","SABD0002000012","AAV2.0.0.13","4.0.0.2323","PSt7-10","171027-008","9/15/2022 2:43:31 PM","0000-00","0","no battery","V","","µV","","µV"
"10/14/2022","12:11:45","7","default","171425599","OXY_CH7","14.552","min","199.918","μmol/L","Humid","20.922","deg","95550","µV","27.140","°C","1020.000","hPa","36.0","pmil","0","55.700","deg","20.000","°C","100.000","%a.s.","22.210","deg","20.000","°C","971.000","hPa","0.826","-0.01532","0.000401","-0.00012","0","11.08","Humid","30.45","0","49.40","253797.81","SABD0002000012","AAV2.0.0.13","4.0.0.2323","PSt7-10","171027-008","9/15/2022 2:43:31 PM","0000-00","0","no battery","V","","µV","","µV"
"10/14/2022","12:11:46","7","default","171425599","OXY_CH7","14.569","min","199.919","μmol/L","Humid","20.924","deg","95548","µV","27.134","°C","1020.000","hPa","36.0","pmil","0","55.700","deg","20.000","°C","100.000","%a.s.","22.210","deg","20.000","°C","971.000","hPa","0.826","-0.01532","0.000401","-0.00012","0","11.08","Humid","30.45","0","49.40","253800.76","SABD0002000012","AAV2.0.0.13","4.0.0.2323","PSt7-10","171027-008","9/15/2022 2:43:31 PM","0000-00","0","no battery","V","","µV","","µV"
"10/14/2022","12:11:47","7","default","171425599","OXY_CH7","14.586","min","199.935","μmol/L","Humid","20.921","deg","95535","µV","27.140","°C","1020.000","hPa","36.0","pmil","0","55.700","deg","20.000","°C","100.000","%a.s.","22.210","deg","20.000","°C","971.000","hPa","0.826","-0.01532","0.000401","-0.00012","0","11.08","Humid","30.45","0","49.40","253795.61","SABD0002000012","AAV2.0.0.13","4.0.0.2323","PSt7-10","171027-008","9/15/2022 2:43:31 PM","0000-00","0","no battery","V","","µV","","µV"
"10/14/2022","12:11:48","7","default","171425599","OXY_CH7","14.603","min","199.881","μmol/L","Humid","20.922","deg","95532","µV","27.147","°C","1020.000","hPa","36.0","pmil","0","55.700","deg","20.000","°C","100.000","%a.s.","22.210","deg","20.000","°C","971.000","hPa","0.826","-0.01532","0.000401","-0.00012","0","11.08","Humid","30.45","0","49.40","253801.02","SABD0002000012","AAV2.0.0.13","4.0.0.2323","PSt7-10","171027-008","9/15/2022 2:43:31 PM","0000-00","0","no battery","V","","µV","","µV"
"10/14/2022","12:11:49","7","default","171425599","OXY_CH7","14.620","min","199.953","μmol/L","Humid","20.920","deg","95533","µV","27.140","°C","1020.000","hPa","36.0","pmil","0","55.700","deg","20.000","°C","100.000","%a.s.","22.210","deg","20.000","°C","971.000","hPa","0.826","-0.01532","0.000401","-0.00012","0","11.08","Humid","30.45","0","49.40","253793.71","SABD0002000012","AAV2.0.0.13","4.0.0.2323","PSt7-10","171027-008","9/15/2022 2:43:31 PM","0000-00","0","no battery","V","","µV","","µV"
"10/14/2022","12:11:50","7","default","171425599","OXY_CH7","14.636","min","199.970","μmol/L","Humid","20.917","deg","95526","µV","27.147","°C","1020.000","hPa","36.0","pmil","0","55.700","deg","20.000","°C","100.000","%a.s.","22.210","deg","20.000","°C","971.000","hPa","0.826","-0.01532","0.000401","-0.00012","0","11.08","Humid","30.45","0","49.40","253786.88","SABD0002000012","AAV2.0.0.13","4.0.0.2323","PSt7-10","171027-008","9/15/2022 2:43:31 PM","0000-00","0","no battery","V","","µV","","µV"
"10/14/2022","12:11:51","7","default","171425599","OXY_CH7","14.653","min","199.971","μmol/L","Humid","20.919","deg","95524","µV","27.140","°C","1020.000","hPa","36.0","pmil","0","55.700","deg","20.000","°C","100.000","%a.s.","22.210","deg","20.000","°C","971.000","hPa","0.826","-0.01532","0.000401","-0.00012","0","11.08","Humid","30.45","0","49.40","253792.31","SABD0002000012","AAV2.0.0.13","4.0.0.2323","PSt7-10","171027-008","9/15/2022 2:43:31 PM","0000-00","0","no battery","V","","µV","","µV"
"10/14/2022","12:11:52","7","default","171425599","OXY_CH7","14.670","min","200.024","μmol/L","Humid","20.914","deg","95517","µV","27.147","°C","1020.000","hPa","36.0","pmil","0","55.700","deg","20.000","°C","100.000","%a.s.","22.210","deg","20.000","°C","971.000","hPa","0.826","-0.01532","0.000401","-0.00012","0","11.08","Humid","30.45","0","49.40","253784.64","SABD0002000012","AAV2.0.0.13","4.0.0.2323","PSt7-10","171027-008","9/15/2022 2:43:31 PM","0000-00","0","no battery","V","","µV","","µV"
"10/14/2022","12:11:53","7","default","171425599","OXY_CH7","14.686","min","199.934","μmol/L","Humid","20.919","deg","95518","µV","27.147","°C","1020.000","hPa","36.0","pmil","0","55.700","deg","20.000","°C","100.000","%a.s.","22.210","deg","20.000","°C","971.000","hPa","0.826","-0.01532","0.000401","-0.00012","0","11.08","Humid","30.45","0","49.40","253790.78","SABD0002000012","AAV2.0.0.13","4.0.0.2323","PSt7-10","171027-008","9/15/2022 2:43:31 PM","0000-00","0","no battery","V","","µV","","µV"
"10/14/2022","12:11:54","7","default","171425599","OXY_CH7","14.703","min","200.024","μmol/L","Humid","20.914","deg","95513","µV","27.147","°C","1020.000","hPa","36.0","pmil","0","55.700","deg","20.000","°C","100.000","%a.s.","22.210","deg","20.000","°C","971.000","hPa","0.826","-0.01532","0.000401","-0.00012","0","11.08","Humid","30.45","0","49.40","253786.64","SABD0002000012","AAV2.0.0.13","4.0.0.2323","PSt7-10","171027-008","9/15/2022 2:43:31 PM","0000-00","0","no battery","V","","µV","","µV"
"10/14/2022","12:11:55","7","default","171425599","OXY_CH7","14.719","min","200.006","μmol/L","Humid","20.915","deg","95511","µV","27.147","°C","1020.000","hPa","36.0","pmil","0","55.700","deg","20.000","°C","100.000","%a.s.","22.210","deg","20.000","°C","971.000","hPa","0.826","-0.01532","0.000401","-0.00012","0","11.08","Humid","30.45","0","49.40","253783.15","SABD0002000012","AAV2.0.0.13","4.0.0.2323","PSt7-10","171027-008","9/15/2022 2:43:31 PM","0000-00","0","no battery","V","","µV","","µV"
"10/14/2022","12:11:56","7","default","171425599","OXY_CH7","14.736","min","200.041","μmol/L","Humid","20.913","deg","95499","µV","27.147","°C","1020.000","hPa","36.0","pmil","0","55.700","deg","20.000","°C","100.000","%a.s.","22.210","deg","20.000","°C","971.000","hPa","0.826","-0.01532","0.000401","-0.00012","0","11.08","Humid","30.45","0","49.40","253772.76","SABD0002000012","AAV2.0.0.13","4.0.0.2323","PSt7-10","171027-008","9/15/2022 2:43:31 PM","0000-00","0","no battery","V","","µV","","µV"
"10/14/2022","12:11:57","7","default","171425599","OXY_CH7","14.753","min","200.078","μmol/L","Humid","20.913","deg","95494","µV","27.140","°C","1020.000","hPa","36.0","pmil","0","55.700","deg","20.000","°C","100.000","%a.s.","22.210","deg","20.000","°C","971.000","hPa","0.826","-0.01532","0.000401","-0.00012","0","11.08","Humid","30.45","0","49.40","253775.04","SABD0002000012","AAV2.0.0.13","4.0.0.2323","PSt7-10","171027-008","9/15/2022 2:43:31 PM","0000-00","0","no battery","V","","µV","","µV"
"10/14/2022","12:11:58","7","default","171425599","OXY_CH7","14.770","min","200.113","μmol/L","Humid","20.909","deg","95499","µV","27.147","°C","1020.000","hPa","36.0","pmil","0","55.700","deg","20.000","°C","100.000","%a.s.","22.210","deg","20.000","°C","971.000","hPa","0.826","-0.01532","0.000401","-0.00012","0","11.08","Humid","30.45","0","49.40","253774.54","SABD0002000012","AAV2.0.0.13","4.0.0.2323","PSt7-10","171027-008","9/15/2022 2:43:31 PM","0000-00","0","no battery","V","","µV","","µV"
"10/14/2022","12:11:59","7","default","171425599","OXY_CH7","14.786","min","200.148","μmol/L","Humid","20.907","deg","95489","µV","27.147","°C","1020.000","hPa","36.0","pmil","0","55.700","deg","20.000","°C","100.000","%a.s.","22.210","deg","20.000","°C","971.000","hPa","0.826","-0.01532","0.000401","-0.00012","0","11.08","Humid","30.45","0","49.40","253786.36","SABD0002000012","AAV2.0.0.13","4.0.0.2323","PSt7-10","171027-008","9/15/2022 2:43:31 PM","0000-00","0","no battery","V","","µV","","µV"
"10/14/2022","12:12:00","7","default","171425599","OXY_CH7","14.803","min","200.166","μmol/L","Humid","20.906","deg","95493","µV","27.147","°C","1020.000","hPa","36.0","pmil","0","55.700","deg","20.000","°C","100.000","%a.s.","22.210","deg","20.000","°C","971.000","hPa","0.826","-0.01532","0.000401","-0.00012","0","11.08","Humid","30.45","0","49.40","253782.48","SABD0002000012","AAV2.0.0.13","4.0.0.2323","PSt7-10","171027-008","9/15/2022 2:43:31 PM","0000-00","0","no battery","V","","µV","","µV"
"10/14/2022","12:12:01","7","default","171425599","OXY_CH7","14.820","min","200.131","μmol/L","Humid","20.908","deg","95486","µV","27.147","°C","1020.000","hPa","36.0","pmil","0","55.700","deg","20.000","°C","100.000","%a.s.","22.210","deg","20.000","°C","971.000","hPa","0.826","-0.01532","0.000401","-0.00012","0","11.08","Humid","30.45","0","49.40","253780.68","SABD0002000012","AAV2.0.0.13","4.0.0.2323","PSt7-10","171027-008","9/15/2022 2:43:31 PM","0000-00","0","no battery","V","","µV","","µV"
"10/14/2022","12:12:02","7","default","171425599","OXY_CH7","14.836","min","200.130","μmol/L","Humid","20.906","deg","95484","µV","27.153","°C","1020.000","hPa","36.0","pmil","0","55.700","deg","20.000","°C","100.000","%a.s.","22.210","deg","20.000","°C","971.000","hPa","0.826","-0.01532","0.000401","-0.00012","0","11.08","Humid","30.45","0","49.40","253780.17","SABD0002000012","AAV2.0.0.13","4.0.0.2323","PSt7-10","171027-008","9/15/2022 2:43:31 PM","0000-00","0","no battery","V","","µV","","µV"
"10/14/2022","12:12:03","7","default","171425599","OXY_CH7","14.852","min","200.183","μmol/L","Humid","20.903","deg","95480","µV","27.153","°C","1020.000","hPa","36.0","pmil","0","55.700","deg","20.000","°C","100.000","%a.s.","22.210","deg","20.000","°C","971.000","hPa","0.826","-0.01532","0.000401","-0.00012","0","11.08","Humid","30.45","0","49.40","253780.14","SABD0002000012","AAV2.0.0.13","4.0.0.2323","PSt7-10","171027-008","9/15/2022 2:43:31 PM","0000-00","0","no battery","V","","µV","","µV"
"10/14/2022","12:12:04","7","default","171425599","OXY_CH7","14.869","min","200.148","μmol/L","Humid","20.907","deg","95477","µV","27.147","°C","1020.000","hPa","36.0","pmil","0","55.700","deg","20.000","°C","100.000","%a.s.","22.210","deg","20.000","°C","971.000","hPa","0.826","-0.01532","0.000401","-0.00012","0","11.08","Humid","30.45","0","49.40","253779.94","SABD0002000012","AAV2.0.0.13","4.0.0.2323","PSt7-10","171027-008","9/15/2022 2:43:31 PM","0000-00","0","no battery","V","","µV","","µV"
"10/14/2022","12:12:05","7","default","171425599","OXY_CH7","14.886","min","200.183","μmol/L","Humid","20.903","deg","95474","µV","27.153","°C","1020.000","hPa","36.0","pmil","0","55.700","deg","20.000","°C","100.000","%a.s.","22.210","deg","20.000","°C","971.000","hPa","0.826","-0.01532","0.000401","-0.00012","0","11.08","Humid","30.45","0","49.40","253781.66","SABD0002000012","AAV2.0.0.13","4.0.0.2323","PSt7-10","171027-008","9/15/2022 2:43:31 PM","0000-00","0","no battery","V","","µV","","µV"
"10/14/2022","12:12:06","7","default","171425599","OXY_CH7","14.903","min","200.238","μmol/L","Humid","20.902","deg","95472","µV","27.147","°C","1020.000","hPa","36.0","pmil","0","55.700","deg","20.000","°C","100.000","%a.s.","22.210","deg","20.000","°C","971.000","hPa","0.826","-0.01532","0.000401","-0.00012","0","11.08","Humid","30.45","0","49.40","253779.77","SABD0002000012","AAV2.0.0.13","4.0.0.2323","PSt7-10","171027-008","9/15/2022 2:43:31 PM","0000-00","0","no battery","V","","µV","","µV"
"10/14/2022","12:12:07","7","default","171425599","OXY_CH7","14.919","min","200.184","μmol/L","Humid","20.905","deg","95459","µV","27.147","°C","1020.000","hPa","36.0","pmil","0","55.700","deg","20.000","°C","100.000","%a.s.","22.210","deg","20.000","°C","971.000","hPa","0.826","-0.01532","0.000401","-0.00012","0","11.08","Humid","30.45","0","49.40","253789.55","SABD0002000012","AAV2.0.0.13","4.0.0.2323","PSt7-10","171027-008","9/15/2022 2:43:31 PM","0000-00","0","no battery","V","","µV","","µV"
"10/14/2022","12:12:08","7","default","171425599","OXY_CH7","14.936","min","200.256","μmol/L","Humid","20.901","deg","95465","µV","27.147","°C","1020.000","hPa","36.0","pmil","0","55.700","deg","20.000","°C","100.000","%a.s.","22.210","deg","20.000","°C","971.000","hPa","0.826","-0.01532","0.000401","-0.00012","0","11.08","Humid","30.45","0","49.40","253796.44","SABD0002000012","AAV2.0.0.13","4.0.0.2323","PSt7-10","171027-008","9/15/2022 2:43:31 PM","0000-00","0","no battery","V","","µV","","µV"
"10/14/2022","12:12:09","7","default","171425599","OXY_CH7","14.953","min","200.237","μmol/L","Humid","20.900","deg","95447","µV","27.153","°C","1020.000","hPa","36.0","pmil","0","55.700","deg","20.000","°C","100.000","%a.s.","22.210","deg","20.000","°C","971.000","hPa","0.826","-0.01532","0.000401","-0.00012","0","11.08","Humid","30.45","0","49.40","253772.47","SABD0002000012","AAV2.0.0.13","4.0.0.2323","PSt7-10","171027-008","9/15/2022 2:43:31 PM","0000-00","0","no battery","V","","µV","","µV"
"10/14/2022","12:12:10","7","default","171425599","OXY_CH7","14.970","min","200.346","μmol/L","Humid","20.898","deg","95444","µV","27.140","°C","1020.000","hPa","36.0","pmil","0","55.700","deg","20.000","°C","100.000","%a.s.","22.210","deg","20.000","°C","971.000","hPa","0.826","-0.01532","0.000401","-0.00012","0","11.08","Humid","30.45","0","49.40","253766.09","SABD0002000012","AAV2.0.0.13","4.0.0.2323","PSt7-10","171027-008","9/15/2022 2:43:31 PM","0000-00","0","no battery","V","","µV","","µV"
"10/14/2022","12:12:11","7","default","171425599","OXY_CH7","14.986","min","200.363","μmol/L","Humid","20.895","deg","95451","µV","27.147","°C","1020.000","hPa","36.0","pmil","0","55.700","deg","20.000","°C","100.000","%a.s.","22.210","deg","20.000","°C","971.000","hPa","0.826","-0.01532","0.000401","-0.00012","0","11.08","Humid","30.45","0","49.40","253781.29","SABD0002000012","AAV2.0.0.13","4.0.0.2323","PSt7-10","171027-008","9/15/2022 2:43:31 PM","0000-00","0","no battery","V","","µV","","µV"
"10/14/2022","12:12:12","7","default","171425599","OXY_CH7","15.002","min","200.363","μmol/L","Humid","20.895","deg","95438","µV","27.147","°C","1020.000","hPa","36.0","pmil","0","55.700","deg","20.000","°C","100.000","%a.s.","22.210","deg","20.000","°C","971.000","hPa","0.826","-0.01532","0.000401","-0.00012","0","11.08","Humid","30.45","0","49.40","253766.12","SABD0002000012","AAV2.0.0.13","4.0.0.2323","PSt7-10","171027-008","9/15/2022 2:43:31 PM","0000-00","0","no battery","V","","µV","","µV"
"10/14/2022","12:12:13","7","default","171425599","OXY_CH7","15.019","min","200.327","μmol/L","Humid","20.897","deg","95443","µV","27.147","°C","1020.000","hPa","36.0","pmil","0","55.700","deg","20.000","°C","100.000","%a.s.","22.210","deg","20.000","°C","971.000","hPa","0.826","-0.01532","0.000401","-0.00012","0","11.08","Humid","30.45","0","49.40","253776.48","SABD0002000012","AAV2.0.0.13","4.0.0.2323","PSt7-10","171027-008","9/15/2022 2:43:31 PM","0000-00","0","no battery","V","","µV","","µV"
"10/14/2022","12:12:14","7","default","171425599","OXY_CH7","15.036","min","200.326","μmol/L","Humid","20.895","deg","95438","µV","27.153","°C","1020.000","hPa","36.0","pmil","0","55.700","deg","20.000","°C","100.000","%a.s.","22.210","deg","20.000","°C","971.000","hPa","0.826","-0.01532","0.000401","-0.00012","0","11.08","Humid","30.45","0","49.40","253781.18","SABD0002000012","AAV2.0.0.13","4.0.0.2323","PSt7-10","171027-008","9/15/2022 2:43:31 PM","0000-00","0","no battery","V","","µV","","µV"
"10/14/2022","12:12:15","7","default","171425599","OXY_CH7","15.053","min","200.308","μmol/L","Humid","20.896","deg","95423","µV","27.153","°C","1020.000","hPa","36.0","pmil","0","55.700","deg","20.000","°C","100.000","%a.s.","22.210","deg","20.000","°C","971.000","hPa","0.826","-0.01532","0.000401","-0.00012","0","11.08","Humid","30.45","0","49.40","253780.42","SABD0002000012","AAV2.0.0.13","4.0.0.2323","PSt7-10","171027-008","9/15/2022 2:43:31 PM","0000-00","0","no battery","V","","µV","","µV"
"10/14/2022","12:12:16","7","default","171425599","OXY_CH7","15.070","min","200.362","μmol/L","Humid","20.893","deg","95426","µV","27.153","°C","1020.000","hPa","36.0","pmil","0","55.700","deg","20.000","°C","100.000","%a.s.","22.210","deg","20.000","°C","971.000","hPa","0.826","-0.01532","0.000401","-0.00012","0","11.08","Humid","30.45","0","49.40","253782.09","SABD0002000012","AAV2.0.0.13","4.0.0.2323","PSt7-10","171027-008","9/15/2022 2:43:31 PM","0000-00","0","no battery","V","","µV","","µV"
"10/14/2022","12:12:17","7","default","171425599","OXY_CH7","15.086","min","200.434","μmol/L","Humid","20.891","deg","95420","µV","27.147","°C","1020.000","hPa","36.0","pmil","0","55.700","deg","20.000","°C","100.000","%a.s.","22.210","deg","20.000","°C","971.000","hPa","0.826","-0.01532","0.000401","-0.00012","0","11.08","Humid","30.45","0","49.40","253774.34","SABD0002000012","AAV2.0.0.13","4.0.0.2323","PSt7-10","171027-008","9/15/2022 2:43:31 PM","0000-00","0","no battery","V","","µV","","µV"
"10/14/2022","12:12:18","7","default","171425599","OXY_CH7","15.103","min","200.397","μmol/L","Humid","20.891","deg","95418","µV","27.153","°C","1020.000","hPa","36.0","pmil","0","55.700","deg","20.000","°C","100.000","%a.s.","22.210","deg","20.000","°C","971.000","hPa","0.826","-0.01532","0.000401","-0.00012","0","11.08","Humid","30.45","0","49.40","253792.76","SABD0002000012","AAV2.0.0.13","4.0.0.2323","PSt7-10","171027-008","9/15/2022 2:43:31 PM","0000-00","0","no battery","V","","µV","","µV"
"10/14/2022","12:12:19","7","default","171425599","OXY_CH7","15.120","min","200.416","μmol/L","Humid","20.892","deg","95409","µV","27.147","°C","1020.000","hPa","36.0","pmil","0","55.700","deg","20.000","°C","100.000","%a.s.","22.210","deg","20.000","°C","971.000","hPa","0.826","-0.01532","0.000401","-0.00012","0","11.08","Humid","30.45","0","49.40","253780.55","SABD0002000012","AAV2.0.0.13","4.0.0.2323","PSt7-10","171027-008","9/15/2022 2:43:31 PM","0000-00","0","no battery","V","","µV","","µV"
"10/14/2022","12:12:20","7","default","171425599","OXY_CH7","15.136","min","200.397","μmol/L","Humid","20.891","deg","95403","µV","27.153","°C","1020.000","hPa","36.0","pmil","0","55.700","deg","20.000","°C","100.000","%a.s.","22.210","deg","20.000","°C","971.000","hPa","0.826","-0.01532","0.000401","-0.00012","0","11.08","Humid","30.45","0","49.40","253788.20","SABD0002000012","AAV2.0.0.13","4.0.0.2323","PSt7-10","171027-008","9/15/2022 2:43:31 PM","0000-00","0","no battery","V","","µV","","µV"
"10/14/2022","12:12:21","7","default","171425599","OXY_CH7","15.152","min","200.543","μmol/L","Humid","20.887","deg","95407","µV","27.140","°C","1020.000","hPa","36.0","pmil","0","55.700","deg","20.000","°C","100.000","%a.s.","22.210","deg","20.000","°C","971.000","hPa","0.826","-0.01532","0.000401","-0.00012","0","11.08","Humid","30.45","0","49.40","253784.60","SABD0002000012","AAV2.0.0.13","4.0.0.2323","PSt7-10","171027-008","9/15/2022 2:43:31 PM","0000-00","0","no battery","V","","µV","","µV"
"10/14/2022","12:12:22","7","default","171425599","OXY_CH7","15.169","min","200.433","μmol/L","Humid","20.889","deg","95405","µV","27.153","°C","1020.000","hPa","36.0","pmil","0","55.700","deg","20.000","°C","100.000","%a.s.","22.210","deg","20.000","°C","971.000","hPa","0.826","-0.01532","0.000401","-0.00012","0","11.08","Humid","30.45","0","49.40","253763.76","SABD0002000012","AAV2.0.0.13","4.0.0.2323","PSt7-10","171027-008","9/15/2022 2:43:31 PM","0000-00","0","no battery","V","","µV","","µV"
"10/14/2022","12:12:23","7","default","171425599","OXY_CH7","15.186","min","200.542","μmol/L","Humid","20.885","deg","95395","µV","27.147","°C","1020.000","hPa","36.0","pmil","0","55.700","deg","20.000","°C","100.000","%a.s.","22.210","deg","20.000","°C","971.000","hPa","0.826","-0.01532","0.000401","-0.00012","0","11.08","Humid","30.45","0","49.40","253778.48","SABD0002000012","AAV2.0.0.13","4.0.0.2323","PSt7-10","171027-008","9/15/2022 2:43:31 PM","0000-00","0","no battery","V","","µV","","µV"
"10/14/2022","12:12:24","7","default","171425599","OXY_CH7","15.203","min","200.577","μmol/L","Humid","20.883","deg","95395","µV","27.147","°C","1020.000","hPa","36.0","pmil","0","55.700","deg","20.000","°C","100.000","%a.s.","22.210","deg","20.000","°C","971.000","hPa","0.826","-0.01532","0.000401","-0.00012","0","11.08","Humid","30.45","0","49.40","253777.81","SABD0002000012","AAV2.0.0.13","4.0.0.2323","PSt7-10","171027-008","9/15/2022 2:43:31 PM","0000-00","0","no battery","V","","µV","","µV"
"10/14/2022","12:12:25","7","default","171425599","OXY_CH7","15.220","min","200.506","μmol/L","Humid","20.887","deg","95381","µV","27.147","°C","1020.000","hPa","36.0","pmil","0","55.700","deg","20.000","°C","100.000","%a.s.","22.210","deg","20.000","°C","971.000","hPa","0.826","-0.01532","0.000401","-0.00012","0","11.08","Humid","30.45","0","49.40","253770.96","SABD0002000012","AAV2.0.0.13","4.0.0.2323","PSt7-10","171027-008","9/15/2022 2:43:31 PM","0000-00","0","no battery","V","","µV","","µV"
"10/14/2022","12:12:26","7","default","171425599","OXY_CH7","15.236","min","200.577","μmol/L","Humid","20.883","deg","95384","µV","27.147","°C","1020.000","hPa","36.0","pmil","0","55.700","deg","20.000","°C","100.000","%a.s.","22.210","deg","20.000","°C","971.000","hPa","0.826","-0.01532","0.000401","-0.00012","0","11.08","Humid","30.45","0","49.40","253778.60","SABD0002000012","AAV2.0.0.13","4.0.0.2323","PSt7-10","171027-008","9/15/2022 2:43:31 PM","0000-00","0","no battery","V","","µV","","µV"
"10/14/2022","12:12:27","7","default","171425599","OXY_CH7","15.253","min","200.631","μmol/L","Humid","20.880","deg","95378","µV","27.147","°C","1020.000","hPa","36.0","pmil","0","55.700","deg","20.000","°C","100.000","%a.s.","22.210","deg","20.000","°C","971.000","hPa","0.826","-0.01532","0.000401","-0.00012","0","11.08","Humid","30.45","0","49.40","253782.95","SABD0002000012","AAV2.0.0.13","4.0.0.2323","PSt7-10","171027-008","9/15/2022 2:43:31 PM","0000-00","0","no battery","V","","µV","","µV"
"10/14/2022","12:12:28","7","default","171425599","OXY_CH7","15.269","min","200.576","μmol/L","Humid","20.881","deg","95367","µV","27.153","°C","1020.000","hPa","36.0","pmil","0","55.700","deg","20.000","°C","100.000","%a.s.","22.210","deg","20.000","°C","971.000","hPa","0.826","-0.01532","0.000401","-0.00012","0","11.08","Humid","30.45","0","49.40","253771.91","SABD0002000012","AAV2.0.0.13","4.0.0.2323","PSt7-10","171027-008","9/15/2022 2:43:31 PM","0000-00","0","no battery","V","","µV","","µV"
"10/14/2022","12:12:29","7","default","171425599","OXY_CH7","15.286","min","200.594","μmol/L","Humid","20.880","deg","95366","µV","27.153","°C","1020.000","hPa","36.0","pmil","0","55.700","deg","20.000","°C","100.000","%a.s.","22.210","deg","20.000","°C","971.000","hPa","0.826","-0.01532","0.000401","-0.00012","0","11.08","Humid","30.45","0","49.40","253773.30","SABD0002000012","AAV2.0.0.13","4.0.0.2323","PSt7-10","171027-008","9/15/2022 2:43:31 PM","0000-00","0","no battery","V","","µV","","µV"
"10/14/2022","12:12:30","7","default","171425599","OXY_CH7","15.303","min","200.612","μmol/L","Humid","20.879","deg","95359","µV","27.153","°C","1020.000","hPa","36.0","pmil","0","55.700","deg","20.000","°C","100.000","%a.s.","22.210","deg","20.000","°C","971.000","hPa","0.826","-0.01532","0.000401","-0.00012","0","11.08","Humid","30.45","0","49.40","253761.29","SABD0002000012","AAV2.0.0.13","4.0.0.2323","PSt7-10","171027-008","9/15/2022 2:43:31 PM","0000-00","0","no battery","V","","µV","","µV"
"10/14/2022","12:12:31","7","default","171425599","OXY_CH7","15.319","min","200.648","μmol/L","Humid","20.877","deg","95360","µV","27.153","°C","1020.000","hPa","36.0","pmil","0","55.700","deg","20.000","°C","100.000","%a.s.","22.210","deg","20.000","°C","971.000","hPa","0.826","-0.01532","0.000401","-0.00012","0","11.08","Humid","30.45","0","49.40","253753.06","SABD0002000012","AAV2.0.0.13","4.0.0.2323","PSt7-10","171027-008","9/15/2022 2:43:31 PM","0000-00","0","no battery","V","","µV","","µV"
"10/14/2022","12:12:32","7","default","171425599","OXY_CH7","15.336","min","200.575","μmol/L","Humid","20.879","deg","95354","µV","27.159","°C","1020.000","hPa","36.0","pmil","0","55.700","deg","20.000","°C","100.000","%a.s.","22.210","deg","20.000","°C","971.000","hPa","0.826","-0.01532","0.000401","-0.00012","0","11.08","Humid","30.45","0","49.40","253760.85","SABD0002000012","AAV2.0.0.13","4.0.0.2323","PSt7-10","171027-008","9/15/2022 2:43:31 PM","0000-00","0","no battery","V","","µV","","µV"
"10/14/2022","12:12:33","7","default","171425599","OXY_CH7","15.353","min","200.630","μmol/L","Humid","20.878","deg","95354","µV","27.153","°C","1020.000","hPa","36.0","pmil","0","55.700","deg","20.000","°C","100.000","%a.s.","22.210","deg","20.000","°C","971.000","hPa","0.826","-0.01532","0.000401","-0.00012","0","11.08","Humid","30.45","0","49.40","253755.79","SABD0002000012","AAV2.0.0.13","4.0.0.2323","PSt7-10","171027-008","9/15/2022 2:43:31 PM","0000-00","0","no battery","V","","µV","","µV"
"10/14/2022","12:12:34","7","default","171425599","OXY_CH7","15.370","min","200.720","μmol/L","Humid","20.873","deg","95353","µV","27.153","°C","1020.000","hPa","36.0","pmil","0","55.700","deg","20.000","°C","100.000","%a.s.","22.210","deg","20.000","°C","971.000","hPa","0.826","-0.01532","0.000401","-0.00012","0","11.08","Humid","30.45","0","49.40","253763.63","SABD0002000012","AAV2.0.0.13","4.0.0.2323","PSt7-10","171027-008","9/15/2022 2:43:31 PM","0000-00","0","no battery","V","","µV","","µV"
"10/14/2022","12:12:35","7","default","171425599","OXY_CH7","15.387","min","200.720","μmol/L","Humid","20.873","deg","95340","µV","27.153","°C","1020.000","hPa","36.0","pmil","0","55.700","deg","20.000","°C","100.000","%a.s.","22.210","deg","20.000","°C","971.000","hPa","0.826","-0.01532","0.000401","-0.00012","0","11.08","Humid","30.45","0","49.40","253758.78","SABD0002000012","AAV2.0.0.13","4.0.0.2323","PSt7-10","171027-008","9/15/2022 2:43:31 PM","0000-00","0","no battery","V","","µV","","µV"
"10/14/2022","12:12:36","7","default","171425599","OXY_CH7","15.403","min","200.755","μmol/L","Humid","20.871","deg","95338","µV","27.153","°C","1020.000","hPa","36.0","pmil","0","55.700","deg","20.000","°C","100.000","%a.s.","22.210","deg","20.000","°C","971.000","hPa","0.826","-0.01532","0.000401","-0.00012","0","11.08","Humid","30.45","0","49.40","253769.63","SABD0002000012","AAV2.0.0.13","4.0.0.2323","PSt7-10","171027-008","9/15/2022 2:43:31 PM","0000-00","0","no battery","V","","µV","","µV"
"10/14/2022","12:12:37","7","default","171425599","OXY_CH7","15.419","min","200.791","μmol/L","Humid","20.869","deg","95332","µV","27.153","°C","1020.000","hPa","36.0","pmil","0","55.700","deg","20.000","°C","100.000","%a.s.","22.210","deg","20.000","°C","971.000","hPa","0.826","-0.01532","0.000401","-0.00012","0","11.08","Humid","30.45","0","49.40","253756.13","SABD0002000012","AAV2.0.0.13","4.0.0.2323","PSt7-10","171027-008","9/15/2022 2:43:31 PM","0000-00","0","no battery","V","","µV","","µV"
"10/14/2022","12:12:38","7","default","171425599","OXY_CH7","15.436","min","200.772","μmol/L","Humid","20.868","deg","95326","µV","27.159","°C","1020.000","hPa","36.0","pmil","0","55.700","deg","20.000","°C","100.000","%a.s.","22.210","deg","20.000","°C","971.000","hPa","0.826","-0.01532","0.000401","-0.00012","0","11.08","Humid","30.45","0","49.40","253760.79","SABD0002000012","AAV2.0.0.13","4.0.0.2323","PSt7-10","171027-008","9/15/2022 2:43:31 PM","0000-00","0","no battery","V","","µV","","µV"
"10/14/2022","12:12:39","7","default","171425599","OXY_CH7","15.453","min","200.792","μmol/L","Humid","20.871","deg","95326","µV","27.147","°C","1020.000","hPa","36.0","pmil","0","55.700","deg","20.000","°C","100.000","%a.s.","22.210","deg","20.000","°C","971.000","hPa","0.826","-0.01532","0.000401","-0.00012","0","11.08","Humid","30.45","0","49.40","253753.61","SABD0002000012","AAV2.0.0.13","4.0.0.2323","PSt7-10","171027-008","9/15/2022 2:43:31 PM","0000-00","0","no battery","V","","µV","","µV"
"10/14/2022","12:12:40","7","default","171425599","OXY_CH7","15.469","min","200.882","μmol/L","Humid","20.866","deg","95320","µV","27.147","°C","1020.000","hPa","36.0","pmil","0","55.700","deg","20.000","°C","100.000","%a.s.","22.210","deg","20.000","°C","971.000","hPa","0.826","-0.01532","0.000401","-0.00012","0","11.08","Humid","30.45","0","49.40","253742.80","SABD0002000012","AAV2.0.0.13","4.0.0.2323","PSt7-10","171027-008","9/15/2022 2:43:31 PM","0000-00","0","no battery","V","","µV","","µV"
"10/14/2022","12:12:41","7","default","171425599","OXY_CH7","15.486","min","200.935","μmol/L","Humid","20.861","deg","95321","µV","27.153","°C","1020.000","hPa","36.0","pmil","0","55.700","deg","20.000","°C","100.000","%a.s.","22.210","deg","20.000","°C","971.000","hPa","0.826","-0.01532","0.000401","-0.00012","0","11.08","Humid","30.45","0","49.40","253744.63","SABD0002000012","AAV2.0.0.13","4.0.0.2323","PSt7-10","171027-008","9/15/2022 2:43:31 PM","0000-00","0","no battery","V","","µV","","µV"
"10/14/2022","12:12:42","7","default","171425599","OXY_CH7","15.503","min","200.863","μmol/L","Humid","20.865","deg","95309","µV","27.153","°C","1020.000","hPa","36.0","pmil","0","55.700","deg","20.000","°C","100.000","%a.s.","22.210","deg","20.000","°C","971.000","hPa","0.826","-0.01532","0.000401","-0.00012","0","11.08","Humid","30.45","0","49.40","253737.17","SABD0002000012","AAV2.0.0.13","4.0.0.2323","PSt7-10","171027-008","9/15/2022 2:43:31 PM","0000-00","0","no battery","V","","µV","","µV"
"10/14/2022","12:12:43","7","default","171425599","OXY_CH7","15.520","min","200.862","μmol/L","Humid","20.863","deg","95301","µV","27.159","°C","1020.000","hPa","36.0","pmil","0","55.700","deg","20.000","°C","100.000","%a.s.","22.210","deg","20.000","°C","971.000","hPa","0.826","-0.01532","0.000401","-0.00012","0","11.08","Humid","30.45","0","49.40","253730.10","SABD0002000012","AAV2.0.0.13","4.0.0.2323","PSt7-10","171027-008","9/15/2022 2:43:31 PM","0000-00","0","no battery","V","","µV","","µV"
"10/14/2022","12:12:44","7","default","171425599","OXY_CH7","15.536","min","200.863","μmol/L","Humid","20.865","deg","95304","µV","27.153","°C","1020.000","hPa","36.0","pmil","0","55.700","deg","20.000","°C","100.000","%a.s.","22.210","deg","20.000","°C","971.000","hPa","0.826","-0.01532","0.000401","-0.00012","0","11.08","Humid","30.45","0","49.40","253754.32","SABD0002000012","AAV2.0.0.13","4.0.0.2323","PSt7-10","171027-008","9/15/2022 2:43:31 PM","0000-00","0","no battery","V","","µV","","µV"
"10/14/2022","12:12:45","7","default","171425599","OXY_CH7","15.553","min","200.863","μmol/L","Humid","20.865","deg","95298","µV","27.153","°C","1020.000","hPa","36.0","pmil","0","55.700","deg","20.000","°C","100.000","%a.s.","22.210","deg","20.000","°C","971.000","hPa","0.826","-0.01532","0.000401","-0.00012","0","11.08","Humid","30.45","0","49.40","253747.33","SABD0002000012","AAV2.0.0.13","4.0.0.2323","PSt7-10","171027-008","9/15/2022 2:43:31 PM","0000-00","0","no battery","V","","µV","","µV"
"10/14/2022","12:12:46","7","default","171425599","OXY_CH7","15.569","min","200.917","μmol/L","Humid","20.862","deg","95303","µV","27.153","°C","1020.000","hPa","36.0","pmil","0","55.700","deg","20.000","°C","100.000","%a.s.","22.210","deg","20.000","°C","971.000","hPa","0.826","-0.01532","0.000401","-0.00012","0","11.08","Humid","30.45","0","49.40","253738.31","SABD0002000012","AAV2.0.0.13","4.0.0.2323","PSt7-10","171027-008","9/15/2022 2:43:31 PM","0000-00","0","no battery","V","","µV","","µV"
"10/14/2022","12:12:47","7","default","171425599","OXY_CH7","15.586","min","200.952","μmol/L","Humid","20.858","deg","95295","µV","27.159","°C","1020.000","hPa","36.0","pmil","0","55.700","deg","20.000","°C","100.000","%a.s.","22.210","deg","20.000","°C","971.000","hPa","0.826","-0.01532","0.000401","-0.00012","0","11.08","Humid","30.45","0","49.40","253745.89","SABD0002000012","AAV2.0.0.13","4.0.0.2323","PSt7-10","171027-008","9/15/2022 2:43:31 PM","0000-00","0","no battery","V","","µV","","µV"
"10/14/2022","12:12:48","7","default","171425599","OXY_CH7","15.603","min","200.989","μmol/L","Humid","20.858","deg","95287","µV","27.153","°C","1020.000","hPa","36.0","pmil","0","55.700","deg","20.000","°C","100.000","%a.s.","22.210","deg","20.000","°C","971.000","hPa","0.826","-0.01532","0.000401","-0.00012","0","11.08","Humid","30.45","0","49.40","253747.08","SABD0002000012","AAV2.0.0.13","4.0.0.2323","PSt7-10","171027-008","9/15/2022 2:43:31 PM","0000-00","0","no battery","V","","µV","","µV"
"10/14/2022","12:12:49","7","default","171425599","OXY_CH7","15.619","min","201.005","μmol/L","Humid","20.855","deg","95274","µV","27.159","°C","1020.000","hPa","36.0","pmil","0","55.700","deg","20.000","°C","100.000","%a.s.","22.210","deg","20.000","°C","971.000","hPa","0.826","-0.01532","0.000401","-0.00012","0","11.08","Humid","30.45","0","49.40","253738.81","SABD0002000012","AAV2.0.0.13","4.0.0.2323","PSt7-10","171027-008","9/15/2022 2:43:31 PM","0000-00","0","no battery","V","","µV","","µV"
"10/14/2022","12:12:50","7","default","171425599","OXY_CH7","15.636","min","200.934","μmol/L","Humid","20.859","deg","95277","µV","27.159","°C","1020.000","hPa","36.0","pmil","0","55.700","deg","20.000","°C","100.000","%a.s.","22.210","deg","20.000","°C","971.000","hPa","0.826","-0.01532","0.000401","-0.00012","0","11.08","Humid","30.45","0","49.40","253728.14","SABD0002000012","AAV2.0.0.13","4.0.0.2323","PSt7-10","171027-008","9/15/2022 2:43:31 PM","0000-00","0","no battery","V","","µV","","µV"
"10/14/2022","12:12:51","7","default","171425599","OXY_CH7","15.653","min","201.042","μmol/L","Humid","20.855","deg","95267","µV","27.153","°C","1020.000","hPa","36.0","pmil","0","55.700","deg","20.000","°C","100.000","%a.s.","22.210","deg","20.000","°C","971.000","hPa","0.826","-0.01532","0.000401","-0.00012","0","11.08","Humid","30.45","0","49.40","253737.10","SABD0002000012","AAV2.0.0.13","4.0.0.2323","PSt7-10","171027-008","9/15/2022 2:43:31 PM","0000-00","0","no battery","V","","µV","","µV"
"10/14/2022","12:12:52","7","default","171425599","OXY_CH7","15.670","min","200.988","μmol/L","Humid","20.856","deg","95269","µV","27.159","°C","1020.000","hPa","36.0","pmil","0","55.700","deg","20.000","°C","100.000","%a.s.","22.210","deg","20.000","°C","971.000","hPa","0.826","-0.01532","0.000401","-0.00012","0","11.08","Humid","30.45","0","49.40","253733.69","SABD0002000012","AAV2.0.0.13","4.0.0.2323","PSt7-10","171027-008","9/15/2022 2:43:31 PM","0000-00","0","no battery","V","","µV","","µV"
"10/14/2022","12:12:53","7","default","171425599","OXY_CH7","15.686","min","201.059","μmol/L","Humid","20.852","deg","95260","µV","27.159","°C","1020.000","hPa","36.0","pmil","0","55.700","deg","20.000","°C","100.000","%a.s.","22.210","deg","20.000","°C","971.000","hPa","0.826","-0.01532","0.000401","-0.00012","0","11.08","Humid","30.45","0","49.40","253730.73","SABD0002000012","AAV2.0.0.13","4.0.0.2323","PSt7-10","171027-008","9/15/2022 2:43:31 PM","0000-00","0","no battery","V","","µV","","µV"
"10/14/2022","12:12:54","7","default","171425599","OXY_CH7","15.702","min","201.041","μmol/L","Humid","20.853","deg","95258","µV","27.159","°C","1020.000","hPa","36.0","pmil","0","55.700","deg","20.000","°C","100.000","%a.s.","22.210","deg","20.000","°C","971.000","hPa","0.826","-0.01532","0.000401","-0.00012","0","11.08","Humid","30.45","0","49.40","253734.13","SABD0002000012","AAV2.0.0.13","4.0.0.2323","PSt7-10","171027-008","9/15/2022 2:43:31 PM","0000-00","0","no battery","V","","µV","","µV"
"10/14/2022","12:12:55","7","default","171425599","OXY_CH7","15.719","min","201.078","μmol/L","Humid","20.853","deg","95250","µV","27.153","°C","1020.000","hPa","36.0","pmil","0","55.700","deg","20.000","°C","100.000","%a.s.","22.210","deg","20.000","°C","971.000","hPa","0.826","-0.01532","0.000401","-0.00012","0","11.08","Humid","30.45","0","49.40","253738.52","SABD0002000012","AAV2.0.0.13","4.0.0.2323","PSt7-10","171027-008","9/15/2022 2:43:31 PM","0000-00","0","no battery","V","","µV","","µV"
"10/14/2022","12:12:56","7","default","171425599","OXY_CH7","15.736","min","201.186","μmol/L","Humid","20.847","deg","95257","µV","27.153","°C","1020.000","hPa","36.0","pmil","0","55.700","deg","20.000","°C","100.000","%a.s.","22.210","deg","20.000","°C","971.000","hPa","0.826","-0.01532","0.000401","-0.00012","0","11.08","Humid","30.45","0","49.40","253743.27","SABD0002000012","AAV2.0.0.13","4.0.0.2323","PSt7-10","171027-008","9/15/2022 2:43:31 PM","0000-00","0","no battery","V","","µV","","µV"
"10/14/2022","12:12:57","7","default","171425599","OXY_CH7","15.753","min","201.131","μmol/L","Humid","20.848","deg","95248","µV","27.159","°C","1020.000","hPa","36.0","pmil","0","55.700","deg","20.000","°C","100.000","%a.s.","22.210","deg","20.000","°C","971.000","hPa","0.826","-0.01532","0.000401","-0.00012","0","11.08","Humid","30.45","0","49.40","253740.97","SABD0002000012","AAV2.0.0.13","4.0.0.2323","PSt7-10","171027-008","9/15/2022 2:43:31 PM","0000-00","0","no battery","V","","µV","","µV"
"10/14/2022","12:12:58","7","default","171425599","OXY_CH7","15.770","min","201.131","μmol/L","Humid","20.848","deg","95243","µV","27.159","°C","1020.000","hPa","36.0","pmil","0","55.700","deg","20.000","°C","100.000","%a.s.","22.210","deg","20.000","°C","971.000","hPa","0.826","-0.01532","0.000401","-0.00012","0","11.08","Humid","30.45","0","49.40","253737.57","SABD0002000012","AAV2.0.0.13","4.0.0.2323","PSt7-10","171027-008","9/15/2022 2:43:31 PM","0000-00","0","no battery","V","","µV","","µV"
"10/14/2022","12:12:59","7","default","171425599","OXY_CH7","15.786","min","201.185","μmol/L","Humid","20.845","deg","95236","µV","27.159","°C","1020.000","hPa","36.0","pmil","0","55.700","deg","20.000","°C","100.000","%a.s.","22.210","deg","20.000","°C","971.000","hPa","0.826","-0.01532","0.000401","-0.00012","0","11.08","Humid","30.45","0","49.40","253744.93","SABD0002000012","AAV2.0.0.13","4.0.0.2323","PSt7-10","171027-008","9/15/2022 2:43:31 PM","0000-00","0","no battery","V","","µV","","µV"
"10/14/2022","12:13:00","7","default","171425599","OXY_CH7","15.803","min","201.148","μmol/L","Humid","20.845","deg","95236","µV","27.165","°C","1020.000","hPa","36.0","pmil","0","55.700","deg","20.000","°C","100.000","%a.s.","22.210","deg","20.000","°C","971.000","hPa","0.826","-0.01532","0.000401","-0.00012","0","11.08","Humid","30.45","0","49.40","253746.24","SABD0002000012","AAV2.0.0.13","4.0.0.2323","PSt7-10","171027-008","9/15/2022 2:43:31 PM","0000-00","0","no battery","V","","µV","","µV"
"10/14/2022","12:13:01","7","default","171425599","OXY_CH7","15.820","min","201.239","μmol/L","Humid","20.842","deg","95225","µV","27.159","°C","1020.000","hPa","36.0","pmil","0","55.700","deg","20.000","°C","100.000","%a.s.","22.210","deg","20.000","°C","971.000","hPa","0.826","-0.01532","0.000401","-0.00012","0","11.08","Humid","30.45","0","49.40","253739.01","SABD0002000012","AAV2.0.0.13","4.0.0.2323","PSt7-10","171027-008","9/15/2022 2:43:31 PM","0000-00","0","no battery","V","","µV","","µV"
"10/14/2022","12:13:02","7","default","171425599","OXY_CH7","15.836","min","201.239","μmol/L","Humid","20.842","deg","95223","µV","27.159","°C","1020.000","hPa","36.0","pmil","0","55.700","deg","20.000","°C","100.000","%a.s.","22.210","deg","20.000","°C","971.000","hPa","0.826","-0.01532","0.000401","-0.00012","0","11.08","Humid","30.45","0","49.40","253727.44","SABD0002000012","AAV2.0.0.13","4.0.0.2323","PSt7-10","171027-008","9/15/2022 2:43:31 PM","0000-00","0","no battery","V","","µV","","µV"
"10/14/2022","12:13:03","7","default","171425599","OXY_CH7","15.852","min","201.240","μmol/L","Humid","20.844","deg","95213","µV","27.153","°C","1020.000","hPa","36.0","pmil","0","55.700","deg","20.000","°C","100.000","%a.s.","22.210","deg","20.000","°C","971.000","hPa","0.826","-0.01532","0.000401","-0.00012","0","11.08","Humid","30.45","0","49.40","253726.30","SABD0002000012","AAV2.0.0.13","4.0.0.2323","PSt7-10","171027-008","9/15/2022 2:43:31 PM","0000-00","0","no battery","V","","µV","","µV"
"10/14/2022","12:13:04","7","default","171425599","OXY_CH7","15.869","min","201.240","μmol/L","Humid","20.844","deg","95217","µV","27.153","°C","1020.000","hPa","36.0","pmil","0","55.700","deg","20.000","°C","100.000","%a.s.","22.210","deg","20.000","°C","971.000","hPa","0.826","-0.01532","0.000401","-0.00012","0","11.08","Humid","30.45","0","49.40","253721.54","SABD0002000012","AAV2.0.0.13","4.0.0.2323","PSt7-10","171027-008","9/15/2022 2:43:31 PM","0000-00","0","no battery","V","","µV","","µV"
"10/14/2022","12:13:05","7","default","171425599","OXY_CH7","15.886","min","201.294","μmol/L","Humid","20.841","deg","95215","µV","27.153","°C","1020.000","hPa","36.0","pmil","0","55.700","deg","20.000","°C","100.000","%a.s.","22.210","deg","20.000","°C","971.000","hPa","0.826","-0.01532","0.000401","-0.00012","0","11.08","Humid","30.45","0","49.40","253738.01","SABD0002000012","AAV2.0.0.13","4.0.0.2323","PSt7-10","171027-008","9/15/2022 2:43:31 PM","0000-00","0","no battery","V","","µV","","µV"
"10/14/2022","12:13:06","7","default","171425599","OXY_CH7","15.903","min","201.239","μmol/L","Humid","20.842","deg","95209","µV","27.159","°C","1020.000","hPa","36.0","pmil","0","55.700","deg","20.000","°C","100.000","%a.s.","22.210","deg","20.000","°C","971.000","hPa","0.826","-0.01532","0.000401","-0.00012","0","11.08","Humid","30.45","0","49.40","253733.36","SABD0002000012","AAV2.0.0.13","4.0.0.2323","PSt7-10","171027-008","9/15/2022 2:43:31 PM","0000-00","0","no battery","V","","µV","","µV"
"10/14/2022","12:13:07","7","default","171425599","OXY_CH7","15.920","min","201.276","μmol/L","Humid","20.842","deg","95207","µV","27.153","°C","1020.000","hPa","36.0","pmil","0","55.700","deg","20.000","°C","100.000","%a.s.","22.210","deg","20.000","°C","971.000","hPa","0.826","-0.01532","0.000401","-0.00012","0","11.08","Humid","30.45","0","49.40","253739.80","SABD0002000012","AAV2.0.0.13","4.0.0.2323","PSt7-10","171027-008","9/15/2022 2:43:31 PM","0000-00","0","no battery","V","","µV","","µV"
"10/14/2022","12:13:08","7","default","171425599","OXY_CH7","15.936","min","201.329","μmol/L","Humid","20.837","deg","95198","µV","27.159","°C","1020.000","hPa","36.0","pmil","0","55.700","deg","20.000","°C","100.000","%a.s.","22.210","deg","20.000","°C","971.000","hPa","0.826","-0.01532","0.000401","-0.00012","0","11.08","Humid","30.45","0","49.40","253739.02","SABD0002000012","AAV2.0.0.13","4.0.0.2323","PSt7-10","171027-008","9/15/2022 2:43:31 PM","0000-00","0","no battery","V","","µV","","µV"
"10/14/2022","12:13:09","7","default","171425599","OXY_CH7","15.953","min","201.401","μmol/L","Humid","20.833","deg","95198","µV","27.159","°C","1020.000","hPa","36.0","pmil","0","55.700","deg","20.000","°C","100.000","%a.s.","22.210","deg","20.000","°C","971.000","hPa","0.826","-0.01532","0.000401","-0.00012","0","11.08","Humid","30.45","0","49.40","253734.04","SABD0002000012","AAV2.0.0.13","4.0.0.2323","PSt7-10","171027-008","9/15/2022 2:43:31 PM","0000-00","0","no battery","V","","µV","","µV"
"10/14/2022","12:13:10","7","default","171425599","OXY_CH7","15.970","min","201.383","μmol/L","Humid","20.834","deg","95197","µV","27.159","°C","1020.000","hPa","36.0","pmil","0","55.700","deg","20.000","°C","100.000","%a.s.","22.210","deg","20.000","°C","971.000","hPa","0.826","-0.01532","0.000401","-0.00012","0","11.08","Humid","30.45","0","49.40","253734.54","SABD0002000012","AAV2.0.0.13","4.0.0.2323","PSt7-10","171027-008","9/15/2022 2:43:31 PM","0000-00","0","no battery","V","","µV","","µV"
"10/14/2022","12:13:11","7","default","171425599","OXY_CH7","15.986","min","201.402","μmol/L","Humid","20.835","deg","95190","µV","27.153","°C","1020.000","hPa","36.0","pmil","0","55.700","deg","20.000","°C","100.000","%a.s.","22.210","deg","20.000","°C","971.000","hPa","0.826","-0.01532","0.000401","-0.00012","0","11.08","Humid","30.45","0","49.40","253738.70","SABD0002000012","AAV2.0.0.13","4.0.0.2323","PSt7-10","171027-008","9/15/2022 2:43:31 PM","0000-00","0","no battery","V","","µV","","µV"
"10/14/2022","12:13:12","7","default","171425599","OXY_CH7","16.002","min","201.365","μmol/L","Humid","20.835","deg","95190","µV","27.159","°C","1020.000","hPa","36.0","pmil","0","55.700","deg","20.000","°C","100.000","%a.s.","22.210","deg","20.000","°C","971.000","hPa","0.826","-0.01532","0.000401","-0.00012","0","11.08","Humid","30.45","0","49.40","253736.96","SABD0002000012","AAV2.0.0.13","4.0.0.2323","PSt7-10","171027-008","9/15/2022 2:43:31 PM","0000-00","0","no battery","V","","µV","","µV"
"10/14/2022","12:13:13","7","default","171425599","OXY_CH7","16.019","min","201.438","μmol/L","Humid","20.833","deg","95172","µV","27.153","°C","1020.000","hPa","36.0","pmil","0","55.700","deg","20.000","°C","100.000","%a.s.","22.210","deg","20.000","°C","971.000","hPa","0.826","-0.01532","0.000401","-0.00012","0","11.08","Humid","30.45","0","49.40","253714.49","SABD0002000012","AAV2.0.0.13","4.0.0.2323","PSt7-10","171027-008","9/15/2022 2:43:31 PM","0000-00","0","no battery","V","","µV","","µV"
"10/14/2022","12:13:14","7","default","171425599","OXY_CH7","16.036","min","201.418","μmol/L","Humid","20.830","deg","95169","µV","27.165","°C","1020.000","hPa","36.0","pmil","0","55.700","deg","20.000","°C","100.000","%a.s.","22.210","deg","20.000","°C","971.000","hPa","0.826","-0.01532","0.000401","-0.00012","0","11.08","Humid","30.45","0","49.40","253729.69","SABD0002000012","AAV2.0.0.13","4.0.0.2323","PSt7-10","171027-008","9/15/2022 2:43:31 PM","0000-00","0","no battery","V","","µV","","µV"
"10/14/2022","12:13:15","7","default","171425599","OXY_CH7","16.053","min","201.382","μmol/L","Humid","20.832","deg","95161","µV","27.165","°C","1020.000","hPa","36.0","pmil","0","55.700","deg","20.000","°C","100.000","%a.s.","22.210","deg","20.000","°C","971.000","hPa","0.826","-0.01532","0.000401","-0.00012","0","11.08","Humid","30.45","0","49.40","253722.65","SABD0002000012","AAV2.0.0.13","4.0.0.2323","PSt7-10","171027-008","9/15/2022 2:43:31 PM","0000-00","0","no battery","V","","µV","","µV"
"10/14/2022","12:13:16","7","default","171425599","OXY_CH7","16.069","min","201.491","μmol/L","Humid","20.828","deg","95163","µV","27.159","°C","1020.000","hPa","36.0","pmil","0","55.700","deg","20.000","°C","100.000","%a.s.","22.210","deg","20.000","°C","971.000","hPa","0.826","-0.01532","0.000401","-0.00012","0","11.08","Humid","30.45","0","49.40","253725.92","SABD0002000012","AAV2.0.0.13","4.0.0.2323","PSt7-10","171027-008","9/15/2022 2:43:31 PM","0000-00","0","no battery","V","","µV","","µV"
"10/14/2022","12:13:17","7","default","171425599","OXY_CH7","16.086","min","201.510","μmol/L","Humid","20.829","deg","95160","µV","27.153","°C","1020.000","hPa","36.0","pmil","0","55.700","deg","20.000","°C","100.000","%a.s.","22.210","deg","20.000","°C","971.000","hPa","0.826","-0.01532","0.000401","-0.00012","0","11.08","Humid","30.45","0","49.40","253726.49","SABD0002000012","AAV2.0.0.13","4.0.0.2323","PSt7-10","171027-008","9/15/2022 2:43:31 PM","0000-00","0","no battery","V","","µV","","µV"
"10/14/2022","12:13:18","7","default","171425599","OXY_CH7","16.103","min","201.492","μmol/L","Humid","20.830","deg","95154","µV","27.153","°C","1020.000","hPa","36.0","pmil","0","55.700","deg","20.000","°C","100.000","%a.s.","22.210","deg","20.000","°C","971.000","hPa","0.826","-0.01532","0.000401","-0.00012","0","11.08","Humid","30.45","0","49.40","253726.35","SABD0002000012","AAV2.0.0.13","4.0.0.2323","PSt7-10","171027-008","9/15/2022 2:43:31 PM","0000-00","0","no battery","V","","µV","","µV"
"10/14/2022","12:13:19","7","default","171425599","OXY_CH7","16.120","min","201.491","μmol/L","Humid","20.828","deg","95157","µV","27.159","°C","1020.000","hPa","36.0","pmil","0","55.700","deg","20.000","°C","100.000","%a.s.","22.210","deg","20.000","°C","971.000","hPa","0.826","-0.01532","0.000401","-0.00012","0","11.08","Humid","30.45","0","49.40","253721.43","SABD0002000012","AAV2.0.0.13","4.0.0.2323","PSt7-10","171027-008","9/15/2022 2:43:31 PM","0000-00","0","no battery","V","","µV","","µV"
"10/14/2022","12:13:20","7","default","171425599","OXY_CH7","16.136","min","201.545","μmol/L","Humid","20.825","deg","95144","µV","27.159","°C","1020.000","hPa","36.0","pmil","0","55.700","deg","20.000","°C","100.000","%a.s.","22.210","deg","20.000","°C","971.000","hPa","0.826","-0.01532","0.000401","-0.00012","0","11.08","Humid","30.45","0","49.40","253710.42","SABD0002000012","AAV2.0.0.13","4.0.0.2323","PSt7-10","171027-008","9/15/2022 2:43:31 PM","0000-00","0","no battery","V","","µV","","µV"
"10/14/2022","12:13:21","7","default","171425599","OXY_CH7","16.152","min","201.564","μmol/L","Humid","20.826","deg","95145","µV","27.153","°C","1020.000","hPa","36.0","pmil","0","55.700","deg","20.000","°C","100.000","%a.s.","22.210","deg","20.000","°C","971.000","hPa","0.826","-0.01532","0.000401","-0.00012","0","11.08","Humid","30.45","0","49.40","253709.70","SABD0002000012","AAV2.0.0.13","4.0.0.2323","PSt7-10","171027-008","9/15/2022 2:43:31 PM","0000-00","0","no battery","V","","µV","","µV"
"10/14/2022","12:13:22","7","default","171425599","OXY_CH7","16.169","min","201.635","μmol/L","Humid","20.820","deg","95137","µV","27.159","°C","1020.000","hPa","36.0","pmil","0","55.700","deg","20.000","°C","100.000","%a.s.","22.210","deg","20.000","°C","971.000","hPa","0.826","-0.01532","0.000401","-0.00012","0","11.08","Humid","30.45","0","49.40","253711.48","SABD0002000012","AAV2.0.0.13","4.0.0.2323","PSt7-10","171027-008","9/15/2022 2:43:31 PM","0000-00","0","no battery","V","","µV","","µV"
"10/14/2022","12:13:23","7","default","171425599","OXY_CH7","16.186","min","201.581","μmol/L","Humid","20.823","deg","95133","µV","27.159","°C","1020.000","hPa","36.0","pmil","0","55.700","deg","20.000","°C","100.000","%a.s.","22.210","deg","20.000","°C","971.000","hPa","0.826","-0.01532","0.000401","-0.00012","0","11.08","Humid","30.45","0","49.40","253723.78","SABD0002000012","AAV2.0.0.13","4.0.0.2323","PSt7-10","171027-008","9/15/2022 2:43:31 PM","0000-00","0","no battery","V","","µV","","µV"
"10/14/2022","12:13:24","7","default","171425599","OXY_CH7","16.203","min","201.635","μmol/L","Humid","20.820","deg","95129","µV","27.159","°C","1020.000","hPa","36.0","pmil","0","55.700","deg","20.000","°C","100.000","%a.s.","22.210","deg","20.000","°C","971.000","hPa","0.826","-0.01532","0.000401","-0.00012","0","11.08","Humid","30.45","0","49.40","253709.69","SABD0002000012","AAV2.0.0.13","4.0.0.2323","PSt7-10","171027-008","9/15/2022 2:43:31 PM","0000-00","0","no battery","V","","µV","","µV"
"10/14/2022","12:13:25","7","default","171425599","OXY_CH7","16.220","min","201.545","μmol/L","Humid","20.825","deg","95130","µV","27.159","°C","1020.000","hPa","36.0","pmil","0","55.700","deg","20.000","°C","100.000","%a.s.","22.210","deg","20.000","°C","971.000","hPa","0.826","-0.01532","0.000401","-0.00012","0","11.08","Humid","30.45","0","49.40","253720.29","SABD0002000012","AAV2.0.0.13","4.0.0.2323","PSt7-10","171027-008","9/15/2022 2:43:31 PM","0000-00","0","no battery","V","","µV","","µV"
"10/14/2022","12:13:26","7","default","171425599","OXY_CH7","16.236","min","201.617","μmol/L","Humid","20.821","deg","95121","µV","27.159","°C","1020.000","hPa","36.0","pmil","0","55.700","deg","20.000","°C","100.000","%a.s.","22.210","deg","20.000","°C","971.000","hPa","0.826","-0.01532","0.000401","-0.00012","0","11.08","Humid","30.45","0","49.40","253709.47","SABD0002000012","AAV2.0.0.13","4.0.0.2323","PSt7-10","171027-008","9/15/2022 2:43:31 PM","0000-00","0","no battery","V","","µV","","µV"
"10/14/2022","12:13:27","7","default","171425599","OXY_CH7","16.253","min","201.598","μmol/L","Humid","20.820","deg","95122","µV","27.165","°C","1020.000","hPa","36.0","pmil","0","55.700","deg","20.000","°C","100.000","%a.s.","22.210","deg","20.000","°C","971.000","hPa","0.826","-0.01532","0.000401","-0.00012","0","11.08","Humid","30.45","0","49.40","253712.22","SABD0002000012","AAV2.0.0.13","4.0.0.2323","PSt7-10","171027-008","9/15/2022 2:43:31 PM","0000-00","0","no battery","V","","µV","","µV"
"10/14/2022","12:13:28","7","default","171425599","OXY_CH7","16.270","min","201.761","μmol/L","Humid","20.813","deg","95119","µV","27.159","°C","1020.000","hPa","36.0","pmil","0","55.700","deg","20.000","°C","100.000","%a.s.","22.210","deg","20.000","°C","971.000","hPa","0.826","-0.01532","0.000401","-0.00012","0","11.08","Humid","30.45","0","49.40","253707.87","SABD0002000012","AAV2.0.0.13","4.0.0.2323","PSt7-10","171027-008","9/15/2022 2:43:31 PM","0000-00","0","no battery","V","","µV","","µV"
"10/14/2022","12:13:29","7","default","171425599","OXY_CH7","16.286","min","201.761","μmol/L","Humid","20.813","deg","95112","µV","27.159","°C","1020.000","hPa","36.0","pmil","0","55.700","deg","20.000","°C","100.000","%a.s.","22.210","deg","20.000","°C","971.000","hPa","0.826","-0.01532","0.000401","-0.00012","0","11.08","Humid","30.45","0","49.40","253709.12","SABD0002000012","AAV2.0.0.13","4.0.0.2323","PSt7-10","171027-008","9/15/2022 2:43:31 PM","0000-00","0","no battery","V","","µV","","µV"
"10/14/2022","12:13:30","7","default","171425599","OXY_CH7","16.302","min","201.707","μmol/L","Humid","20.816","deg","95097","µV","27.159","°C","1020.000","hPa","36.0","pmil","0","55.700","deg","20.000","°C","100.000","%a.s.","22.210","deg","20.000","°C","971.000","hPa","0.826","-0.01532","0.000401","-0.00012","0","11.08","Humid","30.45","0","49.40","253720.08","SABD0002000012","AAV2.0.0.13","4.0.0.2323","PSt7-10","171027-008","9/15/2022 2:43:31 PM","0000-00","0","no battery","V","","µV","","µV"
"10/14/2022","12:13:31","7","default","171425599","OXY_CH7","16.319","min","201.762","μmol/L","Humid","20.815","deg","95106","µV","27.153","°C","1020.000","hPa","36.0","pmil","0","55.700","deg","20.000","°C","100.000","%a.s.","22.210","deg","20.000","°C","971.000","hPa","0.826","-0.01532","0.000401","-0.00012","0","11.08","Humid","30.45","0","49.40","253715.92","SABD0002000012","AAV2.0.0.13","4.0.0.2323","PSt7-10","171027-008","9/15/2022 2:43:31 PM","0000-00","0","no battery","V","","µV","","µV"
"10/14/2022","12:13:32","7","default","171425599","OXY_CH7","16.336","min","201.688","μmol/L","Humid","20.815","deg","95097","µV","27.165","°C","1020.000","hPa","36.0","pmil","0","55.700","deg","20.000","°C","100.000","%a.s.","22.210","deg","20.000","°C","971.000","hPa","0.826","-0.01532","0.000401","-0.00012","0","11.08","Humid","30.45","0","49.40","253715.31","SABD0002000012","AAV2.0.0.13","4.0.0.2323","PSt7-10","171027-008","9/15/2022 2:43:31 PM","0000-00","0","no battery","V","","µV","","µV"
"10/14/2022","12:13:33","7","default","171425599","OXY_CH7","16.353","min","201.671","μmol/L","Humid","20.818","deg","95099","µV","27.159","°C","1020.000","hPa","36.0","pmil","0","55.700","deg","20.000","°C","100.000","%a.s.","22.210","deg","20.000","°C","971.000","hPa","0.826","-0.01532","0.000401","-0.00012","0","11.08","Humid","30.45","0","49.40","253707.55","SABD0002000012","AAV2.0.0.13","4.0.0.2323","PSt7-10","171027-008","9/15/2022 2:43:31 PM","0000-00","0","no battery","V","","µV","","µV"
"10/14/2022","12:13:34","7","default","171425599","OXY_CH7","16.369","min","201.833","μmol/L","Humid","20.809","deg","95089","µV","27.159","°C","1020.000","hPa","36.0","pmil","0","55.700","deg","20.000","°C","100.000","%a.s.","22.210","deg","20.000","°C","971.000","hPa","0.826","-0.01532","0.000401","-0.00012","0","11.08","Humid","30.45","0","49.40","253700.93","SABD0002000012","AAV2.0.0.13","4.0.0.2323","PSt7-10","171027-008","9/15/2022 2:43:31 PM","0000-00","0","no battery","V","","µV","","µV"
"10/14/2022","12:13:35","7","default","171425599","OXY_CH7","16.386","min","201.779","μmol/L","Humid","20.812","deg","95085","µV","27.159","°C","1020.000","hPa","36.0","pmil","0","55.700","deg","20.000","°C","100.000","%a.s.","22.210","deg","20.000","°C","971.000","hPa","0.826","-0.01532","0.000401","-0.00012","0","11.08","Humid","30.45","0","49.40","253701.01","SABD0002000012","AAV2.0.0.13","4.0.0.2323","PSt7-10","171027-008","9/15/2022 2:43:31 PM","0000-00","0","no battery","V","","µV","","µV"
"10/14/2022","12:13:36","7","default","171425599","OXY_CH7","16.403","min","201.888","μmol/L","Humid","20.808","deg","95080","µV","27.153","°C","1020.000","hPa","36.0","pmil","0","55.700","deg","20.000","°C","100.000","%a.s.","22.210","deg","20.000","°C","971.000","hPa","0.826","-0.01532","0.000401","-0.00012","0","11.08","Humid","30.45","0","49.40","253694.19","SABD0002000012","AAV2.0.0.13","4.0.0.2323","PSt7-10","171027-008","9/15/2022 2:43:31 PM","0000-00","0","no battery","V","","µV","","µV"
"10/14/2022","12:13:37","7","default","171425599","OXY_CH7","16.420","min","201.870","μmol/L","Humid","20.809","deg","95081","µV","27.153","°C","1020.000","hPa","36.0","pmil","0","55.700","deg","20.000","°C","100.000","%a.s.","22.210","deg","20.000","°C","971.000","hPa","0.826","-0.01532","0.000401","-0.00012","0","11.08","Humid","30.45","0","49.40","253698.56","SABD0002000012","AAV2.0.0.13","4.0.0.2323","PSt7-10","171027-008","9/15/2022 2:43:31 PM","0000-00","0","no battery","V","","µV","","µV"
"10/14/2022","12:13:38","7","default","171425599","OXY_CH7","16.437","min","201.905","μmol/L","Humid","20.805","deg","95077","µV","27.159","°C","1020.000","hPa","36.0","pmil","0","55.700","deg","20.000","°C","100.000","%a.s.","22.210","deg","20.000","°C","971.000","hPa","0.826","-0.01532","0.000401","-0.00012","0","11.08","Humid","30.45","0","49.40","253702.61","SABD0002000012","AAV2.0.0.13","4.0.0.2323","PSt7-10","171027-008","9/15/2022 2:43:31 PM","0000-00","0","no battery","V","","µV","","µV"
"10/14/2022","12:13:39","7","default","171425599","OXY_CH7","16.453","min","201.923","μmol/L","Humid","20.804","deg","95061","µV","27.159","°C","1020.000","hPa","36.0","pmil","0","55.700","deg","20.000","°C","100.000","%a.s.","22.210","deg","20.000","°C","971.000","hPa","0.826","-0.01532","0.000401","-0.00012","0","11.08","Humid","30.45","0","49.40","253696.49","SABD0002000012","AAV2.0.0.13","4.0.0.2323","PSt7-10","171027-008","9/15/2022 2:43:31 PM","0000-00","0","no battery","V","","µV","","µV"
"10/14/2022","12:13:40","7","default","171425599","OXY_CH7","16.469","min","201.923","μmol/L","Humid","20.804","deg","95060","µV","27.159","°C","1020.000","hPa","36.0","pmil","0","55.700","deg","20.000","°C","100.000","%a.s.","22.210","deg","20.000","°C","971.000","hPa","0.826","-0.01532","0.000401","-0.00012","0","11.08","Humid","30.45","0","49.40","253696.14","SABD0002000012","AAV2.0.0.13","4.0.0.2323","PSt7-10","171027-008","9/15/2022 2:43:31 PM","0000-00","0","no battery","V","","µV","","µV"
"10/14/2022","12:13:41","7","default","171425599","OXY_CH7","16.486","min","201.978","μmol/L","Humid","20.801","deg","95058","µV","27.159","°C","1020.000","hPa","36.0","pmil","0","55.700","deg","20.000","°C","100.000","%a.s.","22.210","deg","20.000","°C","971.000","hPa","0.826","-0.01532","0.000401","-0.00012","0","11.08","Humid","30.45","0","49.40","253706.79","SABD0002000012","AAV2.0.0.13","4.0.0.2323","PSt7-10","171027-008","9/15/2022 2:43:31 PM","0000-00","0","no battery","V","","µV","","µV"
"10/14/2022","12:13:42","7","default","171425599","OXY_CH7","16.503","min","201.942","μmol/L","Humid","20.803","deg","95049","µV","27.159","°C","1020.000","hPa","36.0","pmil","0","55.700","deg","20.000","°C","100.000","%a.s.","22.210","deg","20.000","°C","971.000","hPa","0.826","-0.01532","0.000401","-0.00012","0","11.08","Humid","30.45","0","49.40","253700.56","SABD0002000012","AAV2.0.0.13","4.0.0.2323","PSt7-10","171027-008","9/15/2022 2:43:31 PM","0000-00","0","no battery","V","","µV","","µV"
"10/14/2022","12:13:43","7","default","171425599","OXY_CH7","16.519","min","201.959","μmol/L","Humid","20.800","deg","95044","µV","27.165","°C","1020.000","hPa","36.0","pmil","0","55.700","deg","20.000","°C","100.000","%a.s.","22.210","deg","20.000","°C","971.000","hPa","0.826","-0.01532","0.000401","-0.00012","0","11.08","Humid","30.45","0","49.40","253689.68","SABD0002000012","AAV2.0.0.13","4.0.0.2323","PSt7-10","171027-008","9/15/2022 2:43:31 PM","0000-00","0","no battery","V","","µV","","µV"
"10/14/2022","12:13:44","7","default","171425599","OXY_CH7","16.536","min","202.051","μmol/L","Humid","20.799","deg","95045","µV","27.153","°C","1020.000","hPa","36.0","pmil","0","55.700","deg","20.000","°C","100.000","%a.s.","22.210","deg","20.000","°C","971.000","hPa","0.826","-0.01532","0.000401","-0.00012","0","11.08","Humid","30.45","0","49.40","253698.32","SABD0002000012","AAV2.0.0.13","4.0.0.2323","PSt7-10","171027-008","9/15/2022 2:43:31 PM","0000-00","0","no battery","V","","µV","","µV"
"10/14/2022","12:13:45","7","default","171425599","OXY_CH7","16.553","min","201.942","μmol/L","Humid","20.803","deg","95040","µV","27.159","°C","1020.000","hPa","36.0","pmil","0","55.700","deg","20.000","°C","100.000","%a.s.","22.210","deg","20.000","°C","971.000","hPa","0.826","-0.01532","0.000401","-0.00012","0","11.08","Humid","30.45","0","49.40","253692.56","SABD0002000012","AAV2.0.0.13","4.0.0.2323","PSt7-10","171027-008","9/15/2022 2:43:31 PM","0000-00","0","no battery","V","","µV","","µV"
"10/14/2022","12:13:46","7","default","171425599","OXY_CH7","16.570","min","201.996","μmol/L","Humid","20.800","deg","95038","µV","27.159","°C","1020.000","hPa","36.0","pmil","0","55.700","deg","20.000","°C","100.000","%a.s.","22.210","deg","20.000","°C","971.000","hPa","0.826","-0.01532","0.000401","-0.00012","0","11.08","Humid","30.45","0","49.40","253696.20","SABD0002000012","AAV2.0.0.13","4.0.0.2323","PSt7-10","171027-008","9/15/2022 2:43:31 PM","0000-00","0","no battery","V","","µV","","µV"
"10/14/2022","12:13:47","7","default","171425599","OXY_CH7","16.586","min","201.995","μmol/L","Humid","20.798","deg","95033","µV","27.165","°C","1020.000","hPa","36.0","pmil","0","55.700","deg","20.000","°C","100.000","%a.s.","22.210","deg","20.000","°C","971.000","hPa","0.826","-0.01532","0.000401","-0.00012","0","11.08","Humid","30.45","0","49.40","253692.51","SABD0002000012","AAV2.0.0.13","4.0.0.2323","PSt7-10","171027-008","9/15/2022 2:43:31 PM","0000-00","0","no battery","V","","µV","","µV"
"10/14/2022","12:13:48","7","default","171425599","OXY_CH7","16.603","min","202.050","μmol/L","Humid","20.797","deg","95031","µV","27.159","°C","1020.000","hPa","36.0","pmil","0","55.700","deg","20.000","°C","100.000","%a.s.","22.210","deg","20.000","°C","971.000","hPa","0.826","-0.01532","0.000401","-0.00012","0","11.08","Humid","30.45","0","49.40","253690.42","SABD0002000012","AAV2.0.0.13","4.0.0.2323","PSt7-10","171027-008","9/15/2022 2:43:31 PM","0000-00","0","no battery","V","","µV","","µV"
"10/14/2022","12:13:49","7","default","171425599","OXY_CH7","16.620","min","202.014","μmol/L","Humid","20.799","deg","95021","µV","27.159","°C","1020.000","hPa","36.0","pmil","0","55.700","deg","20.000","°C","100.000","%a.s.","22.210","deg","20.000","°C","971.000","hPa","0.826","-0.01532","0.000401","-0.00012","0","11.08","Humid","30.45","0","49.40","253689.21","SABD0002000012","AAV2.0.0.13","4.0.0.2323","PSt7-10","171027-008","9/15/2022 2:43:31 PM","0000-00","0","no battery","V","","µV","","µV"
"10/14/2022","12:13:50","7","default","171425599","OXY_CH7","16.636","min","202.012","μmol/L","Humid","20.795","deg","95024","µV","27.171","°C","1020.000","hPa","36.0","pmil","0","55.700","deg","20.000","°C","100.000","%a.s.","22.210","deg","20.000","°C","971.000","hPa","0.826","-0.01532","0.000401","-0.00012","0","11.08","Humid","30.45","0","49.40","253692.36","SABD0002000012","AAV2.0.0.13","4.0.0.2323","PSt7-10","171027-008","9/15/2022 2:43:31 PM","0000-00","0","no battery","V","","µV","","µV"
"10/14/2022","12:13:51","7","default","171425599","OXY_CH7","16.652","min","202.157","μmol/L","Humid","20.789","deg","95007","µV","27.165","°C","1020.000","hPa","36.0","pmil","0","55.700","deg","20.000","°C","100.000","%a.s.","22.210","deg","20.000","°C","971.000","hPa","0.826","-0.01532","0.000401","-0.00012","0","11.08","Humid","30.45","0","49.40","253674.81","SABD0002000012","AAV2.0.0.13","4.0.0.2323","PSt7-10","171027-008","9/15/2022 2:43:31 PM","0000-00","0","no battery","V","","µV","","µV"
"10/14/2022","12:13:52","7","default","171425599","OXY_CH7","16.669","min","202.140","μmol/L","Humid","20.792","deg","95012","µV","27.159","°C","1020.000","hPa","36.0","pmil","0","55.700","deg","20.000","°C","100.000","%a.s.","22.210","deg","20.000","°C","971.000","hPa","0.826","-0.01532","0.000401","-0.00012","0","11.08","Humid","30.45","0","49.40","253671.06","SABD0002000012","AAV2.0.0.13","4.0.0.2323","PSt7-10","171027-008","9/15/2022 2:43:31 PM","0000-00","0","no battery","V","","µV","","µV"
"10/14/2022","12:13:53","7","default","171425599","OXY_CH7","16.686","min","202.139","μmol/L","Humid","20.790","deg","95001","µV","27.165","°C","1020.000","hPa","36.0","pmil","0","55.700","deg","20.000","°C","100.000","%a.s.","22.210","deg","20.000","°C","971.000","hPa","0.826","-0.01532","0.000401","-0.00012","0","11.08","Humid","30.45","0","49.40","253674.75","SABD0002000012","AAV2.0.0.13","4.0.0.2323","PSt7-10","171027-008","9/15/2022 2:43:31 PM","0000-00","0","no battery","V","","µV","","µV"
"10/14/2022","12:13:54","7","default","171425599","OXY_CH7","16.703","min","202.157","μmol/L","Humid","20.789","deg","94996","µV","27.165","°C","1020.000","hPa","36.0","pmil","0","55.700","deg","20.000","°C","100.000","%a.s.","22.210","deg","20.000","°C","971.000","hPa","0.826","-0.01532","0.000401","-0.00012","0","11.08","Humid","30.45","0","49.40","253689.50","SABD0002000012","AAV2.0.0.13","4.0.0.2323","PSt7-10","171027-008","9/15/2022 2:43:31 PM","0000-00","0","no battery","V","","µV","","µV"
"10/14/2022","12:13:55","7","default","171425599","OXY_CH7","16.720","min","202.213","μmol/L","Humid","20.788","deg","94997","µV","27.159","°C","1020.000","hPa","36.0","pmil","0","55.700","deg","20.000","°C","100.000","%a.s.","22.210","deg","20.000","°C","971.000","hPa","0.826","-0.01532","0.000401","-0.00012","0","11.08","Humid","30.45","0","49.40","253680.69","SABD0002000012","AAV2.0.0.13","4.0.0.2323","PSt7-10","171027-008","9/15/2022 2:43:31 PM","0000-00","0","no battery","V","","µV","","µV"
"10/14/2022","12:13:56","7","default","171425599","OXY_CH7","16.736","min","202.249","μmol/L","Humid","20.786","deg","94997","µV","27.159","°C","1020.000","hPa","36.0","pmil","0","55.700","deg","20.000","°C","100.000","%a.s.","22.210","deg","20.000","°C","971.000","hPa","0.826","-0.01532","0.000401","-0.00012","0","11.08","Humid","30.45","0","49.40","253687.70","SABD0002000012","AAV2.0.0.13","4.0.0.2323","PSt7-10","171027-008","9/15/2022 2:43:31 PM","0000-00","0","no battery","V","","µV","","µV"
"10/14/2022","12:13:57","7","default","171425599","OXY_CH7","16.753","min","202.213","μmol/L","Humid","20.788","deg","94994","µV","27.159","°C","1020.000","hPa","36.0","pmil","0","55.700","deg","20.000","°C","100.000","%a.s.","22.210","deg","20.000","°C","971.000","hPa","0.826","-0.01532","0.000401","-0.00012","0","11.08","Humid","30.45","0","49.40","253679.47","SABD0002000012","AAV2.0.0.13","4.0.0.2323","PSt7-10","171027-008","9/15/2022 2:43:31 PM","0000-00","0","no battery","V","","µV","","µV"
"10/14/2022","12:13:58","7","default","171425599","OXY_CH7","16.769","min","202.285","μmol/L","Humid","20.784","deg","94984","µV","27.159","°C","1020.000","hPa","36.0","pmil","0","55.700","deg","20.000","°C","100.000","%a.s.","22.210","deg","20.000","°C","971.000","hPa","0.826","-0.01532","0.000401","-0.00012","0","11.08","Humid","30.45","0","49.40","253687.64","SABD0002000012","AAV2.0.0.13","4.0.0.2323","PSt7-10","171027-008","9/15/2022 2:43:31 PM","0000-00","0","no battery","V","","µV","","µV"
"10/14/2022","12:13:59","7","default","171425599","OXY_CH7","16.786","min","202.230","μmol/L","Humid","20.785","deg","94980","µV","27.165","°C","1020.000","hPa","36.0","pmil","0","55.700","deg","20.000","°C","100.000","%a.s.","22.210","deg","20.000","°C","971.000","hPa","0.826","-0.01532","0.000401","-0.00012","0","11.08","Humid","30.45","0","49.40","253675.87","SABD0002000012","AAV2.0.0.13","4.0.0.2323","PSt7-10","171027-008","9/15/2022 2:43:31 PM","0000-00","0","no battery","V","","µV","","µV"
"10/14/2022","12:14:00","7","default","171425599","OXY_CH7","16.802","min","202.321","μmol/L","Humid","20.782","deg","94980","µV","27.159","°C","1020.000","hPa","36.0","pmil","0","55.700","deg","20.000","°C","100.000","%a.s.","22.210","deg","20.000","°C","971.000","hPa","0.826","-0.01532","0.000401","-0.00012","0","11.08","Humid","30.45","0","49.40","253674.50","SABD0002000012","AAV2.0.0.13","4.0.0.2323","PSt7-10","171027-008","9/15/2022 2:43:31 PM","0000-00","0","no battery","V","","µV","","µV"
"10/14/2022","12:14:01","7","default","171425599","OXY_CH7","16.819","min","202.249","μmol/L","Humid","20.786","deg","94977","µV","27.159","°C","1020.000","hPa","36.0","pmil","0","55.700","deg","20.000","°C","100.000","%a.s.","22.210","deg","20.000","°C","971.000","hPa","0.826","-0.01532","0.000401","-0.00012","0","11.08","Humid","30.45","0","49.40","253678.35","SABD0002000012","AAV2.0.0.13","4.0.0.2323","PSt7-10","171027-008","9/15/2022 2:43:31 PM","0000-00","0","no battery","V","","µV","","µV"
"10/14/2022","12:14:02","7","default","171425599","OXY_CH7","16.836","min","202.394","μmol/L","Humid","20.778","deg","94957","µV","27.159","°C","1020.000","hPa","36.0","pmil","0","55.700","deg","20.000","°C","100.000","%a.s.","22.210","deg","20.000","°C","971.000","hPa","0.826","-0.01532","0.000401","-0.00012","0","11.08","Humid","30.45","0","49.40","253681.19","SABD0002000012","AAV2.0.0.13","4.0.0.2323","PSt7-10","171027-008","9/15/2022 2:43:31 PM","0000-00","0","no battery","V","","µV","","µV"
"10/14/2022","12:14:03","7","default","171425599","OXY_CH7","16.853","min","202.338","μmol/L","Humid","20.779","deg","94964","µV","27.165","°C","1020.000","hPa","36.0","pmil","0","55.700","deg","20.000","°C","100.000","%a.s.","22.210","deg","20.000","°C","971.000","hPa","0.826","-0.01532","0.000401","-0.00012","0","11.08","Humid","30.45","0","49.40","253684.90","SABD0002000012","AAV2.0.0.13","4.0.0.2323","PSt7-10","171027-008","9/15/2022 2:43:31 PM","0000-00","0","no battery","V","","µV","","µV"
"10/14/2022","12:14:04","7","default","171425599","OXY_CH7","16.869","min","202.374","μmol/L","Humid","20.777","deg","94957","µV","27.165","°C","1020.000","hPa","36.0","pmil","0","55.700","deg","20.000","°C","100.000","%a.s.","22.210","deg","20.000","°C","971.000","hPa","0.826","-0.01532","0.000401","-0.00012","0","11.08","Humid","30.45","0","49.40","253672.75","SABD0002000012","AAV2.0.0.13","4.0.0.2323","PSt7-10","171027-008","9/15/2022 2:43:31 PM","0000-00","0","no battery","V","","µV","","µV"
"10/14/2022","12:14:05","7","default","171425599","OXY_CH7","16.886","min","202.356","μmol/L","Humid","20.778","deg","94956","µV","27.165","°C","1020.000","hPa","36.0","pmil","0","55.700","deg","20.000","°C","100.000","%a.s.","22.210","deg","20.000","°C","971.000","hPa","0.826","-0.01532","0.000401","-0.00012","0","11.08","Humid","30.45","0","49.40","253671.21","SABD0002000012","AAV2.0.0.13","4.0.0.2323","PSt7-10","171027-008","9/15/2022 2:43:31 PM","0000-00","0","no battery","V","","µV","","µV"
"10/14/2022","12:14:06","7","default","171425599","OXY_CH7","16.903","min","202.374","μmol/L","Humid","20.777","deg","94946","µV","27.165","°C","1020.000","hPa","36.0","pmil","0","55.700","deg","20.000","°C","100.000","%a.s.","22.210","deg","20.000","°C","971.000","hPa","0.826","-0.01532","0.000401","-0.00012","0","11.08","Humid","30.45","0","49.40","253668.82","SABD0002000012","AAV2.0.0.13","4.0.0.2323","PSt7-10","171027-008","9/15/2022 2:43:31 PM","0000-00","0","no battery","V","","µV","","µV"
"10/14/2022","12:14:07","7","default","171425599","OXY_CH7","16.920","min","202.393","μmol/L","Humid","20.776","deg","94943","µV","27.165","°C","1020.000","hPa","36.0","pmil","0","55.700","deg","20.000","°C","100.000","%a.s.","22.210","deg","20.000","°C","971.000","hPa","0.826","-0.01532","0.000401","-0.00012","0","11.08","Humid","30.45","0","49.40","253673.76","SABD0002000012","AAV2.0.0.13","4.0.0.2323","PSt7-10","171027-008","9/15/2022 2:43:31 PM","0000-00","0","no battery","V","","µV","","µV"
"10/14/2022","12:14:08","7","default","171425599","OXY_CH7","16.936","min","202.356","μmol/L","Humid","20.778","deg","94939","µV","27.165","°C","1020.000","hPa","36.0","pmil","0","55.700","deg","20.000","°C","100.000","%a.s.","22.210","deg","20.000","°C","971.000","hPa","0.826","-0.01532","0.000401","-0.00012","0","11.08","Humid","30.45","0","49.40","253672.32","SABD0002000012","AAV2.0.0.13","4.0.0.2323","PSt7-10","171027-008","9/15/2022 2:43:31 PM","0000-00","0","no battery","V","","µV","","µV"
"10/14/2022","12:14:09","7","default","171425599","OXY_CH7","16.952","min","202.429","μmol/L","Humid","20.774","deg","94941","µV","27.165","°C","1020.000","hPa","36.0","pmil","0","55.700","deg","20.000","°C","100.000","%a.s.","22.210","deg","20.000","°C","971.000","hPa","0.826","-0.01532","0.000401","-0.00012","0","11.08","Humid","30.45","0","49.40","253679.01","SABD0002000012","AAV2.0.0.13","4.0.0.2323","PSt7-10","171027-008","9/15/2022 2:43:31 PM","0000-00","0","no battery","V","","µV","","µV"
"10/14/2022","12:14:10","7","default","171425599","OXY_CH7","16.969","min","202.465","μmol/L","Humid","20.772","deg","94928","µV","27.165","°C","1020.000","hPa","36.0","pmil","0","55.700","deg","20.000","°C","100.000","%a.s.","22.210","deg","20.000","°C","971.000","hPa","0.826","-0.01532","0.000401","-0.00012","0","11.08","Humid","30.45","0","49.40","253685.46","SABD0002000012","AAV2.0.0.13","4.0.0.2323","PSt7-10","171027-008","9/15/2022 2:43:31 PM","0000-00","0","no battery","V","","µV","","µV"
"10/14/2022","12:14:11","7","default","171425599","OXY_CH7","16.986","min","202.464","μmol/L","Humid","20.770","deg","94929","µV","27.171","°C","1020.000","hPa","36.0","pmil","0","55.700","deg","20.000","°C","100.000","%a.s.","22.210","deg","20.000","°C","971.000","hPa","0.826","-0.01532","0.000401","-0.00012","0","11.08","Humid","30.45","0","49.40","253674.41","SABD0002000012","AAV2.0.0.13","4.0.0.2323","PSt7-10","171027-008","9/15/2022 2:43:31 PM","0000-00","0","no battery","V","","µV","","µV"
"10/14/2022","12:14:12","7","default","171425599","OXY_CH7","17.002","min","202.575","μmol/L","Humid","20.768","deg","94920","µV","27.159","°C","1020.000","hPa","36.0","pmil","0","55.700","deg","20.000","°C","100.000","%a.s.","22.210","deg","20.000","°C","971.000","hPa","0.826","-0.01532","0.000401","-0.00012","0","11.08","Humid","30.45","0","49.40","253671.04","SABD0002000012","AAV2.0.0.13","4.0.0.2323","PSt7-10","171027-008","9/15/2022 2:43:31 PM","0000-00","0","no battery","V","","µV","","µV"
"10/14/2022","12:14:13","7","default","171425599","OXY_CH7","17.019","min","202.519","μmol/L","Humid","20.769","deg","94912","µV","27.165","°C","1020.000","hPa","36.0","pmil","0","55.700","deg","20.000","°C","100.000","%a.s.","22.210","deg","20.000","°C","971.000","hPa","0.826","-0.01532","0.000401","-0.00012","0","11.08","Humid","30.45","0","49.40","253674.35","SABD0002000012","AAV2.0.0.13","4.0.0.2323","PSt7-10","171027-008","9/15/2022 2:43:31 PM","0000-00","0","no battery","V","","µV","","µV"
"10/14/2022","12:14:14","7","default","171425599","OXY_CH7","17.036","min","202.537","μmol/L","Humid","20.768","deg","94910","µV","27.165","°C","1020.000","hPa","36.0","pmil","0","55.700","deg","20.000","°C","100.000","%a.s.","22.210","deg","20.000","°C","971.000","hPa","0.826","-0.01532","0.000401","-0.00012","0","11.08","Humid","30.45","0","49.40","253672.47","SABD0002000012","AAV2.0.0.13","4.0.0.2323","PSt7-10","171027-008","9/15/2022 2:43:31 PM","0000-00","0","no battery","V","","µV","","µV"
"10/14/2022","12:14:15","7","default","171425599","OXY_CH7","17.053","min","202.574","μmol/L","Humid","20.766","deg","94901","µV","27.165","°C","1020.000","hPa","36.0","pmil","0","55.700","deg","20.000","°C","100.000","%a.s.","22.210","deg","20.000","°C","971.000","hPa","0.826","-0.01532","0.000401","-0.00012","0","11.08","Humid","30.45","0","49.40","253669.79","SABD0002000012","AAV2.0.0.13","4.0.0.2323","PSt7-10","171027-008","9/15/2022 2:43:31 PM","0000-00","0","no battery","V","","µV","","µV"
"10/14/2022","12:14:16","7","default","171425599","OXY_CH7","17.070","min","202.647","μmol/L","Humid","20.764","deg","94901","µV","27.159","°C","1020.000","hPa","36.0","pmil","0","55.700","deg","20.000","°C","100.000","%a.s.","22.210","deg","20.000","°C","971.000","hPa","0.826","-0.01532","0.000401","-0.00012","0","11.08","Humid","30.45","0","49.40","253672.48","SABD0002000012","AAV2.0.0.13","4.0.0.2323","PSt7-10","171027-008","9/15/2022 2:43:31 PM","0000-00","0","no battery","V","","µV","","µV"
"10/14/2022","12:14:17","7","default","171425599","OXY_CH7","17.086","min","202.628","μmol/L","Humid","20.763","deg","94900","µV","27.165","°C","1020.000","hPa","36.0","pmil","0","55.700","deg","20.000","°C","100.000","%a.s.","22.210","deg","20.000","°C","971.000","hPa","0.826","-0.01532","0.000401","-0.00012","0","11.08","Humid","30.45","0","49.40","253675.40","SABD0002000012","AAV2.0.0.13","4.0.0.2323","PSt7-10","171027-008","9/15/2022 2:43:31 PM","0000-00","0","no battery","V","","µV","","µV"
"10/14/2022","12:14:18","7","default","171425599","OXY_CH7","17.103","min","202.611","μmol/L","Humid","20.766","deg","94895","µV","27.159","°C","1020.000","hPa","36.0","pmil","0","55.700","deg","20.000","°C","100.000","%a.s.","22.210","deg","20.000","°C","971.000","hPa","0.826","-0.01532","0.000401","-0.00012","0","11.08","Humid","30.45","0","49.40","253665.63","SABD0002000012","AAV2.0.0.13","4.0.0.2323","PSt7-10","171027-008","9/15/2022 2:43:31 PM","0000-00","0","no battery","V","","µV","","µV"
"10/14/2022","12:14:19","7","default","171425599","OXY_CH7","17.119","min","202.664","μmol/L","Humid","20.761","deg","94882","µV","27.165","°C","1020.000","hPa","36.0","pmil","0","55.700","deg","20.000","°C","100.000","%a.s.","22.210","deg","20.000","°C","971.000","hPa","0.826","-0.01532","0.000401","-0.00012","0","11.08","Humid","30.45","0","49.40","253672.14","SABD0002000012","AAV2.0.0.13","4.0.0.2323","PSt7-10","171027-008","9/15/2022 2:43:31 PM","0000-00","0","no battery","V","","µV","","µV"
"10/14/2022","12:14:20","7","default","171425599","OXY_CH7","17.136","min","202.646","μmol/L","Humid","20.762","deg","94869","µV","27.165","°C","1020.000","hPa","36.0","pmil","0","55.700","deg","20.000","°C","100.000","%a.s.","22.210","deg","20.000","°C","971.000","hPa","0.826","-0.01532","0.000401","-0.00012","0","11.08","Humid","30.45","0","49.40","253666.11","SABD0002000012","AAV2.0.0.13","4.0.0.2323","PSt7-10","171027-008","9/15/2022 2:43:31 PM","0000-00","0","no battery","V","","µV","","µV"
"10/14/2022","12:14:21","7","default","171425599","OXY_CH7","17.152","min","202.736","μmol/L","Humid","20.755","deg","94871","µV","27.171","°C","1020.000","hPa","36.0","pmil","0","55.700","deg","20.000","°C","100.000","%a.s.","22.210","deg","20.000","°C","971.000","hPa","0.826","-0.01532","0.000401","-0.00012","0","11.08","Humid","30.45","0","49.40","253667.62","SABD0002000012","AAV2.0.0.13","4.0.0.2323","PSt7-10","171027-008","9/15/2022 2:43:31 PM","0000-00","0","no battery","V","","µV","","µV"
"10/14/2022","12:14:22","7","default","171425599","OXY_CH7","17.169","min","202.755","μmol/L","Humid","20.756","deg","94872","µV","27.165","°C","1020.000","hPa","36.0","pmil","0","55.700","deg","20.000","°C","100.000","%a.s.","22.210","deg","20.000","°C","971.000","hPa","0.826","-0.01532","0.000401","-0.00012","0","11.08","Humid","30.45","0","49.40","253664.78","SABD0002000012","AAV2.0.0.13","4.0.0.2323","PSt7-10","171027-008","9/15/2022 2:43:31 PM","0000-00","0","no battery","V","","µV","","µV"
"10/14/2022","12:14:23","7","default","171425599","OXY_CH7","17.186","min","202.701","μmol/L","Humid","20.759","deg","94863","µV","27.165","°C","1020.000","hPa","36.0","pmil","0","55.700","deg","20.000","°C","100.000","%a.s.","22.210","deg","20.000","°C","971.000","hPa","0.826","-0.01532","0.000401","-0.00012","0","11.08","Humid","30.45","0","49.40","253664.10","SABD0002000012","AAV2.0.0.13","4.0.0.2323","PSt7-10","171027-008","9/15/2022 2:43:31 PM","0000-00","0","no battery","V","","µV","","µV"
"10/14/2022","12:14:24","7","default","171425599","OXY_CH7","17.203","min","202.829","μmol/L","Humid","20.754","deg","94865","µV","27.159","°C","1020.000","hPa","36.0","pmil","0","55.700","deg","20.000","°C","100.000","%a.s.","22.210","deg","20.000","°C","971.000","hPa","0.826","-0.01532","0.000401","-0.00012","0","11.08","Humid","30.45","0","49.40","253676.87","SABD0002000012","AAV2.0.0.13","4.0.0.2323","PSt7-10","171027-008","9/15/2022 2:43:31 PM","0000-00","0","no battery","V","","µV","","µV"
"10/14/2022","12:14:25","7","default","171425599","OXY_CH7","17.219","min","202.865","μmol/L","Humid","20.752","deg","94862","µV","27.159","°C","1020.000","hPa","36.0","pmil","0","55.700","deg","20.000","°C","100.000","%a.s.","22.210","deg","20.000","°C","971.000","hPa","0.826","-0.01532","0.000401","-0.00012","0","11.08","Humid","30.45","0","49.40","253670.91","SABD0002000012","AAV2.0.0.13","4.0.0.2323","PSt7-10","171027-008","9/15/2022 2:43:31 PM","0000-00","0","no battery","V","","µV","","µV"
"10/14/2022","12:14:26","7","default","171425599","OXY_CH7","17.236","min","202.809","μmol/L","Humid","20.753","deg","94857","µV","27.165","°C","1020.000","hPa","36.0","pmil","0","55.700","deg","20.000","°C","100.000","%a.s.","22.210","deg","20.000","°C","971.000","hPa","0.826","-0.01532","0.000401","-0.00012","0","11.08","Humid","30.45","0","49.40","253673.74","SABD0002000012","AAV2.0.0.13","4.0.0.2323","PSt7-10","171027-008","9/15/2022 2:43:31 PM","0000-00","0","no battery","V","","µV","","µV"
"10/14/2022","12:14:27","7","default","171425599","OXY_CH7","17.253","min","202.791","μmol/L","Humid","20.754","deg","94858","µV","27.165","°C","1020.000","hPa","36.0","pmil","0","55.700","deg","20.000","°C","100.000","%a.s.","22.210","deg","20.000","°C","971.000","hPa","0.826","-0.01532","0.000401","-0.00012","0","11.08","Humid","30.45","0","49.40","253669.92","SABD0002000012","AAV2.0.0.13","4.0.0.2323","PSt7-10","171027-008","9/15/2022 2:43:31 PM","0000-00","0","no battery","V","","µV","","µV"
"10/14/2022","12:14:28","7","default","171425599","OXY_CH7","17.270","min","202.847","μmol/L","Humid","20.753","deg","94847","µV","27.159","°C","1020.000","hPa","36.0","pmil","0","55.700","deg","20.000","°C","100.000","%a.s.","22.210","deg","20.000","°C","971.000","hPa","0.826","-0.01532","0.000401","-0.00012","0","11.08","Humid","30.45","0","49.40","253662.80","SABD0002000012","AAV2.0.0.13","4.0.0.2323","PSt7-10","171027-008","9/15/2022 2:43:31 PM","0000-00","0","no battery","V","","µV","","µV"
"10/14/2022","12:14:29","7","default","171425599","OXY_CH7","17.287","min","202.772","μmol/L","Humid","20.753","deg","94854","µV","27.171","°C","1020.000","hPa","36.0","pmil","0","55.700","deg","20.000","°C","100.000","%a.s.","22.210","deg","20.000","°C","971.000","hPa","0.826","-0.01532","0.000401","-0.00012","0","11.08","Humid","30.45","0","49.40","253674.57","SABD0002000012","AAV2.0.0.13","4.0.0.2323","PSt7-10","171027-008","9/15/2022 2:43:31 PM","0000-00","0","no battery","V","","µV","","µV"
"10/14/2022","12:14:30","7","default","171425599","OXY_CH7","17.303","min","202.918","μmol/L","Humid","20.747","deg","94836","µV","27.165","°C","1020.000","hPa","36.0","pmil","0","55.700","deg","20.000","°C","100.000","%a.s.","22.210","deg","20.000","°C","971.000","hPa","0.826","-0.01532","0.000401","-0.00012","0","11.08","Humid","30.45","0","49.40","253657.34","SABD0002000012","AAV2.0.0.13","4.0.0.2323","PSt7-10","171027-008","9/15/2022 2:43:31 PM","0000-00","0","no battery","V","","µV","","µV"
"10/14/2022","12:14:31","7","default","171425599","OXY_CH7","17.319","min","202.882","μmol/L","Humid","20.749","deg","94832","µV","27.165","°C","1020.000","hPa","36.0","pmil","0","55.700","deg","20.000","°C","100.000","%a.s.","22.210","deg","20.000","°C","971.000","hPa","0.826","-0.01532","0.000401","-0.00012","0","11.08","Humid","30.45","0","49.40","253653.31","SABD0002000012","AAV2.0.0.13","4.0.0.2323","PSt7-10","171027-008","9/15/2022 2:43:31 PM","0000-00","0","no battery","V","","µV","","µV"
"10/14/2022","12:14:32","7","default","171425599","OXY_CH7","17.336","min","202.883","μmol/L","Humid","20.751","deg","94835","µV","27.159","°C","1020.000","hPa","36.0","pmil","0","55.700","deg","20.000","°C","100.000","%a.s.","22.210","deg","20.000","°C","971.000","hPa","0.826","-0.01532","0.000401","-0.00012","0","11.08","Humid","30.45","0","49.40","253655.40","SABD0002000012","AAV2.0.0.13","4.0.0.2323","PSt7-10","171027-008","9/15/2022 2:43:31 PM","0000-00","0","no battery","V","","µV","","µV"
"10/14/2022","12:14:33","7","default","171425599","OXY_CH7","17.353","min","202.918","μmol/L","Humid","20.747","deg","94831","µV","27.165","°C","1020.000","hPa","36.0","pmil","0","55.700","deg","20.000","°C","100.000","%a.s.","22.210","deg","20.000","°C","971.000","hPa","0.826","-0.01532","0.000401","-0.00012","0","11.08","Humid","30.45","0","49.40","253662.53","SABD0002000012","AAV2.0.0.13","4.0.0.2323","PSt7-10","171027-008","9/15/2022 2:43:31 PM","0000-00","0","no battery","V","","µV","","µV"
"10/14/2022","12:14:34","7","default","171425599","OXY_CH7","17.370","min","202.882","μmol/L","Humid","20.749","deg","94826","µV","27.165","°C","1020.000","hPa","36.0","pmil","0","55.700","deg","20.000","°C","100.000","%a.s.","22.210","deg","20.000","°C","971.000","hPa","0.826","-0.01532","0.000401","-0.00012","0","11.08","Humid","30.45","0","49.40","253660.68","SABD0002000012","AAV2.0.0.13","4.0.0.2323","PSt7-10","171027-008","9/15/2022 2:43:31 PM","0000-00","0","no battery","V","","µV","","µV"
"10/14/2022","12:14:35","7","default","171425599","OXY_CH7","17.386","min","202.899","μmol/L","Humid","20.746","deg","94821","µV","27.171","°C","1020.000","hPa","36.0","pmil","0","55.700","deg","20.000","°C","100.000","%a.s.","22.210","deg","20.000","°C","971.000","hPa","0.826","-0.01532","0.000401","-0.00012","0","11.08","Humid","30.45","0","49.40","253657.79","SABD0002000012","AAV2.0.0.13","4.0.0.2323","PSt7-10","171027-008","9/15/2022 2:43:31 PM","0000-00","0","no battery","V","","µV","","µV"
"10/14/2022","12:14:36","7","default","171425599","OXY_CH7","17.403","min","202.955","μmol/L","Humid","20.745","deg","94823","µV","27.165","°C","1020.000","hPa","36.0","pmil","0","55.700","deg","20.000","°C","100.000","%a.s.","22.210","deg","20.000","°C","971.000","hPa","0.826","-0.01532","0.000401","-0.00012","0","11.08","Humid","30.45","0","49.40","253666.18","SABD0002000012","AAV2.0.0.13","4.0.0.2323","PSt7-10","171027-008","9/15/2022 2:43:31 PM","0000-00","0","no battery","V","","µV","","µV"
"10/14/2022","12:14:37","7","default","171425599","OXY_CH7","17.420","min","202.990","μmol/L","Humid","20.741","deg","94811","µV","27.171","°C","1020.000","hPa","36.0","pmil","0","55.700","deg","20.000","°C","100.000","%a.s.","22.210","deg","20.000","°C","971.000","hPa","0.826","-0.01532","0.000401","-0.00012","0","11.08","Humid","30.45","0","49.40","253656.97","SABD0002000012","AAV2.0.0.13","4.0.0.2323","PSt7-10","171027-008","9/15/2022 2:43:31 PM","0000-00","0","no battery","V","","µV","","µV"
"10/14/2022","12:14:38","7","default","171425599","OXY_CH7","17.436","min","203.027","μmol/L","Humid","20.741","deg","94816","µV","27.165","°C","1020.000","hPa","36.0","pmil","0","55.700","deg","20.000","°C","100.000","%a.s.","22.210","deg","20.000","°C","971.000","hPa","0.826","-0.01532","0.000401","-0.00012","0","11.08","Humid","30.45","0","49.40","253658.01","SABD0002000012","AAV2.0.0.13","4.0.0.2323","PSt7-10","171027-008","9/15/2022 2:43:31 PM","0000-00","0","no battery","V","","µV","","µV"
"10/14/2022","12:14:39","7","default","171425599","OXY_CH7","17.452","min","203.009","μmol/L","Humid","20.742","deg","94804","µV","27.165","°C","1020.000","hPa","36.0","pmil","0","55.700","deg","20.000","°C","100.000","%a.s.","22.210","deg","20.000","°C","971.000","hPa","0.826","-0.01532","0.000401","-0.00012","0","11.08","Humid","30.45","0","49.40","253641.09","SABD0002000012","AAV2.0.0.13","4.0.0.2323","PSt7-10","171027-008","9/15/2022 2:43:31 PM","0000-00","0","no battery","V","","µV","","µV"
"10/14/2022","12:14:40","7","default","171425599","OXY_CH7","17.469","min","203.027","μmol/L","Humid","20.741","deg","94802","µV","27.165","°C","1020.000","hPa","36.0","pmil","0","55.700","deg","20.000","°C","100.000","%a.s.","22.210","deg","20.000","°C","971.000","hPa","0.826","-0.01532","0.000401","-0.00012","0","11.08","Humid","30.45","0","49.40","253647.89","SABD0002000012","AAV2.0.0.13","4.0.0.2323","PSt7-10","171027-008","9/15/2022 2:43:31 PM","0000-00","0","no battery","V","","µV","","µV"
"10/14/2022","12:14:41","7","default","171425599","OXY_CH7","17.486","min","203.064","μmol/L","Humid","20.739","deg","94798","µV","27.165","°C","1020.000","hPa","36.0","pmil","0","55.700","deg","20.000","°C","100.000","%a.s.","22.210","deg","20.000","°C","971.000","hPa","0.826","-0.01532","0.000401","-0.00012","0","11.08","Humid","30.45","0","49.40","253651.65","SABD0002000012","AAV2.0.0.13","4.0.0.2323","PSt7-10","171027-008","9/15/2022 2:43:31 PM","0000-00","0","no battery","V","","µV","","µV"
"10/14/2022","12:14:42","7","default","171425599","OXY_CH7","17.503","min","203.082","μmol/L","Humid","20.738","deg","94794","µV","27.165","°C","1020.000","hPa","36.0","pmil","0","55.700","deg","20.000","°C","100.000","%a.s.","22.210","deg","20.000","°C","971.000","hPa","0.826","-0.01532","0.000401","-0.00012","0","11.08","Humid","30.45","0","49.40","253658.86","SABD0002000012","AAV2.0.0.13","4.0.0.2323","PSt7-10","171027-008","9/15/2022 2:43:31 PM","0000-00","0","no battery","V","","µV","","µV"
"10/14/2022","12:14:43","7","default","171425599","OXY_CH7","17.519","min","203.155","μmol/L","Humid","20.734","deg","94785","µV","27.165","°C","1020.000","hPa","36.0","pmil","0","55.700","deg","20.000","°C","100.000","%a.s.","22.210","deg","20.000","°C","971.000","hPa","0.826","-0.01532","0.000401","-0.00012","0","11.08","Humid","30.45","0","49.40","253641.61","SABD0002000012","AAV2.0.0.13","4.0.0.2323","PSt7-10","171027-008","9/15/2022 2:43:31 PM","0000-00","0","no battery","V","","µV","","µV"
"10/14/2022","12:14:44","7","default","171425599","OXY_CH7","17.536","min","203.136","μmol/L","Humid","20.733","deg","94781","µV","27.171","°C","1020.000","hPa","36.0","pmil","0","55.700","deg","20.000","°C","100.000","%a.s.","22.210","deg","20.000","°C","971.000","hPa","0.826","-0.01532","0.000401","-0.00012","0","11.08","Humid","30.45","0","49.40","253647.14","SABD0002000012","AAV2.0.0.13","4.0.0.2323","PSt7-10","171027-008","9/15/2022 2:43:31 PM","0000-00","0","no battery","V","","µV","","µV"
"10/14/2022","12:14:45","7","default","171425599","OXY_CH7","17.553","min","203.064","μmol/L","Humid","20.739","deg","94780","µV","27.165","°C","1020.000","hPa","36.0","pmil","0","55.700","deg","20.000","°C","100.000","%a.s.","22.210","deg","20.000","°C","971.000","hPa","0.826","-0.01532","0.000401","-0.00012","0","11.08","Humid","30.45","0","49.40","253643.84","SABD0002000012","AAV2.0.0.13","4.0.0.2323","PSt7-10","171027-008","9/15/2022 2:43:31 PM","0000-00","0","no battery","V","","µV","","µV"
"10/14/2022","12:14:46","7","default","171425599","OXY_CH7","17.570","min","203.118","μmol/L","Humid","20.736","deg","94776","µV","27.165","°C","1020.000","hPa","36.0","pmil","0","55.700","deg","20.000","°C","100.000","%a.s.","22.210","deg","20.000","°C","971.000","hPa","0.826","-0.01532","0.000401","-0.00012","0","11.08","Humid","30.45","0","49.40","253650.08","SABD0002000012","AAV2.0.0.13","4.0.0.2323","PSt7-10","171027-008","9/15/2022 2:43:31 PM","0000-00","0","no battery","V","","µV","","µV"
"10/14/2022","12:14:47","7","default","171425599","OXY_CH7","17.586","min","203.191","μmol/L","Humid","20.732","deg","94769","µV","27.165","°C","1020.000","hPa","36.0","pmil","0","55.700","deg","20.000","°C","100.000","%a.s.","22.210","deg","20.000","°C","971.000","hPa","0.826","-0.01532","0.000401","-0.00012","0","11.08","Humid","30.45","0","49.40","253649.01","SABD0002000012","AAV2.0.0.13","4.0.0.2323","PSt7-10","171027-008","9/15/2022 2:43:31 PM","0000-00","0","no battery","V","","µV","","µV"
"10/14/2022","12:14:48","7","default","171425599","OXY_CH7","17.603","min","203.173","μmol/L","Humid","20.733","deg","94769","µV","27.165","°C","1020.000","hPa","36.0","pmil","0","55.700","deg","20.000","°C","100.000","%a.s.","22.210","deg","20.000","°C","971.000","hPa","0.826","-0.01532","0.000401","-0.00012","0","11.08","Humid","30.45","0","49.40","253634.02","SABD0002000012","AAV2.0.0.13","4.0.0.2323","PSt7-10","171027-008","9/15/2022 2:43:31 PM","0000-00","0","no battery","V","","µV","","µV"
"10/14/2022","12:14:49","7","default","171425599","OXY_CH7","17.620","min","203.209","μmol/L","Humid","20.731","deg","94765","µV","27.165","°C","1020.000","hPa","36.0","pmil","0","55.700","deg","20.000","°C","100.000","%a.s.","22.210","deg","20.000","°C","971.000","hPa","0.826","-0.01532","0.000401","-0.00012","0","11.08","Humid","30.45","0","49.40","253644.50","SABD0002000012","AAV2.0.0.13","4.0.0.2323","PSt7-10","171027-008","9/15/2022 2:43:31 PM","0000-00","0","no battery","V","","µV","","µV"
"10/14/2022","12:14:50","7","default","171425599","OXY_CH7","17.636","min","203.228","μmol/L","Humid","20.730","deg","94768","µV","27.165","°C","1020.000","hPa","36.0","pmil","0","55.700","deg","20.000","°C","100.000","%a.s.","22.210","deg","20.000","°C","971.000","hPa","0.826","-0.01532","0.000401","-0.00012","0","11.08","Humid","30.45","0","49.40","253659.32","SABD0002000012","AAV2.0.0.13","4.0.0.2323","PSt7-10","171027-008","9/15/2022 2:43:31 PM","0000-00","0","no battery","V","","µV","","µV"
"10/14/2022","12:14:51","7","default","171425599","OXY_CH7","17.652","min","203.228","μmol/L","Humid","20.730","deg","94760","µV","27.165","°C","1020.000","hPa","36.0","pmil","0","55.700","deg","20.000","°C","100.000","%a.s.","22.210","deg","20.000","°C","971.000","hPa","0.826","-0.01532","0.000401","-0.00012","0","11.08","Humid","30.45","0","49.40","253645.90","SABD0002000012","AAV2.0.0.13","4.0.0.2323","PSt7-10","171027-008","9/15/2022 2:43:31 PM","0000-00","0","no battery","V","","µV","","µV"
"10/14/2022","12:14:52","7","default","171425599","OXY_CH7","17.669","min","203.228","μmol/L","Humid","20.730","deg","94753","µV","27.165","°C","1020.000","hPa","36.0","pmil","0","55.700","deg","20.000","°C","100.000","%a.s.","22.210","deg","20.000","°C","971.000","hPa","0.826","-0.01532","0.000401","-0.00012","0","11.08","Humid","30.45","0","49.40","253636.73","SABD0002000012","AAV2.0.0.13","4.0.0.2323","PSt7-10","171027-008","9/15/2022 2:43:31 PM","0000-00","0","no battery","V","","µV","","µV"
"10/14/2022","12:14:53","7","default","171425599","OXY_CH7","17.686","min","203.263","μmol/L","Humid","20.726","deg","94740","µV","27.171","°C","1020.000","hPa","36.0","pmil","0","55.700","deg","20.000","°C","100.000","%a.s.","22.210","deg","20.000","°C","971.000","hPa","0.826","-0.01532","0.000401","-0.00012","0","11.08","Humid","30.45","0","49.40","253634.87","SABD0002000012","AAV2.0.0.13","4.0.0.2323","PSt7-10","171027-008","9/15/2022 2:43:31 PM","0000-00","0","no battery","V","","µV","","µV"
"10/14/2022","12:14:54","7","default","171425599","OXY_CH7","17.703","min","203.227","μmol/L","Humid","20.728","deg","94744","µV","27.171","°C","1020.000","hPa","36.0","pmil","0","55.700","deg","20.000","°C","100.000","%a.s.","22.210","deg","20.000","°C","971.000","hPa","0.826","-0.01532","0.000401","-0.00012","0","11.08","Humid","30.45","0","49.40","253632.72","SABD0002000012","AAV2.0.0.13","4.0.0.2323","PSt7-10","171027-008","9/15/2022 2:43:31 PM","0000-00","0","no battery","V","","µV","","µV"
"10/14/2022","12:14:55","7","default","171425599","OXY_CH7","17.720","min","203.245","μmol/L","Humid","20.727","deg","94741","µV","27.171","°C","1020.000","hPa","36.0","pmil","0","55.700","deg","20.000","°C","100.000","%a.s.","22.210","deg","20.000","°C","971.000","hPa","0.826","-0.01532","0.000401","-0.00012","0","11.08","Humid","30.45","0","49.40","253635.39","SABD0002000012","AAV2.0.0.13","4.0.0.2323","PSt7-10","171027-008","9/15/2022 2:43:31 PM","0000-00","0","no battery","V","","µV","","µV"
"10/14/2022","12:14:56","7","default","171425599","OXY_CH7","17.736","min","203.337","μmol/L","Humid","20.724","deg","94737","µV","27.165","°C","1020.000","hPa","36.0","pmil","0","55.700","deg","20.000","°C","100.000","%a.s.","22.210","deg","20.000","°C","971.000","hPa","0.826","-0.01532","0.000401","-0.00012","0","11.08","Humid","30.45","0","49.40","253631.36","SABD0002000012","AAV2.0.0.13","4.0.0.2323","PSt7-10","171027-008","9/15/2022 2:43:31 PM","0000-00","0","no battery","V","","µV","","µV"
"10/14/2022","12:14:57","7","default","171425599","OXY_CH7","17.753","min","203.280","μmol/L","Humid","20.723","deg","94729","µV","27.178","°C","1020.000","hPa","36.0","pmil","0","55.700","deg","20.000","°C","100.000","%a.s.","22.210","deg","20.000","°C","971.000","hPa","0.826","-0.01532","0.000401","-0.00012","0","11.08","Humid","30.45","0","49.40","253628.17","SABD0002000012","AAV2.0.0.13","4.0.0.2323","PSt7-10","171027-008","9/15/2022 2:43:31 PM","0000-00","0","no battery","V","","µV","","µV"
"10/14/2022","12:14:58","7","default","171425599","OXY_CH7","17.770","min","203.336","μmol/L","Humid","20.722","deg","94733","µV","27.171","°C","1020.000","hPa","36.0","pmil","0","55.700","deg","20.000","°C","100.000","%a.s.","22.210","deg","20.000","°C","971.000","hPa","0.826","-0.01532","0.000401","-0.00012","0","11.08","Humid","30.45","0","49.40","253640.77","SABD0002000012","AAV2.0.0.13","4.0.0.2323","PSt7-10","171027-008","9/15/2022 2:43:31 PM","0000-00","0","no battery","V","","µV","","µV"
"10/14/2022","12:14:59","7","default","171425599","OXY_CH7","17.786","min","203.372","μmol/L","Humid","20.720","deg","94722","µV","27.171","°C","1020.000","hPa","36.0","pmil","0","55.700","deg","20.000","°C","100.000","%a.s.","22.210","deg","20.000","°C","971.000","hPa","0.826","-0.01532","0.000401","-0.00012","0","11.08","Humid","30.45","0","49.40","253637.85","SABD0002000012","AAV2.0.0.13","4.0.0.2323","PSt7-10","171027-008","9/15/2022 2:43:31 PM","0000-00","0","no battery","V","","µV","","µV"
"10/14/2022","12:15:00","7","default","171425599","OXY_CH7","17.802","min","203.428","μmol/L","Humid","20.719","deg","94712","µV","27.165","°C","1020.000","hPa","36.0","pmil","0","55.700","deg","20.000","°C","100.000","%a.s.","22.210","deg","20.000","°C","971.000","hPa","0.826","-0.01532","0.000401","-0.00012","0","11.08","Humid","30.45","0","49.40","253629.09","SABD0002000012","AAV2.0.0.13","4.0.0.2323","PSt7-10","171027-008","9/15/2022 2:43:31 PM","0000-00","0","no battery","V","","µV","","µV"
"10/14/2022","12:15:01","7","default","171425599","OXY_CH7","17.819","min","203.428","μmol/L","Humid","20.719","deg","94705","µV","27.165","°C","1020.000","hPa","36.0","pmil","0","55.700","deg","20.000","°C","100.000","%a.s.","22.210","deg","20.000","°C","971.000","hPa","0.826","-0.01532","0.000401","-0.00012","0","11.08","Humid","30.45","0","49.40","253632.01","SABD0002000012","AAV2.0.0.13","4.0.0.2323","PSt7-10","171027-008","9/15/2022 2:43:31 PM","0000-00","0","no battery","V","","µV","","µV"
"10/14/2022","12:15:02","7","default","171425599","OXY_CH7","17.836","min","203.445","μmol/L","Humid","20.716","deg","94706","µV","27.171","°C","1020.000","hPa","36.0","pmil","0","55.700","deg","20.000","°C","100.000","%a.s.","22.210","deg","20.000","°C","971.000","hPa","0.826","-0.01532","0.000401","-0.00012","0","11.08","Humid","30.45","0","49.40","253628.17","SABD0002000012","AAV2.0.0.13","4.0.0.2323","PSt7-10","171027-008","9/15/2022 2:43:31 PM","0000-00","0","no battery","V","","µV","","µV"
"10/14/2022","12:15:03","7","default","171425599","OXY_CH7","17.853","min","203.446","μmol/L","Humid","20.718","deg","94701","µV","27.165","°C","1020.000","hPa","36.0","pmil","0","55.700","deg","20.000","°C","100.000","%a.s.","22.210","deg","20.000","°C","971.000","hPa","0.826","-0.01532","0.000401","-0.00012","0","11.08","Humid","30.45","0","49.40","253640.42","SABD0002000012","AAV2.0.0.13","4.0.0.2323","PSt7-10","171027-008","9/15/2022 2:43:31 PM","0000-00","0","no battery","V","","µV","","µV"
"10/14/2022","12:15:04","7","default","171425599","OXY_CH7","17.870","min","203.445","μmol/L","Humid","20.716","deg","94700","µV","27.171","°C","1020.000","hPa","36.0","pmil","0","55.700","deg","20.000","°C","100.000","%a.s.","22.210","deg","20.000","°C","971.000","hPa","0.826","-0.01532","0.000401","-0.00012","0","11.08","Humid","30.45","0","49.40","253633.70","SABD0002000012","AAV2.0.0.13","4.0.0.2323","PSt7-10","171027-008","9/15/2022 2:43:31 PM","0000-00","0","no battery","V","","µV","","µV"
"10/14/2022","12:15:05","7","default","171425599","OXY_CH7","17.886","min","203.500","μmol/L","Humid","20.713","deg","94694","µV","27.171","°C","1020.000","hPa","36.0","pmil","0","55.700","deg","20.000","°C","100.000","%a.s.","22.210","deg","20.000","°C","971.000","hPa","0.826","-0.01532","0.000401","-0.00012","0","11.08","Humid","30.45","0","49.40","253635.83","SABD0002000012","AAV2.0.0.13","4.0.0.2323","PSt7-10","171027-008","9/15/2022 2:43:31 PM","0000-00","0","no battery","V","","µV","","µV"
"10/14/2022","12:15:06","7","default","171425599","OXY_CH7","17.903","min","203.592","μmol/L","Humid","20.710","deg","94679","µV","27.165","°C","1020.000","hPa","36.0","pmil","0","55.700","deg","20.000","°C","100.000","%a.s.","22.210","deg","20.000","°C","971.000","hPa","0.826","-0.01532","0.000401","-0.00012","0","11.08","Humid","30.45","0","49.40","253628.65","SABD0002000012","AAV2.0.0.13","4.0.0.2323","PSt7-10","171027-008","9/15/2022 2:43:31 PM","0000-00","0","no battery","V","","µV","","µV"
"10/14/2022","12:15:07","7","default","171425599","OXY_CH7","17.919","min","203.409","μmol/L","Humid","20.718","deg","94680","µV","27.171","°C","1020.000","hPa","36.0","pmil","0","55.700","deg","20.000","°C","100.000","%a.s.","22.210","deg","20.000","°C","971.000","hPa","0.826","-0.01532","0.000401","-0.00012","0","11.08","Humid","30.45","0","49.40","253640.22","SABD0002000012","AAV2.0.0.13","4.0.0.2323","PSt7-10","171027-008","9/15/2022 2:43:31 PM","0000-00","0","no battery","V","","µV","","µV"
"10/14/2022","12:15:08","7","default","171425599","OXY_CH7","17.936","min","203.555","μmol/L","Humid","20.712","deg","94682","µV","27.165","°C","1020.000","hPa","36.0","pmil","0","55.700","deg","20.000","°C","100.000","%a.s.","22.210","deg","20.000","°C","971.000","hPa","0.826","-0.01532","0.000401","-0.00012","0","11.08","Humid","30.45","0","49.40","253628.19","SABD0002000012","AAV2.0.0.13","4.0.0.2323","PSt7-10","171027-008","9/15/2022 2:43:31 PM","0000-00","0","no battery","V","","µV","","µV"
"10/14/2022","12:15:09","7","default","171425599","OXY_CH7","17.953","min","203.536","μmol/L","Humid","20.711","deg","94677","µV","27.171","°C","1020.000","hPa","36.0","pmil","0","55.700","deg","20.000","°C","100.000","%a.s.","22.210","deg","20.000","°C","971.000","hPa","0.826","-0.01532","0.000401","-0.00012","0","11.08","Humid","30.45","0","49.40","253626.35","SABD0002000012","AAV2.0.0.13","4.0.0.2323","PSt7-10","171027-008","9/15/2022 2:43:31 PM","0000-00","0","no battery","V","","µV","","µV"
"10/14/2022","12:15:10","7","default","171425599","OXY_CH7","17.969","min","203.591","μmol/L","Humid","20.708","deg","94668","µV","27.171","°C","1020.000","hPa","36.0","pmil","0","55.700","deg","20.000","°C","100.000","%a.s.","22.210","deg","20.000","°C","971.000","hPa","0.826","-0.01532","0.000401","-0.00012","0","11.08","Humid","30.45","0","49.40","253636.55","SABD0002000012","AAV2.0.0.13","4.0.0.2323","PSt7-10","171027-008","9/15/2022 2:43:31 PM","0000-00","0","no battery","V","","µV","","µV"
"10/14/2022","12:15:11","7","default","171425599","OXY_CH7","17.986","min","203.647","μmol/L","Humid","20.707","deg","94665","µV","27.165","°C","1020.000","hPa","36.0","pmil","0","55.700","deg","20.000","°C","100.000","%a.s.","22.210","deg","20.000","°C","971.000","hPa","0.826","-0.01532","0.000401","-0.00012","0","11.08","Humid","30.45","0","49.40","253620.89","SABD0002000012","AAV2.0.0.13","4.0.0.2323","PSt7-10","171027-008","9/15/2022 2:43:31 PM","0000-00","0","no battery","V","","µV","","µV"
"10/14/2022","12:15:12","7","default","171425599","OXY_CH7","18.003","min","203.609","μmol/L","Humid","20.707","deg","94662","µV","27.171","°C","1020.000","hPa","36.0","pmil","0","55.700","deg","20.000","°C","100.000","%a.s.","22.210","deg","20.000","°C","971.000","hPa","0.826","-0.01532","0.000401","-0.00012","0","11.08","Humid","30.45","0","49.40","253623.76","SABD0002000012","AAV2.0.0.13","4.0.0.2323","PSt7-10","171027-008","9/15/2022 2:43:31 PM","0000-00","0","no battery","V","","µV","","µV"
"10/14/2022","12:15:13","7","default","171425599","OXY_CH7","18.020","min","203.664","μmol/L","Humid","20.704","deg","94659","µV","27.171","°C","1020.000","hPa","36.0","pmil","0","55.700","deg","20.000","°C","100.000","%a.s.","22.210","deg","20.000","°C","971.000","hPa","0.826","-0.01532","0.000401","-0.00012","0","11.08","Humid","30.45","0","49.40","253614.17","SABD0002000012","AAV2.0.0.13","4.0.0.2323","PSt7-10","171027-008","9/15/2022 2:43:31 PM","0000-00","0","no battery","V","","µV","","µV"
"10/14/2022","12:15:14","7","default","171425599","OXY_CH7","18.036","min","203.627","μmol/L","Humid","20.704","deg","94655","µV","27.178","°C","1020.000","hPa","36.0","pmil","0","55.700","deg","20.000","°C","100.000","%a.s.","22.210","deg","20.000","°C","971.000","hPa","0.826","-0.01532","0.000401","-0.00012","0","11.08","Humid","30.45","0","49.40","253629.71","SABD0002000012","AAV2.0.0.13","4.0.0.2323","PSt7-10","171027-008","9/15/2022 2:43:31 PM","0000-00","0","no battery","V","","µV","","µV"
"10/14/2022","12:15:15","7","default","171425599","OXY_CH7","18.053","min","203.610","μmol/L","Humid","20.709","deg","94646","µV","27.165","°C","1020.000","hPa","36.0","pmil","0","55.700","deg","20.000","°C","100.000","%a.s.","22.210","deg","20.000","°C","971.000","hPa","0.826","-0.01532","0.000401","-0.00012","0","11.08","Humid","30.45","0","49.40","253620.28","SABD0002000012","AAV2.0.0.13","4.0.0.2323","PSt7-10","171027-008","9/15/2022 2:43:31 PM","0000-00","0","no battery","V","","µV","","µV"
"10/14/2022","12:15:16","7","default","171425599","OXY_CH7","18.069","min","203.794","μmol/L","Humid","20.701","deg","94636","µV","27.159","°C","1020.000","hPa","36.0","pmil","0","55.700","deg","20.000","°C","100.000","%a.s.","22.210","deg","20.000","°C","971.000","hPa","0.826","-0.01532","0.000401","-0.00012","0","11.08","Humid","30.45","0","49.40","253614.04","SABD0002000012","AAV2.0.0.13","4.0.0.2323","PSt7-10","171027-008","9/15/2022 2:43:31 PM","0000-00","0","no battery","V","","µV","","µV"
"10/14/2022","12:15:17","7","default","171425599","OXY_CH7","18.086","min","203.737","μmol/L","Humid","20.700","deg","94631","µV","27.171","°C","1020.000","hPa","36.0","pmil","0","55.700","deg","20.000","°C","100.000","%a.s.","22.210","deg","20.000","°C","971.000","hPa","0.826","-0.01532","0.000401","-0.00012","0","11.08","Humid","30.45","0","49.40","253621.35","SABD0002000012","AAV2.0.0.13","4.0.0.2323","PSt7-10","171027-008","9/15/2022 2:43:31 PM","0000-00","0","no battery","V","","µV","","µV"
"10/14/2022","12:15:18","7","default","171425599","OXY_CH7","18.103","min","203.811","μmol/L","Humid","20.698","deg","94627","µV","27.165","°C","1020.000","hPa","36.0","pmil","0","55.700","deg","20.000","°C","100.000","%a.s.","22.210","deg","20.000","°C","971.000","hPa","0.826","-0.01532","0.000401","-0.00012","0","11.08","Humid","30.45","0","49.40","253630.18","SABD0002000012","AAV2.0.0.13","4.0.0.2323","PSt7-10","171027-008","9/15/2022 2:43:31 PM","0000-00","0","no battery","V","","µV","","µV"
"10/14/2022","12:15:19","7","default","171425599","OXY_CH7","18.120","min","203.737","μmol/L","Humid","20.700","deg","94624","µV","27.171","°C","1020.000","hPa","36.0","pmil","0","55.700","deg","20.000","°C","100.000","%a.s.","22.210","deg","20.000","°C","971.000","hPa","0.826","-0.01532","0.000401","-0.00012","0","11.08","Humid","30.45","0","49.40","253620.17","SABD0002000012","AAV2.0.0.13","4.0.0.2323","PSt7-10","171027-008","9/15/2022 2:43:31 PM","0000-00","0","no battery","V","","µV","","µV"
"10/14/2022","12:15:20","7","default","171425599","OXY_CH7","18.136","min","203.828","μmol/L","Humid","20.695","deg","94621","µV","27.171","°C","1020.000","hPa","36.0","pmil","0","55.700","deg","20.000","°C","100.000","%a.s.","22.210","deg","20.000","°C","971.000","hPa","0.826","-0.01532","0.000401","-0.00012","0","11.08","Humid","30.45","0","49.40","253617.45","SABD0002000012","AAV2.0.0.13","4.0.0.2323","PSt7-10","171027-008","9/15/2022 2:43:31 PM","0000-00","0","no battery","V","","µV","","µV"
"10/14/2022","12:15:21","7","default","171425599","OXY_CH7","18.153","min","203.718","μmol/L","Humid","20.699","deg","94614","µV","27.178","°C","1020.000","hPa","36.0","pmil","0","55.700","deg","20.000","°C","100.000","%a.s.","22.210","deg","20.000","°C","971.000","hPa","0.826","-0.01532","0.000401","-0.00012","0","11.08","Humid","30.45","0","49.40","253615.35","SABD0002000012","AAV2.0.0.13","4.0.0.2323","PSt7-10","171027-008","9/15/2022 2:43:31 PM","0000-00","0","no battery","V","","µV","","µV"
"10/14/2022","12:15:22","7","default","171425599","OXY_CH7","18.170","min","203.847","μmol/L","Humid","20.696","deg","94618","µV","27.165","°C","1020.000","hPa","36.0","pmil","0","55.700","deg","20.000","°C","100.000","%a.s.","22.210","deg","20.000","°C","971.000","hPa","0.826","-0.01532","0.000401","-0.00012","0","11.08","Humid","30.45","0","49.40","253611.84","SABD0002000012","AAV2.0.0.13","4.0.0.2323","PSt7-10","171027-008","9/15/2022 2:43:31 PM","0000-00","0","no battery","V","","µV","","µV"
"10/14/2022","12:15:23","7","default","171425599","OXY_CH7","18.186","min","203.792","μmol/L","Humid","20.697","deg","94605","µV","27.171","°C","1020.000","hPa","36.0","pmil","0","55.700","deg","20.000","°C","100.000","%a.s.","22.210","deg","20.000","°C","971.000","hPa","0.826","-0.01532","0.000401","-0.00012","0","11.08","Humid","30.45","0","49.40","253608.33","SABD0002000012","AAV2.0.0.13","4.0.0.2323","PSt7-10","171027-008","9/15/2022 2:43:31 PM","0000-00","0","no battery","V","","µV","","µV"
"10/14/2022","12:15:24","7","default","171425599","OXY_CH7","18.203","min","203.755","μmol/L","Humid","20.699","deg","94601","µV","27.171","°C","1020.000","hPa","36.0","pmil","0","55.700","deg","20.000","°C","100.000","%a.s.","22.210","deg","20.000","°C","971.000","hPa","0.826","-0.01532","0.000401","-0.00012","0","11.08","Humid","30.45","0","49.40","253603.21","SABD0002000012","AAV2.0.0.13","4.0.0.2323","PSt7-10","171027-008","9/15/2022 2:43:31 PM","0000-00","0","no battery","V","","µV","","µV"
"10/14/2022","12:15:25","7","default","171425599","OXY_CH7","18.219","min","203.809","μmol/L","Humid","20.694","deg","94599","µV","27.178","°C","1020.000","hPa","36.0","pmil","0","55.700","deg","20.000","°C","100.000","%a.s.","22.210","deg","20.000","°C","971.000","hPa","0.826","-0.01532","0.000401","-0.00012","0","11.08","Humid","30.45","0","49.40","253602.79","SABD0002000012","AAV2.0.0.13","4.0.0.2323","PSt7-10","171027-008","9/15/2022 2:43:31 PM","0000-00","0","no battery","V","","µV","","µV"
"10/14/2022","12:15:26","7","default","171425599","OXY_CH7","18.236","min","203.828","μmol/L","Humid","20.695","deg","94599","µV","27.171","°C","1020.000","hPa","36.0","pmil","0","55.700","deg","20.000","°C","100.000","%a.s.","22.210","deg","20.000","°C","971.000","hPa","0.826","-0.01532","0.000401","-0.00012","0","11.08","Humid","30.45","0","49.40","253626.21","SABD0002000012","AAV2.0.0.13","4.0.0.2323","PSt7-10","171027-008","9/15/2022 2:43:31 PM","0000-00","0","no battery","V","","µV","","µV"
"10/14/2022","12:15:27","7","default","171425599","OXY_CH7","18.253","min","203.919","μmol/L","Humid","20.688","deg","94596","µV","27.178","°C","1020.000","hPa","36.0","pmil","0","55.700","deg","20.000","°C","100.000","%a.s.","22.210","deg","20.000","°C","971.000","hPa","0.826","-0.01532","0.000401","-0.00012","0","11.08","Humid","30.45","0","49.40","253619.08","SABD0002000012","AAV2.0.0.13","4.0.0.2323","PSt7-10","171027-008","9/15/2022 2:43:31 PM","0000-00","0","no battery","V","","µV","","µV"
"10/14/2022","12:15:28","7","default","171425599","OXY_CH7","18.269","min","203.994","μmol/L","Humid","20.688","deg","94592","µV","27.165","°C","1020.000","hPa","36.0","pmil","0","55.700","deg","20.000","°C","100.000","%a.s.","22.210","deg","20.000","°C","971.000","hPa","0.826","-0.01532","0.000401","-0.00012","0","11.08","Humid","30.45","0","49.40","253612.33","SABD0002000012","AAV2.0.0.13","4.0.0.2323","PSt7-10","171027-008","9/15/2022 2:43:31 PM","0000-00","0","no battery","V","","µV","","µV"
"10/14/2022","12:15:29","7","default","171425599","OXY_CH7","18.286","min","203.993","μmol/L","Humid","20.686","deg","94585","µV","27.171","°C","1020.000","hPa","36.0","pmil","0","55.700","deg","20.000","°C","100.000","%a.s.","22.210","deg","20.000","°C","971.000","hPa","0.826","-0.01532","0.000401","-0.00012","0","11.08","Humid","30.45","0","49.40","253608.47","SABD0002000012","AAV2.0.0.13","4.0.0.2323","PSt7-10","171027-008","9/15/2022 2:43:31 PM","0000-00","0","no battery","V","","µV","","µV"
"10/14/2022","12:15:30","7","default","171425599","OXY_CH7","18.303","min","203.956","μmol/L","Humid","20.688","deg","94577","µV","27.171","°C","1020.000","hPa","36.0","pmil","0","55.700","deg","20.000","°C","100.000","%a.s.","22.210","deg","20.000","°C","971.000","hPa","0.826","-0.01532","0.000401","-0.00012","0","11.08","Humid","30.45","0","49.40","253607.95","SABD0002000012","AAV2.0.0.13","4.0.0.2323","PSt7-10","171027-008","9/15/2022 2:43:31 PM","0000-00","0","no battery","V","","µV","","µV"
"10/14/2022","12:15:31","7","default","171425599","OXY_CH7","18.320","min","203.864","μmol/L","Humid","20.691","deg","94581","µV","27.178","°C","1020.000","hPa","36.0","pmil","0","55.700","deg","20.000","°C","100.000","%a.s.","22.210","deg","20.000","°C","971.000","hPa","0.826","-0.01532","0.000401","-0.00012","0","11.08","Humid","30.45","0","49.40","253606.44","SABD0002000012","AAV2.0.0.13","4.0.0.2323","PSt7-10","171027-008","9/15/2022 2:43:31 PM","0000-00","0","no battery","V","","µV","","µV"
"10/14/2022","12:15:32","7","default","171425599","OXY_CH7","18.336","min","203.955","μmol/L","Humid","20.686","deg","94567","µV","27.178","°C","1020.000","hPa","36.0","pmil","0","55.700","deg","20.000","°C","100.000","%a.s.","22.210","deg","20.000","°C","971.000","hPa","0.826","-0.01532","0.000401","-0.00012","0","11.08","Humid","30.45","0","49.40","253605.67","SABD0002000012","AAV2.0.0.13","4.0.0.2323","PSt7-10","171027-008","9/15/2022 2:43:31 PM","0000-00","0","no battery","V","","µV","","µV"
"10/14/2022","12:15:33","7","default","171425599","OXY_CH7","18.353","min","203.974","μmol/L","Humid","20.685","deg","94565","µV","27.178","°C","1020.000","hPa","36.0","pmil","0","55.700","deg","20.000","°C","100.000","%a.s.","22.210","deg","20.000","°C","971.000","hPa","0.826","-0.01532","0.000401","-0.00012","0","11.08","Humid","30.45","0","49.40","253605.81","SABD0002000012","AAV2.0.0.13","4.0.0.2323","PSt7-10","171027-008","9/15/2022 2:43:31 PM","0000-00","0","no battery","V","","µV","","µV"
"10/14/2022","12:15:34","7","default","171425599","OXY_CH7","18.369","min","203.992","μmol/L","Humid","20.684","deg","94566","µV","27.178","°C","1020.000","hPa","36.0","pmil","0","55.700","deg","20.000","°C","100.000","%a.s.","22.210","deg","20.000","°C","971.000","hPa","0.826","-0.01532","0.000401","-0.00012","0","11.08","Humid","30.45","0","49.40","253605.29","SABD0002000012","AAV2.0.0.13","4.0.0.2323","PSt7-10","171027-008","9/15/2022 2:43:31 PM","0000-00","0","no battery","V","","µV","","µV"
"10/14/2022","12:15:35","7","default","171425599","OXY_CH7","18.386","min","204.103","μmol/L","Humid","20.682","deg","94559","µV","27.165","°C","1020.000","hPa","36.0","pmil","0","55.700","deg","20.000","°C","100.000","%a.s.","22.210","deg","20.000","°C","971.000","hPa","0.826","-0.01532","0.000401","-0.00012","0","11.08","Humid","30.45","0","49.40","253607.42","SABD0002000012","AAV2.0.0.13","4.0.0.2323","PSt7-10","171027-008","9/15/2022 2:43:31 PM","0000-00","0","no battery","V","","µV","","µV"
"10/14/2022","12:15:36","7","default","171425599","OXY_CH7","18.402","min","204.104","μmol/L","Humid","20.684","deg","94554","µV","27.159","°C","1020.000","hPa","36.0","pmil","0","55.700","deg","20.000","°C","100.000","%a.s.","22.210","deg","20.000","°C","971.000","hPa","0.826","-0.01532","0.000401","-0.00012","0","11.08","Humid","30.45","0","49.40","253585.18","SABD0002000012","AAV2.0.0.13","4.0.0.2323","PSt7-10","171027-008","9/15/2022 2:43:31 PM","0000-00","0","no battery","V","","µV","","µV"
"10/14/2022","12:15:37","7","default","171425599","OXY_CH7","18.419","min","204.048","μmol/L","Humid","20.683","deg","94554","µV","27.171","°C","1020.000","hPa","36.0","pmil","0","55.700","deg","20.000","°C","100.000","%a.s.","22.210","deg","20.000","°C","971.000","hPa","0.826","-0.01532","0.000401","-0.00012","0","11.08","Humid","30.45","0","49.40","253588.83","SABD0002000012","AAV2.0.0.13","4.0.0.2323","PSt7-10","171027-008","9/15/2022 2:43:31 PM","0000-00","0","no battery","V","","µV","","µV"
"10/14/2022","12:15:38","7","default","171425599","OXY_CH7","18.436","min","204.103","μmol/L","Humid","20.680","deg","94544","µV","27.171","°C","1020.000","hPa","36.0","pmil","0","55.700","deg","20.000","°C","100.000","%a.s.","22.210","deg","20.000","°C","971.000","hPa","0.826","-0.01532","0.000401","-0.00012","0","11.08","Humid","30.45","0","49.40","253593.46","SABD0002000012","AAV2.0.0.13","4.0.0.2323","PSt7-10","171027-008","9/15/2022 2:43:31 PM","0000-00","0","no battery","V","","µV","","µV"
"10/14/2022","12:15:39","7","default","171425599","OXY_CH7","18.453","min","204.177","μmol/L","Humid","20.678","deg","94540","µV","27.165","°C","1020.000","hPa","36.0","pmil","0","55.700","deg","20.000","°C","100.000","%a.s.","22.210","deg","20.000","°C","971.000","hPa","0.826","-0.01532","0.000401","-0.00012","0","11.08","Humid","30.45","0","49.40","253583.36","SABD0002000012","AAV2.0.0.13","4.0.0.2323","PSt7-10","171027-008","9/15/2022 2:43:31 PM","0000-00","0","no battery","V","","µV","","µV"
"10/14/2022","12:15:40","7","default","171425599","OXY_CH7","18.470","min","204.175","μmol/L","Humid","20.674","deg","94530","µV","27.178","°C","1020.000","hPa","36.0","pmil","0","55.700","deg","20.000","°C","100.000","%a.s.","22.210","deg","20.000","°C","971.000","hPa","0.826","-0.01532","0.000401","-0.00012","0","11.08","Humid","30.45","0","49.40","253583.98","SABD0002000012","AAV2.0.0.13","4.0.0.2323","PSt7-10","171027-008","9/15/2022 2:43:31 PM","0000-00","0","no battery","V","","µV","","µV"
"10/14/2022","12:15:41","7","default","171425599","OXY_CH7","18.486","min","204.084","μmol/L","Humid","20.681","deg","94527","µV","27.171","°C","1020.000","hPa","36.0","pmil","0","55.700","deg","20.000","°C","100.000","%a.s.","22.210","deg","20.000","°C","971.000","hPa","0.826","-0.01532","0.000401","-0.00012","0","11.08","Humid","30.45","0","49.40","253591.27","SABD0002000012","AAV2.0.0.13","4.0.0.2323","PSt7-10","171027-008","9/15/2022 2:43:31 PM","0000-00","0","no battery","V","","µV","","µV"
"10/14/2022","12:15:42","7","default","171425599","OXY_CH7","18.503","min","204.082","μmol/L","Humid","20.677","deg","94522","µV","27.184","°C","1020.000","hPa","36.0","pmil","0","55.700","deg","20.000","°C","100.000","%a.s.","22.210","deg","20.000","°C","971.000","hPa","0.826","-0.01532","0.000401","-0.00012","0","11.08","Humid","30.45","0","49.40","253595.19","SABD0002000012","AAV2.0.0.13","4.0.0.2323","PSt7-10","171027-008","9/15/2022 2:43:31 PM","0000-00","0","no battery","V","","µV","","µV"
"10/14/2022","12:15:43","7","default","171425599","OXY_CH7","18.519","min","204.193","μmol/L","Humid","20.673","deg","94519","µV","27.178","°C","1020.000","hPa","36.0","pmil","0","55.700","deg","20.000","°C","100.000","%a.s.","22.210","deg","20.000","°C","971.000","hPa","0.826","-0.01532","0.000401","-0.00012","0","11.08","Humid","30.45","0","49.40","253595.74","SABD0002000012","AAV2.0.0.13","4.0.0.2323","PSt7-10","171027-008","9/15/2022 2:43:31 PM","0000-00","0","no battery","V","","µV","","µV"
"10/14/2022","12:15:44","7","default","171425599","OXY_CH7","18.536","min","204.230","μmol/L","Humid","20.671","deg","94514","µV","27.178","°C","1020.000","hPa","36.0","pmil","0","55.700","deg","20.000","°C","100.000","%a.s.","22.210","deg","20.000","°C","971.000","hPa","0.826","-0.01532","0.000401","-0.00012","0","11.08","Humid","30.45","0","49.40","253585.63","SABD0002000012","AAV2.0.0.13","4.0.0.2323","PSt7-10","171027-008","9/15/2022 2:43:31 PM","0000-00","0","no battery","V","","µV","","µV"
"10/14/2022","12:15:45","7","default","171425599","OXY_CH7","18.552","min","204.119","μmol/L","Humid","20.675","deg","94504","µV","27.184","°C","1020.000","hPa","36.0","pmil","0","55.700","deg","20.000","°C","100.000","%a.s.","22.210","deg","20.000","°C","971.000","hPa","0.826","-0.01532","0.000401","-0.00012","0","11.08","Humid","30.45","0","49.40","253585.54","SABD0002000012","AAV2.0.0.13","4.0.0.2323","PSt7-10","171027-008","9/15/2022 2:43:31 PM","0000-00","0","no battery","V","","µV","","µV"
"10/14/2022","12:15:46","7","default","171425599","OXY_CH7","18.569","min","204.193","μmol/L","Humid","20.673","deg","94503","µV","27.178","°C","1020.000","hPa","36.0","pmil","0","55.700","deg","20.000","°C","100.000","%a.s.","22.210","deg","20.000","°C","971.000","hPa","0.826","-0.01532","0.000401","-0.00012","0","11.08","Humid","30.45","0","49.40","253575.53","SABD0002000012","AAV2.0.0.13","4.0.0.2323","PSt7-10","171027-008","9/15/2022 2:43:31 PM","0000-00","0","no battery","V","","µV","","µV"
"10/14/2022","12:15:47","7","default","171425599","OXY_CH7","18.586","min","204.249","μmol/L","Humid","20.672","deg","94505","µV","27.171","°C","1020.000","hPa","36.0","pmil","0","55.700","deg","20.000","°C","100.000","%a.s.","22.210","deg","20.000","°C","971.000","hPa","0.826","-0.01532","0.000401","-0.00012","0","11.08","Humid","30.45","0","49.40","253586.67","SABD0002000012","AAV2.0.0.13","4.0.0.2323","PSt7-10","171027-008","9/15/2022 2:43:31 PM","0000-00","0","no battery","V","","µV","","µV"
"10/14/2022","12:15:48","7","default","171425599","OXY_CH7","18.603","min","204.359","μmol/L","Humid","20.666","deg","94505","µV","27.171","°C","1020.000","hPa","36.0","pmil","0","55.700","deg","20.000","°C","100.000","%a.s.","22.210","deg","20.000","°C","971.000","hPa","0.826","-0.01532","0.000401","-0.00012","0","11.08","Humid","30.45","0","49.40","253586.96","SABD0002000012","AAV2.0.0.13","4.0.0.2323","PSt7-10","171027-008","9/15/2022 2:43:31 PM","0000-00","0","no battery","V","","µV","","µV"
"10/14/2022","12:15:49","7","default","171425599","OXY_CH7","18.620","min","204.304","μmol/L","Humid","20.669","deg","94494","µV","27.171","°C","1020.000","hPa","36.0","pmil","0","55.700","deg","20.000","°C","100.000","%a.s.","22.210","deg","20.000","°C","971.000","hPa","0.826","-0.01532","0.000401","-0.00012","0","11.08","Humid","30.45","0","49.40","253593.52","SABD0002000012","AAV2.0.0.13","4.0.0.2323","PSt7-10","171027-008","9/15/2022 2:43:31 PM","0000-00","0","no battery","V","","µV","","µV"
"10/14/2022","12:15:50","7","default","171425599","OXY_CH7","18.636","min","204.432","μmol/L","Humid","20.662","deg","94484","µV","27.171","°C","1020.000","hPa","36.0","pmil","0","55.700","deg","20.000","°C","100.000","%a.s.","22.210","deg","20.000","°C","971.000","hPa","0.826","-0.01532","0.000401","-0.00012","0","11.08","Humid","30.45","0","49.40","253584.04","SABD0002000012","AAV2.0.0.13","4.0.0.2323","PSt7-10","171027-008","9/15/2022 2:43:31 PM","0000-00","0","no battery","V","","µV","","µV"
"10/14/2022","12:15:51","7","default","171425599","OXY_CH7","18.653","min","204.321","μmol/L","Humid","20.666","deg","94488","µV","27.178","°C","1020.000","hPa","36.0","pmil","0","55.700","deg","20.000","°C","100.000","%a.s.","22.210","deg","20.000","°C","971.000","hPa","0.826","-0.01532","0.000401","-0.00012","0","11.08","Humid","30.45","0","49.40","253583.26","SABD0002000012","AAV2.0.0.13","4.0.0.2323","PSt7-10","171027-008","9/15/2022 2:43:31 PM","0000-00","0","no battery","V","","µV","","µV"
"10/14/2022","12:15:52","7","default","171425599","OXY_CH7","18.669","min","204.395","μmol/L","Humid","20.662","deg","94476","µV","27.178","°C","1020.000","hPa","36.0","pmil","0","55.700","deg","20.000","°C","100.000","%a.s.","22.210","deg","20.000","°C","971.000","hPa","0.826","-0.01532","0.000401","-0.00012","0","11.08","Humid","30.45","0","49.40","253578.51","SABD0002000012","AAV2.0.0.13","4.0.0.2323","PSt7-10","171027-008","9/15/2022 2:43:31 PM","0000-00","0","no battery","V","","µV","","µV"
"10/14/2022","12:15:53","7","default","171425599","OXY_CH7","18.686","min","204.359","μmol/L","Humid","20.666","deg","94475","µV","27.171","°C","1020.000","hPa","36.0","pmil","0","55.700","deg","20.000","°C","100.000","%a.s.","22.210","deg","20.000","°C","971.000","hPa","0.826","-0.01532","0.000401","-0.00012","0","11.08","Humid","30.45","0","49.40","253589.08","SABD0002000012","AAV2.0.0.13","4.0.0.2323","PSt7-10","171027-008","9/15/2022 2:43:31 PM","0000-00","0","no battery","V","","µV","","µV"
"10/14/2022","12:15:54","7","default","171425599","OXY_CH7","18.703","min","204.487","μmol/L","Humid","20.659","deg","94473","µV","27.171","°C","1020.000","hPa","36.0","pmil","0","55.700","deg","20.000","°C","100.000","%a.s.","22.210","deg","20.000","°C","971.000","hPa","0.826","-0.01532","0.000401","-0.00012","0","11.08","Humid","30.45","0","49.40","253572.28","SABD0002000012","AAV2.0.0.13","4.0.0.2323","PSt7-10","171027-008","9/15/2022 2:43:31 PM","0000-00","0","no battery","V","","µV","","µV"
"10/14/2022","12:15:55","7","default","171425599","OXY_CH7","18.719","min","204.432","μmol/L","Humid","20.662","deg","94461","µV","27.171","°C","1020.000","hPa","36.0","pmil","0","55.700","deg","20.000","°C","100.000","%a.s.","22.210","deg","20.000","°C","971.000","hPa","0.826","-0.01532","0.000401","-0.00012","0","11.08","Humid","30.45","0","49.40","253562.59","SABD0002000012","AAV2.0.0.13","4.0.0.2323","PSt7-10","171027-008","9/15/2022 2:43:31 PM","0000-00","0","no battery","V","","µV","","µV"
"10/14/2022","12:15:56","7","default","171425599","OXY_CH7","18.736","min","204.413","μmol/L","Humid","20.661","deg","94459","µV","27.178","°C","1020.000","hPa","36.0","pmil","0","55.700","deg","20.000","°C","100.000","%a.s.","22.210","deg","20.000","°C","971.000","hPa","0.826","-0.01532","0.000401","-0.00012","0","11.08","Humid","30.45","0","49.40","253563.93","SABD0002000012","AAV2.0.0.13","4.0.0.2323","PSt7-10","171027-008","9/15/2022 2:43:31 PM","0000-00","0","no battery","V","","µV","","µV"
"10/14/2022","12:15:57","7","default","171425599","OXY_CH7","18.753","min","204.431","μmol/L","Humid","20.660","deg","94457","µV","27.178","°C","1020.000","hPa","36.0","pmil","0","55.700","deg","20.000","°C","100.000","%a.s.","22.210","deg","20.000","°C","971.000","hPa","0.826","-0.01532","0.000401","-0.00012","0","11.08","Humid","30.45","0","49.40","253581.47","SABD0002000012","AAV2.0.0.13","4.0.0.2323","PSt7-10","171027-008","9/15/2022 2:43:31 PM","0000-00","0","no battery","V","","µV","","µV"
"10/14/2022","12:15:58","7","default","171425599","OXY_CH7","18.770","min","204.525","μmol/L","Humid","20.659","deg","94448","µV","27.165","°C","1020.000","hPa","36.0","pmil","0","55.700","deg","20.000","°C","100.000","%a.s.","22.210","deg","20.000","°C","971.000","hPa","0.826","-0.01532","0.000401","-0.00012","0","11.08","Humid","30.45","0","49.40","253570.79","SABD0002000012","AAV2.0.0.13","4.0.0.2323","PSt7-10","171027-008","9/15/2022 2:43:31 PM","0000-00","0","no battery","V","","µV","","µV"
"10/14/2022","12:15:59","7","default","171425599","OXY_CH7","18.786","min","204.579","μmol/L","Humid","20.654","deg","94459","µV","27.171","°C","1020.000","hPa","36.0","pmil","0","55.700","deg","20.000","°C","100.000","%a.s.","22.210","deg","20.000","°C","971.000","hPa","0.826","-0.01532","0.000401","-0.00012","0","11.08","Humid","30.45","0","49.40","253566.06","SABD0002000012","AAV2.0.0.13","4.0.0.2323","PSt7-10","171027-008","9/15/2022 2:43:31 PM","0000-00","0","no battery","V","","µV","","µV"
"10/14/2022","12:16:00","7","default","171425599","OXY_CH7","18.802","min","204.430","μmol/L","Humid","20.658","deg","94450","µV","27.184","°C","1020.000","hPa","36.0","pmil","0","55.700","deg","20.000","°C","100.000","%a.s.","22.210","deg","20.000","°C","971.000","hPa","0.826","-0.01532","0.000401","-0.00012","0","11.08","Humid","30.45","0","49.40","253570.74","SABD0002000012","AAV2.0.0.13","4.0.0.2323","PSt7-10","171027-008","9/15/2022 2:43:31 PM","0000-00","0","no battery","V","","µV","","µV"
"10/14/2022","12:16:01","7","default","171425599","OXY_CH7","18.819","min","204.541","μmol/L","Humid","20.654","deg","94435","µV","27.178","°C","1020.000","hPa","36.0","pmil","0","55.700","deg","20.000","°C","100.000","%a.s.","22.210","deg","20.000","°C","971.000","hPa","0.826","-0.01532","0.000401","-0.00012","0","11.08","Humid","30.45","0","49.40","253571.87","SABD0002000012","AAV2.0.0.13","4.0.0.2323","PSt7-10","171027-008","9/15/2022 2:43:31 PM","0000-00","0","no battery","V","","µV","","µV"
"10/14/2022","12:16:02","7","default","171425599","OXY_CH7","18.836","min","204.598","μmol/L","Humid","20.655","deg","94445","µV","27.165","°C","1020.000","hPa","36.0","pmil","0","55.700","deg","20.000","°C","100.000","%a.s.","22.210","deg","20.000","°C","971.000","hPa","0.826","-0.01532","0.000401","-0.00012","0","11.08","Humid","30.45","0","49.40","253581.14","SABD0002000012","AAV2.0.0.13","4.0.0.2323","PSt7-10","171027-008","9/15/2022 2:43:31 PM","0000-00","0","no battery","V","","µV","","µV"
"10/14/2022","12:16:03","7","default","171425599","OXY_CH7","18.853","min","204.505","μmol/L","Humid","20.656","deg","94433","µV","27.178","°C","1020.000","hPa","36.0","pmil","0","55.700","deg","20.000","°C","100.000","%a.s.","22.210","deg","20.000","°C","971.000","hPa","0.826","-0.01532","0.000401","-0.00012","0","11.08","Humid","30.45","0","49.40","253570.00","SABD0002000012","AAV2.0.0.13","4.0.0.2323","PSt7-10","171027-008","9/15/2022 2:43:31 PM","0000-00","0","no battery","V","","µV","","µV"
"10/14/2022","12:16:04","7","default","171425599","OXY_CH7","18.870","min","204.541","μmol/L","Humid","20.654","deg","94430","µV","27.178","°C","1020.000","hPa","36.0","pmil","0","55.700","deg","20.000","°C","100.000","%a.s.","22.210","deg","20.000","°C","971.000","hPa","0.826","-0.01532","0.000401","-0.00012","0","11.08","Humid","30.45","0","49.40","253585.88","SABD0002000012","AAV2.0.0.13","4.0.0.2323","PSt7-10","171027-008","9/15/2022 2:43:31 PM","0000-00","0","no battery","V","","µV","","µV"
"10/14/2022","12:16:05","7","default","171425599","OXY_CH7","18.886","min","204.671","μmol/L","Humid","20.649","deg","94417","µV","27.171","°C","1020.000","hPa","36.0","pmil","0","55.700","deg","20.000","°C","100.000","%a.s.","22.210","deg","20.000","°C","971.000","hPa","0.826","-0.01532","0.000401","-0.00012","0","11.08","Humid","30.45","0","49.40","253565.49","SABD0002000012","AAV2.0.0.13","4.0.0.2323","PSt7-10","171027-008","9/15/2022 2:43:31 PM","0000-00","0","no battery","V","","µV","","µV"
"10/14/2022","12:16:06","7","default","171425599","OXY_CH7","18.903","min","204.522","μmol/L","Humid","20.653","deg","94413","µV","27.184","°C","1020.000","hPa","36.0","pmil","0","55.700","deg","20.000","°C","100.000","%a.s.","22.210","deg","20.000","°C","971.000","hPa","0.826","-0.01532","0.000401","-0.00012","0","11.08","Humid","30.45","0","49.40","253575.21","SABD0002000012","AAV2.0.0.13","4.0.0.2323","PSt7-10","171027-008","9/15/2022 2:43:31 PM","0000-00","0","no battery","V","","µV","","µV"
"10/14/2022","12:16:07","7","default","171425599","OXY_CH7","18.920","min","204.596","μmol/L","Humid","20.651","deg","94415","µV","27.178","°C","1020.000","hPa","36.0","pmil","0","55.700","deg","20.000","°C","100.000","%a.s.","22.210","deg","20.000","°C","971.000","hPa","0.826","-0.01532","0.000401","-0.00012","0","11.08","Humid","30.45","0","49.40","253574.87","SABD0002000012","AAV2.0.0.13","4.0.0.2323","PSt7-10","171027-008","9/15/2022 2:43:31 PM","0000-00","0","no battery","V","","µV","","µV"
"10/14/2022","12:16:08","7","default","171425599","OXY_CH7","18.936","min","204.577","μmol/L","Humid","20.650","deg","94410","µV","27.184","°C","1020.000","hPa","36.0","pmil","0","55.700","deg","20.000","°C","100.000","%a.s.","22.210","deg","20.000","°C","971.000","hPa","0.826","-0.01532","0.000401","-0.00012","0","11.08","Humid","30.45","0","49.40","253551.81","SABD0002000012","AAV2.0.0.13","4.0.0.2323","PSt7-10","171027-008","9/15/2022 2:43:31 PM","0000-00","0","no battery","V","","µV","","µV"
"10/14/2022","12:16:09","7","default","171425599","OXY_CH7","18.952","min","204.689","μmol/L","Humid","20.648","deg","94410","µV","27.171","°C","1020.000","hPa","36.0","pmil","0","55.700","deg","20.000","°C","100.000","%a.s.","22.210","deg","20.000","°C","971.000","hPa","0.826","-0.01532","0.000401","-0.00012","0","11.08","Humid","30.45","0","49.40","253554.02","SABD0002000012","AAV2.0.0.13","4.0.0.2323","PSt7-10","171027-008","9/15/2022 2:43:31 PM","0000-00","0","no battery","V","","µV","","µV"
"10/14/2022","12:16:10","7","default","171425599","OXY_CH7","18.969","min","204.651","μmol/L","Humid","20.646","deg","94407","µV","27.184","°C","1020.000","hPa","36.0","pmil","0","55.700","deg","20.000","°C","100.000","%a.s.","22.210","deg","20.000","°C","971.000","hPa","0.826","-0.01532","0.000401","-0.00012","0","11.08","Humid","30.45","0","49.40","253560.90","SABD0002000012","AAV2.0.0.13","4.0.0.2323","PSt7-10","171027-008","9/15/2022 2:43:31 PM","0000-00","0","no battery","V","","µV","","µV"
"10/14/2022","12:16:11","7","default","171425599","OXY_CH7","18.986","min","204.671","μmol/L","Humid","20.649","deg","94412","µV","27.171","°C","1020.000","hPa","36.0","pmil","0","55.700","deg","20.000","°C","100.000","%a.s.","22.210","deg","20.000","°C","971.000","hPa","0.826","-0.01532","0.000401","-0.00012","0","11.08","Humid","30.45","0","49.40","253569.83","SABD0002000012","AAV2.0.0.13","4.0.0.2323","PSt7-10","171027-008","9/15/2022 2:43:31 PM","0000-00","0","no battery","V","","µV","","µV"
"10/14/2022","12:16:12","7","default","171425599","OXY_CH7","19.003","min","204.669","μmol/L","Humid","20.645","deg","94400","µV","27.184","°C","1020.000","hPa","36.0","pmil","0","55.700","deg","20.000","°C","100.000","%a.s.","22.210","deg","20.000","°C","971.000","hPa","0.826","-0.01532","0.000401","-0.00012","0","11.08","Humid","30.45","0","49.40","253583.47","SABD0002000012","AAV2.0.0.13","4.0.0.2323","PSt7-10","171027-008","9/15/2022 2:43:31 PM","0000-00","0","no battery","V","","µV","","µV"
"10/14/2022","12:16:13","7","default","171425599","OXY_CH7","19.019","min","204.687","μmol/L","Humid","20.644","deg","94393","µV","27.184","°C","1020.000","hPa","36.0","pmil","0","55.700","deg","20.000","°C","100.000","%a.s.","22.210","deg","20.000","°C","971.000","hPa","0.826","-0.01532","0.000401","-0.00012","0","11.08","Humid","30.45","0","49.40","253577.39","SABD0002000012","AAV2.0.0.13","4.0.0.2323","PSt7-10","171027-008","9/15/2022 2:43:31 PM","0000-00","0","no battery","V","","µV","","µV"
"10/14/2022","12:16:14","7","default","171425599","OXY_CH7","19.036","min","204.670","μmol/L","Humid","20.647","deg","94396","µV","27.178","°C","1020.000","hPa","36.0","pmil","0","55.700","deg","20.000","°C","100.000","%a.s.","22.210","deg","20.000","°C","971.000","hPa","0.826","-0.01532","0.000401","-0.00012","0","11.08","Humid","30.45","0","49.40","253566.31","SABD0002000012","AAV2.0.0.13","4.0.0.2323","PSt7-10","171027-008","9/15/2022 2:43:31 PM","0000-00","0","no battery","V","","µV","","µV"
"10/14/2022","12:16:15","7","default","171425599","OXY_CH7","19.053","min","204.706","μmol/L","Humid","20.643","deg","94385","µV","27.184","°C","1020.000","hPa","36.0","pmil","0","55.700","deg","20.000","°C","100.000","%a.s.","22.210","deg","20.000","°C","971.000","hPa","0.826","-0.01532","0.000401","-0.00012","0","11.08","Humid","30.45","0","49.40","253566.72","SABD0002000012","AAV2.0.0.13","4.0.0.2323","PSt7-10","171027-008","9/15/2022 2:43:31 PM","0000-00","0","no battery","V","","µV","","µV"
"10/14/2022","12:16:16","7","default","171425599","OXY_CH7","19.070","min","204.743","μmol/L","Humid","20.643","deg","94385","µV","27.178","°C","1020.000","hPa","36.0","pmil","0","55.700","deg","20.000","°C","100.000","%a.s.","22.210","deg","20.000","°C","971.000","hPa","0.826","-0.01532","0.000401","-0.00012","0","11.08","Humid","30.45","0","49.40","253570.47","SABD0002000012","AAV2.0.0.13","4.0.0.2323","PSt7-10","171027-008","9/15/2022 2:43:31 PM","0000-00","0","no battery","V","","µV","","µV"
"10/14/2022","12:16:17","7","default","171425599","OXY_CH7","19.086","min","204.761","μmol/L","Humid","20.640","deg","94371","µV","27.184","°C","1020.000","hPa","36.0","pmil","0","55.700","deg","20.000","°C","100.000","%a.s.","22.210","deg","20.000","°C","971.000","hPa","0.826","-0.01532","0.000401","-0.00012","0","11.08","Humid","30.45","0","49.40","253568.75","SABD0002000012","AAV2.0.0.13","4.0.0.2323","PSt7-10","171027-008","9/15/2022 2:43:31 PM","0000-00","0","no battery","V","","µV","","µV"
"10/14/2022","12:16:18","7","default","171425599","OXY_CH7","19.103","min","204.779","μmol/L","Humid","20.639","deg","94369","µV","27.184","°C","1020.000","hPa","36.0","pmil","0","55.700","deg","20.000","°C","100.000","%a.s.","22.210","deg","20.000","°C","971.000","hPa","0.826","-0.01532","0.000401","-0.00012","0","11.08","Humid","30.45","0","49.40","253561.44","SABD0002000012","AAV2.0.0.13","4.0.0.2323","PSt7-10","171027-008","9/15/2022 2:43:31 PM","0000-00","0","no battery","V","","µV","","µV"
"10/14/2022","12:16:19","7","default","171425599","OXY_CH7","19.119","min","204.835","μmol/L","Humid","20.638","deg","94364","µV","27.178","°C","1020.000","hPa","36.0","pmil","0","55.700","deg","20.000","°C","100.000","%a.s.","22.210","deg","20.000","°C","971.000","hPa","0.826","-0.01532","0.000401","-0.00012","0","11.08","Humid","30.45","0","49.40","253567.71","SABD0002000012","AAV2.0.0.13","4.0.0.2323","PSt7-10","171027-008","9/15/2022 2:43:31 PM","0000-00","0","no battery","V","","µV","","µV"
"10/14/2022","12:16:20","7","default","171425599","OXY_CH7","19.136","min","204.835","μmol/L","Humid","20.638","deg","94363","µV","27.178","°C","1020.000","hPa","36.0","pmil","0","55.700","deg","20.000","°C","100.000","%a.s.","22.210","deg","20.000","°C","971.000","hPa","0.826","-0.01532","0.000401","-0.00012","0","11.08","Humid","30.45","0","49.40","253559.49","SABD0002000012","AAV2.0.0.13","4.0.0.2323","PSt7-10","171027-008","9/15/2022 2:43:31 PM","0000-00","0","no battery","V","","µV","","µV"
"10/14/2022","12:16:21","7","default","171425599","OXY_CH7","19.153","min","204.890","μmol/L","Humid","20.635","deg","94358","µV","27.178","°C","1020.000","hPa","36.0","pmil","0","55.700","deg","20.000","°C","100.000","%a.s.","22.210","deg","20.000","°C","971.000","hPa","0.826","-0.01532","0.000401","-0.00012","0","11.08","Humid","30.45","0","49.40","253565.10","SABD0002000012","AAV2.0.0.13","4.0.0.2323","PSt7-10","171027-008","9/15/2022 2:43:31 PM","0000-00","0","no battery","V","","µV","","µV"
"10/14/2022","12:16:22","7","default","171425599","OXY_CH7","19.169","min","204.871","μmol/L","Humid","20.634","deg","94348","µV","27.184","°C","1020.000","hPa","36.0","pmil","0","55.700","deg","20.000","°C","100.000","%a.s.","22.210","deg","20.000","°C","971.000","hPa","0.826","-0.01532","0.000401","-0.00012","0","11.08","Humid","30.45","0","49.40","253559.11","SABD0002000012","AAV2.0.0.13","4.0.0.2323","PSt7-10","171027-008","9/15/2022 2:43:31 PM","0000-00","0","no battery","V","","µV","","µV"
"10/14/2022","12:16:23","7","default","171425599","OXY_CH7","19.186","min","204.909","μmol/L","Humid","20.634","deg","94350","µV","27.178","°C","1020.000","hPa","36.0","pmil","0","55.700","deg","20.000","°C","100.000","%a.s.","22.210","deg","20.000","°C","971.000","hPa","0.826","-0.01532","0.000401","-0.00012","0","11.08","Humid","30.45","0","49.40","253562.33","SABD0002000012","AAV2.0.0.13","4.0.0.2323","PSt7-10","171027-008","9/15/2022 2:43:31 PM","0000-00","0","no battery","V","","µV","","µV"
"10/14/2022","12:16:24","7","default","171425599","OXY_CH7","19.203","min","205.002","μmol/L","Humid","20.631","deg","94349","µV","27.171","°C","1020.000","hPa","36.0","pmil","0","55.700","deg","20.000","°C","100.000","%a.s.","22.210","deg","20.000","°C","971.000","hPa","0.826","-0.01532","0.000401","-0.00012","0","11.08","Humid","30.45","0","49.40","253571.73","SABD0002000012","AAV2.0.0.13","4.0.0.2323","PSt7-10","171027-008","9/15/2022 2:43:31 PM","0000-00","0","no battery","V","","µV","","µV"
"10/14/2022","12:16:25","7","default","171425599","OXY_CH7","19.220","min","204.964","μmol/L","Humid","20.631","deg","94335","µV","27.178","°C","1020.000","hPa","36.0","pmil","0","55.700","deg","20.000","°C","100.000","%a.s.","22.210","deg","20.000","°C","971.000","hPa","0.826","-0.01532","0.000401","-0.00012","0","11.08","Humid","30.45","0","49.40","253561.41","SABD0002000012","AAV2.0.0.13","4.0.0.2323","PSt7-10","171027-008","9/15/2022 2:43:31 PM","0000-00","0","no battery","V","","µV","","µV"
"10/14/2022","12:16:26","7","default","171425599","OXY_CH7","19.236","min","205.020","μmol/L","Humid","20.630","deg","94328","µV","27.171","°C","1020.000","hPa","36.0","pmil","0","55.700","deg","20.000","°C","100.000","%a.s.","22.210","deg","20.000","°C","971.000","hPa","0.826","-0.01532","0.000401","-0.00012","0","11.08","Humid","30.45","0","49.40","253555.89","SABD0002000012","AAV2.0.0.13","4.0.0.2323","PSt7-10","171027-008","9/15/2022 2:43:31 PM","0000-00","0","no battery","V","","µV","","µV"
"10/14/2022","12:16:27","7","default","171425599","OXY_CH7","19.253","min","204.982","μmol/L","Humid","20.630","deg","94328","µV","27.178","°C","1020.000","hPa","36.0","pmil","0","55.700","deg","20.000","°C","100.000","%a.s.","22.210","deg","20.000","°C","971.000","hPa","0.826","-0.01532","0.000401","-0.00012","0","11.08","Humid","30.45","0","49.40","253563.63","SABD0002000012","AAV2.0.0.13","4.0.0.2323","PSt7-10","171027-008","9/15/2022 2:43:31 PM","0000-00","0","no battery","V","","µV","","µV"
"10/14/2022","12:16:28","7","default","171425599","OXY_CH7","19.269","min","205.038","μmol/L","Humid","20.627","deg","94324","µV","27.178","°C","1020.000","hPa","36.0","pmil","0","55.700","deg","20.000","°C","100.000","%a.s.","22.210","deg","20.000","°C","971.000","hPa","0.826","-0.01532","0.000401","-0.00012","0","11.08","Humid","30.45","0","49.40","253554.17","SABD0002000012","AAV2.0.0.13","4.0.0.2323","PSt7-10","171027-008","9/15/2022 2:43:31 PM","0000-00","0","no battery","V","","µV","","µV"
"10/14/2022","12:16:29","7","default","171425599","OXY_CH7","19.286","min","205.019","μmol/L","Humid","20.628","deg","94332","µV","27.178","°C","1020.000","hPa","36.0","pmil","0","55.700","deg","20.000","°C","100.000","%a.s.","22.210","deg","20.000","°C","971.000","hPa","0.826","-0.01532","0.000401","-0.00012","0","11.08","Humid","30.45","0","49.40","253552.24","SABD0002000012","AAV2.0.0.13","4.0.0.2323","PSt7-10","171027-008","9/15/2022 2:43:31 PM","0000-00","0","no battery","V","","µV","","µV"
"10/14/2022","12:16:30","7","default","171425599","OXY_CH7","19.303","min","205.038","μmol/L","Humid","20.627","deg","94323","µV","27.178","°C","1020.000","hPa","36.0","pmil","0","55.700","deg","20.000","°C","100.000","%a.s.","22.210","deg","20.000","°C","971.000","hPa","0.826","-0.01532","0.000401","-0.00012","0","11.08","Humid","30.45","0","49.40","253555.29","SABD0002000012","AAV2.0.0.13","4.0.0.2323","PSt7-10","171027-008","9/15/2022 2:43:31 PM","0000-00","0","no battery","V","","µV","","µV"
"10/14/2022","12:16:31","7","default","171425599","OXY_CH7","19.319","min","205.092","μmol/L","Humid","20.622","deg","94311","µV","27.184","°C","1020.000","hPa","36.0","pmil","0","55.700","deg","20.000","°C","100.000","%a.s.","22.210","deg","20.000","°C","971.000","hPa","0.826","-0.01532","0.000401","-0.00012","0","11.08","Humid","30.45","0","49.40","253543.63","SABD0002000012","AAV2.0.0.13","4.0.0.2323","PSt7-10","171027-008","9/15/2022 2:43:31 PM","0000-00","0","no battery","V","","µV","","µV"
"10/14/2022","12:16:32","7","default","171425599","OXY_CH7","19.336","min","205.110","μmol/L","Humid","20.621","deg","94301","µV","27.184","°C","1020.000","hPa","36.0","pmil","0","55.700","deg","20.000","°C","100.000","%a.s.","22.210","deg","20.000","°C","971.000","hPa","0.826","-0.01532","0.000401","-0.00012","0","11.08","Humid","30.45","0","49.40","253550.76","SABD0002000012","AAV2.0.0.13","4.0.0.2323","PSt7-10","171027-008","9/15/2022 2:43:31 PM","0000-00","0","no battery","V","","µV","","µV"
"10/14/2022","12:16:33","7","default","171425599","OXY_CH7","19.353","min","205.185","μmol/L","Humid","20.619","deg","94304","µV","27.178","°C","1020.000","hPa","36.0","pmil","0","55.700","deg","20.000","°C","100.000","%a.s.","22.210","deg","20.000","°C","971.000","hPa","0.826","-0.01532","0.000401","-0.00012","0","11.08","Humid","30.45","0","49.40","253540.59","SABD0002000012","AAV2.0.0.13","4.0.0.2323","PSt7-10","171027-008","9/15/2022 2:43:31 PM","0000-00","0","no battery","V","","µV","","µV"
"10/14/2022","12:16:34","7","default","171425599","OXY_CH7","19.370","min","205.074","μmol/L","Humid","20.623","deg","94302","µV","27.184","°C","1020.000","hPa","36.0","pmil","0","55.700","deg","20.000","°C","100.000","%a.s.","22.210","deg","20.000","°C","971.000","hPa","0.826","-0.01532","0.000401","-0.00012","0","11.08","Humid","30.45","0","49.40","253547.82","SABD0002000012","AAV2.0.0.13","4.0.0.2323","PSt7-10","171027-008","9/15/2022 2:43:31 PM","0000-00","0","no battery","V","","µV","","µV"
"10/14/2022","12:16:35","7","default","171425599","OXY_CH7","19.386","min","205.166","μmol/L","Humid","20.618","deg","94295","µV","27.184","°C","1020.000","hPa","36.0","pmil","0","55.700","deg","20.000","°C","100.000","%a.s.","22.210","deg","20.000","°C","971.000","hPa","0.826","-0.01532","0.000401","-0.00012","0","11.08","Humid","30.45","0","49.40","253548.52","SABD0002000012","AAV2.0.0.13","4.0.0.2323","PSt7-10","171027-008","9/15/2022 2:43:31 PM","0000-00","0","no battery","V","","µV","","µV"
"10/14/2022","12:16:36","7","default","171425599","OXY_CH7","19.402","min","205.166","μmol/L","Humid","20.618","deg","94287","µV","27.184","°C","1020.000","hPa","36.0","pmil","0","55.700","deg","20.000","°C","100.000","%a.s.","22.210","deg","20.000","°C","971.000","hPa","0.826","-0.01532","0.000401","-0.00012","0","11.08","Humid","30.45","0","49.40","253545.00","SABD0002000012","AAV2.0.0.13","4.0.0.2323","PSt7-10","171027-008","9/15/2022 2:43:31 PM","0000-00","0","no battery","V","","µV","","µV"
"10/14/2022","12:16:37","7","default","171425599","OXY_CH7","19.419","min","205.184","μmol/L","Humid","20.617","deg","94283","µV","27.184","°C","1020.000","hPa","36.0","pmil","0","55.700","deg","20.000","°C","100.000","%a.s.","22.210","deg","20.000","°C","971.000","hPa","0.826","-0.01532","0.000401","-0.00012","0","11.08","Humid","30.45","0","49.40","253542.70","SABD0002000012","AAV2.0.0.13","4.0.0.2323","PSt7-10","171027-008","9/15/2022 2:43:31 PM","0000-00","0","no battery","V","","µV","","µV"
"10/14/2022","12:16:38","7","default","171425599","OXY_CH7","19.436","min","205.184","μmol/L","Humid","20.617","deg","94283","µV","27.184","°C","1020.000","hPa","36.0","pmil","0","55.700","deg","20.000","°C","100.000","%a.s.","22.210","deg","20.000","°C","971.000","hPa","0.826","-0.01532","0.000401","-0.00012","0","11.08","Humid","30.45","0","49.40","253550.40","SABD0002000012","AAV2.0.0.13","4.0.0.2323","PSt7-10","171027-008","9/15/2022 2:43:31 PM","0000-00","0","no battery","V","","µV","","µV"
"10/14/2022","12:16:39","7","default","171425599","OXY_CH7","19.453","min","205.240","μmol/L","Humid","20.616","deg","94280","µV","27.178","°C","1020.000","hPa","36.0","pmil","0","55.700","deg","20.000","°C","100.000","%a.s.","22.210","deg","20.000","°C","971.000","hPa","0.826","-0.01532","0.000401","-0.00012","0","11.08","Humid","30.45","0","49.40","253546.33","SABD0002000012","AAV2.0.0.13","4.0.0.2323","PSt7-10","171027-008","9/15/2022 2:43:31 PM","0000-00","0","no battery","V","","µV","","µV"
"10/14/2022","12:16:40","7","default","171425599","OXY_CH7","19.470","min","205.239","μmol/L","Humid","20.614","deg","94282","µV","27.184","°C","1020.000","hPa","36.0","pmil","0","55.700","deg","20.000","°C","100.000","%a.s.","22.210","deg","20.000","°C","971.000","hPa","0.826","-0.01532","0.000401","-0.00012","0","11.08","Humid","30.45","0","49.40","253549.61","SABD0002000012","AAV2.0.0.13","4.0.0.2323","PSt7-10","171027-008","9/15/2022 2:43:31 PM","0000-00","0","no battery","V","","µV","","µV"
"10/14/2022","12:16:41","7","default","171425599","OXY_CH7","19.486","min","205.314","μmol/L","Humid","20.612","deg","94269","µV","27.178","°C","1020.000","hPa","36.0","pmil","0","55.700","deg","20.000","°C","100.000","%a.s.","22.210","deg","20.000","°C","971.000","hPa","0.826","-0.01532","0.000401","-0.00012","0","11.08","Humid","30.45","0","49.40","253539.01","SABD0002000012","AAV2.0.0.13","4.0.0.2323","PSt7-10","171027-008","9/15/2022 2:43:31 PM","0000-00","0","no battery","V","","µV","","µV"
"10/14/2022","12:16:42","7","default","171425599","OXY_CH7","19.503","min","205.239","μmol/L","Humid","20.614","deg","94266","µV","27.184","°C","1020.000","hPa","36.0","pmil","0","55.700","deg","20.000","°C","100.000","%a.s.","22.210","deg","20.000","°C","971.000","hPa","0.826","-0.01532","0.000401","-0.00012","0","11.08","Humid","30.45","0","49.40","253540.17","SABD0002000012","AAV2.0.0.13","4.0.0.2323","PSt7-10","171027-008","9/15/2022 2:43:31 PM","0000-00","0","no battery","V","","µV","","µV"
"10/14/2022","12:16:43","7","default","171425599","OXY_CH7","19.520","min","205.239","μmol/L","Humid","20.614","deg","94256","µV","27.184","°C","1020.000","hPa","36.0","pmil","0","55.700","deg","20.000","°C","100.000","%a.s.","22.210","deg","20.000","°C","971.000","hPa","0.826","-0.01532","0.000401","-0.00012","0","11.08","Humid","30.45","0","49.40","253540.78","SABD0002000012","AAV2.0.0.13","4.0.0.2323","PSt7-10","171027-008","9/15/2022 2:43:31 PM","0000-00","0","no battery","V","","µV","","µV"
"10/14/2022","12:16:44","7","default","171425599","OXY_CH7","19.536","min","205.258","μmol/L","Humid","20.613","deg","94260","µV","27.184","°C","1020.000","hPa","36.0","pmil","0","55.700","deg","20.000","°C","100.000","%a.s.","22.210","deg","20.000","°C","971.000","hPa","0.826","-0.01532","0.000401","-0.00012","0","11.08","Humid","30.45","0","49.40","253541.74","SABD0002000012","AAV2.0.0.13","4.0.0.2323","PSt7-10","171027-008","9/15/2022 2:43:31 PM","0000-00","0","no battery","V","","µV","","µV"
"10/14/2022","12:16:45","7","default","171425599","OXY_CH7","19.552","min","205.332","μmol/L","Humid","20.609","deg","94255","µV","27.184","°C","1020.000","hPa","36.0","pmil","0","55.700","deg","20.000","°C","100.000","%a.s.","22.210","deg","20.000","°C","971.000","hPa","0.826","-0.01532","0.000401","-0.00012","0","11.08","Humid","30.45","0","49.40","253542.32","SABD0002000012","AAV2.0.0.13","4.0.0.2323","PSt7-10","171027-008","9/15/2022 2:43:31 PM","0000-00","0","no battery","V","","µV","","µV"
"10/14/2022","12:16:46","7","default","171425599","OXY_CH7","19.569","min","205.350","μmol/L","Humid","20.608","deg","94252","µV","27.184","°C","1020.000","hPa","36.0","pmil","0","55.700","deg","20.000","°C","100.000","%a.s.","22.210","deg","20.000","°C","971.000","hPa","0.826","-0.01532","0.000401","-0.00012","0","11.08","Humid","30.45","0","49.40","253550.04","SABD0002000012","AAV2.0.0.13","4.0.0.2323","PSt7-10","171027-008","9/15/2022 2:43:31 PM","0000-00","0","no battery","V","","µV","","µV"
"10/14/2022","12:16:47","7","default","171425599","OXY_CH7","19.586","min","205.332","μmol/L","Humid","20.611","deg","94242","µV","27.178","°C","1020.000","hPa","36.0","pmil","0","55.700","deg","20.000","°C","100.000","%a.s.","22.210","deg","20.000","°C","971.000","hPa","0.826","-0.01532","0.000401","-0.00012","0","11.08","Humid","30.45","0","49.40","253540.23","SABD0002000012","AAV2.0.0.13","4.0.0.2323","PSt7-10","171027-008","9/15/2022 2:43:31 PM","0000-00","0","no battery","V","","µV","","µV"
"10/14/2022","12:16:48","7","default","171425599","OXY_CH7","19.603","min","205.332","μmol/L","Humid","20.609","deg","94245","µV","27.184","°C","1020.000","hPa","36.0","pmil","0","55.700","deg","20.000","°C","100.000","%a.s.","22.210","deg","20.000","°C","971.000","hPa","0.826","-0.01532","0.000401","-0.00012","0","11.08","Humid","30.45","0","49.40","253554.52","SABD0002000012","AAV2.0.0.13","4.0.0.2323","PSt7-10","171027-008","9/15/2022 2:43:31 PM","0000-00","0","no battery","V","","µV","","µV"
"10/14/2022","12:16:49","7","default","171425599","OXY_CH7","19.620","min","205.312","μmol/L","Humid","20.608","deg","94237","µV","27.190","°C","1020.000","hPa","36.0","pmil","0","55.700","deg","20.000","°C","100.000","%a.s.","22.210","deg","20.000","°C","971.000","hPa","0.826","-0.01532","0.000401","-0.00012","0","11.08","Humid","30.45","0","49.40","253537.36","SABD0002000012","AAV2.0.0.13","4.0.0.2323","PSt7-10","171027-008","9/15/2022 2:43:31 PM","0000-00","0","no battery","V","","µV","","µV"
"10/14/2022","12:16:50","7","default","171425599","OXY_CH7","19.636","min","205.387","μmol/L","Humid","20.606","deg","94232","µV","27.184","°C","1020.000","hPa","36.0","pmil","0","55.700","deg","20.000","°C","100.000","%a.s.","22.210","deg","20.000","°C","971.000","hPa","0.826","-0.01532","0.000401","-0.00012","0","11.08","Humid","30.45","0","49.40","253538.66","SABD0002000012","AAV2.0.0.13","4.0.0.2323","PSt7-10","171027-008","9/15/2022 2:43:31 PM","0000-00","0","no battery","V","","µV","","µV"
"10/14/2022","12:16:51","7","default","171425599","OXY_CH7","19.653","min","205.423","μmol/L","Humid","20.602","deg","94232","µV","27.190","°C","1020.000","hPa","36.0","pmil","0","55.700","deg","20.000","°C","100.000","%a.s.","22.210","deg","20.000","°C","971.000","hPa","0.826","-0.01532","0.000401","-0.00012","0","11.08","Humid","30.45","0","49.40","253531.40","SABD0002000012","AAV2.0.0.13","4.0.0.2323","PSt7-10","171027-008","9/15/2022 2:43:31 PM","0000-00","0","no battery","V","","µV","","µV"
"10/14/2022","12:16:52","7","default","171425599","OXY_CH7","19.670","min","205.424","μmol/L","Humid","20.604","deg","94215","µV","27.184","°C","1020.000","hPa","36.0","pmil","0","55.700","deg","20.000","°C","100.000","%a.s.","22.210","deg","20.000","°C","971.000","hPa","0.826","-0.01532","0.000401","-0.00012","0","11.08","Humid","30.45","0","49.40","253534.27","SABD0002000012","AAV2.0.0.13","4.0.0.2323","PSt7-10","171027-008","9/15/2022 2:43:31 PM","0000-00","0","no battery","V","","µV","","µV"
"10/14/2022","12:16:53","7","default","171425599","OXY_CH7","19.686","min","205.461","μmol/L","Humid","20.602","deg","94223","µV","27.184","°C","1020.000","hPa","36.0","pmil","0","55.700","deg","20.000","°C","100.000","%a.s.","22.210","deg","20.000","°C","971.000","hPa","0.826","-0.01532","0.000401","-0.00012","0","11.08","Humid","30.45","0","49.40","253532.39","SABD0002000012","AAV2.0.0.13","4.0.0.2323","PSt7-10","171027-008","9/15/2022 2:43:31 PM","0000-00","0","no battery","V","","µV","","µV"
"10/14/2022","12:16:54","7","default","171425599","OXY_CH7","19.702","min","205.441","μmol/L","Humid","20.601","deg","94215","µV","27.190","°C","1020.000","hPa","36.0","pmil","0","55.700","deg","20.000","°C","100.000","%a.s.","22.210","deg","20.000","°C","971.000","hPa","0.826","-0.01532","0.000401","-0.00012","0","11.08","Humid","30.45","0","49.40","253534.64","SABD0002000012","AAV2.0.0.13","4.0.0.2323","PSt7-10","171027-008","9/15/2022 2:43:31 PM","0000-00","0","no battery","V","","µV","","µV"
"10/14/2022","12:16:55","7","default","171425599","OXY_CH7","19.719","min","205.441","μmol/L","Humid","20.601","deg","94215","µV","27.190","°C","1020.000","hPa","36.0","pmil","0","55.700","deg","20.000","°C","100.000","%a.s.","22.210","deg","20.000","°C","971.000","hPa","0.826","-0.01532","0.000401","-0.00012","0","11.08","Humid","30.45","0","49.40","253534.17","SABD0002000012","AAV2.0.0.13","4.0.0.2323","PSt7-10","171027-008","9/15/2022 2:43:31 PM","0000-00","0","no battery","V","","µV","","µV"
"10/14/2022","12:16:56","7","default","171425599","OXY_CH7","19.736","min","205.498","μmol/L","Humid","20.600","deg","94199","µV","27.184","°C","1020.000","hPa","36.0","pmil","0","55.700","deg","20.000","°C","100.000","%a.s.","22.210","deg","20.000","°C","971.000","hPa","0.826","-0.01532","0.000401","-0.00012","0","11.08","Humid","30.45","0","49.40","253539.02","SABD0002000012","AAV2.0.0.13","4.0.0.2323","PSt7-10","171027-008","9/15/2022 2:43:31 PM","0000-00","0","no battery","V","","µV","","µV"
"10/14/2022","12:16:57","7","default","171425599","OXY_CH7","19.753","min","205.553","μmol/L","Humid","20.597","deg","94201","µV","27.184","°C","1020.000","hPa","36.0","pmil","0","55.700","deg","20.000","°C","100.000","%a.s.","22.210","deg","20.000","°C","971.000","hPa","0.826","-0.01532","0.000401","-0.00012","0","11.08","Humid","30.45","0","49.40","253535.09","SABD0002000012","AAV2.0.0.13","4.0.0.2323","PSt7-10","171027-008","9/15/2022 2:43:31 PM","0000-00","0","no battery","V","","µV","","µV"
"10/14/2022","12:16:58","7","default","171425599","OXY_CH7","19.769","min","205.554","μmol/L","Humid","20.599","deg","94192","µV","27.178","°C","1020.000","hPa","36.0","pmil","0","55.700","deg","20.000","°C","100.000","%a.s.","22.210","deg","20.000","°C","971.000","hPa","0.826","-0.01532","0.000401","-0.00012","0","11.08","Humid","30.45","0","49.40","253521.97","SABD0002000012","AAV2.0.0.13","4.0.0.2323","PSt7-10","171027-008","9/15/2022 2:43:31 PM","0000-00","0","no battery","V","","µV","","µV"
"10/14/2022","12:16:59","7","default","171425599","OXY_CH7","19.786","min","205.553","μmol/L","Humid","20.597","deg","94196","µV","27.184","°C","1020.000","hPa","36.0","pmil","0","55.700","deg","20.000","°C","100.000","%a.s.","22.210","deg","20.000","°C","971.000","hPa","0.826","-0.01532","0.000401","-0.00012","0","11.08","Humid","30.45","0","49.40","253529.50","SABD0002000012","AAV2.0.0.13","4.0.0.2323","PSt7-10","171027-008","9/15/2022 2:43:31 PM","0000-00","0","no battery","V","","µV","","µV"
"10/14/2022","12:17:00","7","default","171425599","OXY_CH7","19.803","min","205.553","μmol/L","Humid","20.597","deg","94198","µV","27.184","°C","1020.000","hPa","36.0","pmil","0","55.700","deg","20.000","°C","100.000","%a.s.","22.210","deg","20.000","°C","971.000","hPa","0.826","-0.01532","0.000401","-0.00012","0","11.08","Humid","30.45","0","49.40","253524.46","SABD0002000012","AAV2.0.0.13","4.0.0.2323","PSt7-10","171027-008","9/15/2022 2:43:31 PM","0000-00","0","no battery","V","","µV","","µV"
"10/14/2022","12:17:01","7","default","171425599","OXY_CH7","19.820","min","205.571","μmol/L","Humid","20.596","deg","94187","µV","27.184","°C","1020.000","hPa","36.0","pmil","0","55.700","deg","20.000","°C","100.000","%a.s.","22.210","deg","20.000","°C","971.000","hPa","0.826","-0.01532","0.000401","-0.00012","0","11.08","Humid","30.45","0","49.40","253528.22","SABD0002000012","AAV2.0.0.13","4.0.0.2323","PSt7-10","171027-008","9/15/2022 2:43:31 PM","0000-00","0","no battery","V","","µV","","µV"
"10/14/2022","12:17:02","7","default","171425599","OXY_CH7","19.836","min","205.628","μmol/L","Humid","20.595","deg","94184","µV","27.178","°C","1020.000","hPa","36.0","pmil","0","55.700","deg","20.000","°C","100.000","%a.s.","22.210","deg","20.000","°C","971.000","hPa","0.826","-0.01532","0.000401","-0.00012","0","11.08","Humid","30.45","0","49.40","253525.37","SABD0002000012","AAV2.0.0.13","4.0.0.2323","PSt7-10","171027-008","9/15/2022 2:43:31 PM","0000-00","0","no battery","V","","µV","","µV"
"10/14/2022","12:17:03","7","default","171425599","OXY_CH7","19.852","min","205.682","μmol/L","Humid","20.590","deg","94191","µV","27.184","°C","1020.000","hPa","36.0","pmil","0","55.700","deg","20.000","°C","100.000","%a.s.","22.210","deg","20.000","°C","971.000","hPa","0.826","-0.01532","0.000401","-0.00012","0","11.08","Humid","30.45","0","49.40","253524.52","SABD0002000012","AAV2.0.0.13","4.0.0.2323","PSt7-10","171027-008","9/15/2022 2:43:31 PM","0000-00","0","no battery","V","","µV","","µV"
"10/14/2022","12:17:04","7","default","171425599","OXY_CH7","19.869","min","205.664","μmol/L","Humid","20.591","deg","94190","µV","27.184","°C","1020.000","hPa","36.0","pmil","0","55.700","deg","20.000","°C","100.000","%a.s.","22.210","deg","20.000","°C","971.000","hPa","0.826","-0.01532","0.000401","-0.00012","0","11.08","Humid","30.45","0","49.40","253520.23","SABD0002000012","AAV2.0.0.13","4.0.0.2323","PSt7-10","171027-008","9/15/2022 2:43:31 PM","0000-00","0","no battery","V","","µV","","µV"
"10/14/2022","12:17:05","7","default","171425599","OXY_CH7","19.886","min","205.701","μmol/L","Humid","20.589","deg","94196","µV","27.184","°C","1020.000","hPa","36.0","pmil","0","55.700","deg","20.000","°C","100.000","%a.s.","22.210","deg","20.000","°C","971.000","hPa","0.826","-0.01532","0.000401","-0.00012","0","11.08","Humid","30.45","0","49.40","253516.09","SABD0002000012","AAV2.0.0.13","4.0.0.2323","PSt7-10","171027-008","9/15/2022 2:43:31 PM","0000-00","0","no battery","V","","µV","","µV"
"10/14/2022","12:17:06","7","default","171425599","OXY_CH7","19.903","min","205.682","μmol/L","Humid","20.590","deg","94181","µV","27.184","°C","1020.000","hPa","36.0","pmil","0","55.700","deg","20.000","°C","100.000","%a.s.","22.210","deg","20.000","°C","971.000","hPa","0.826","-0.01532","0.000401","-0.00012","0","11.08","Humid","30.45","0","49.40","253531.36","SABD0002000012","AAV2.0.0.13","4.0.0.2323","PSt7-10","171027-008","9/15/2022 2:43:31 PM","0000-00","0","no battery","V","","µV","","µV"
"10/14/2022","12:17:07","7","default","171425599","OXY_CH7","19.920","min","205.776","μmol/L","Humid","20.589","deg","94172","µV","27.171","°C","1020.000","hPa","36.0","pmil","0","55.700","deg","20.000","°C","100.000","%a.s.","22.210","deg","20.000","°C","971.000","hPa","0.826","-0.01532","0.000401","-0.00012","0","11.08","Humid","30.45","0","49.40","253525.18","SABD0002000012","AAV2.0.0.13","4.0.0.2323","PSt7-10","171027-008","9/15/2022 2:43:31 PM","0000-00","0","no battery","V","","µV","","µV"
"10/14/2022","12:17:08","7","default","171425599","OXY_CH7","19.936","min","205.719","μmol/L","Humid","20.588","deg","94173","µV","27.184","°C","1020.000","hPa","36.0","pmil","0","55.700","deg","20.000","°C","100.000","%a.s.","22.210","deg","20.000","°C","971.000","hPa","0.826","-0.01532","0.000401","-0.00012","0","11.08","Humid","30.45","0","49.40","253515.21","SABD0002000012","AAV2.0.0.13","4.0.0.2323","PSt7-10","171027-008","9/15/2022 2:43:31 PM","0000-00","0","no battery","V","","µV","","µV"
"10/14/2022","12:17:09","7","default","171425599","OXY_CH7","19.953","min","205.700","μmol/L","Humid","20.587","deg","94173","µV","27.190","°C","1020.000","hPa","36.0","pmil","0","55.700","deg","20.000","°C","100.000","%a.s.","22.210","deg","20.000","°C","971.000","hPa","0.826","-0.01532","0.000401","-0.00012","0","11.08","Humid","30.45","0","49.40","253512.72","SABD0002000012","AAV2.0.0.13","4.0.0.2323","PSt7-10","171027-008","9/15/2022 2:43:31 PM","0000-00","0","no battery","V","","µV","","µV"
"10/14/2022","12:17:10","7","default","171425599","OXY_CH7","19.970","min","205.775","μmol/L","Humid","20.585","deg","94164","µV","27.184","°C","1020.000","hPa","36.0","pmil","0","55.700","deg","20.000","°C","100.000","%a.s.","22.210","deg","20.000","°C","971.000","hPa","0.826","-0.01532","0.000401","-0.00012","0","11.08","Humid","30.45","0","49.40","253508.49","SABD0002000012","AAV2.0.0.13","4.0.0.2323","PSt7-10","171027-008","9/15/2022 2:43:31 PM","0000-00","0","no battery","V","","µV","","µV"
"10/14/2022","12:17:11","7","default","171425599","OXY_CH7","19.986","min","205.756","μmol/L","Humid","20.586","deg","94169","µV","27.184","°C","1020.000","hPa","36.0","pmil","0","55.700","deg","20.000","°C","100.000","%a.s.","22.210","deg","20.000","°C","971.000","hPa","0.826","-0.01532","0.000401","-0.00012","0","11.08","Humid","30.45","0","49.40","253522.31","SABD0002000012","AAV2.0.0.13","4.0.0.2323","PSt7-10","171027-008","9/15/2022 2:43:31 PM","0000-00","0","no battery","V","","µV","","µV"
"10/14/2022","12:17:12","7","default","171425599","OXY_CH7","20.002","min","205.756","μmol/L","Humid","20.586","deg","94158","µV","27.184","°C","1020.000","hPa","36.0","pmil","0","55.700","deg","20.000","°C","100.000","%a.s.","22.210","deg","20.000","°C","971.000","hPa","0.826","-0.01532","0.000401","-0.00012","0","11.08","Humid","30.45","0","49.40","253522.84","SABD0002000012","AAV2.0.0.13","4.0.0.2323","PSt7-10","171027-008","9/15/2022 2:43:31 PM","0000-00","0","no battery","V","","µV","","µV"
"10/14/2022","12:17:13","7","default","171425599","OXY_CH7","20.019","min","205.850","μmol/L","Humid","20.583","deg","94154","µV","27.178","°C","1020.000","hPa","36.0","pmil","0","55.700","deg","20.000","°C","100.000","%a.s.","22.210","deg","20.000","°C","971.000","hPa","0.826","-0.01532","0.000401","-0.00012","0","11.08","Humid","30.45","0","49.40","253522.39","SABD0002000012","AAV2.0.0.13","4.0.0.2323","PSt7-10","171027-008","9/15/2022 2:43:31 PM","0000-00","0","no battery","V","","µV","","µV"
"10/14/2022","12:21:10","7","default","171425599","OXY_CH7","23.974","min","206.925","μmol/L","Humid","20.523","deg","93441","µV","27.184","°C","1020.000","hPa","36.0","pmil","0","55.700","deg","20.000","°C","100.000","%a.s.","22.210","deg","20.000","°C","971.000","hPa","0.826","-0.01532","0.000401","-0.00012","0","11.08","Humid","30.45","0","49.40","253848.69","SABD0002000012","AAV2.0.0.13","4.0.0.2323","PSt7-10","171027-008","9/15/2022 2:43:31 PM","0000-00","0","no battery","V","","µV","","µV"
"10/14/2022","12:21:11","7","default","171425599","OXY_CH7","23.986","min","206.962","μmol/L","Humid","20.521","deg","93409","µV","27.184","°C","1020.000","hPa","36.0","pmil","0","55.700","deg","20.000","°C","100.000","%a.s.","22.210","deg","20.000","°C","971.000","hPa","0.826","-0.01532","0.000401","-0.00012","0","11.08","Humid","30.45","0","49.40","253793.58","SABD0002000012","AAV2.0.0.13","4.0.0.2323","PSt7-10","171027-008","9/15/2022 2:43:31 PM","0000-00","0","no battery","V","","µV","","µV"
"10/14/2022","12:21:12","7","default","171425599","OXY_CH7","24.003","min","206.963","μmol/L","Humid","20.523","deg","93390","µV","27.178","°C","1020.000","hPa","36.0","pmil","0","55.700","deg","20.000","°C","100.000","%a.s.","22.210","deg","20.000","°C","971.000","hPa","0.826","-0.01532","0.000401","-0.00012","0","11.08","Humid","30.45","0","49.40","253776.65","SABD0002000012","AAV2.0.0.13","4.0.0.2323","PSt7-10","171027-008","9/15/2022 2:43:31 PM","0000-00","0","no battery","V","","µV","","µV"
"10/14/2022","12:21:13","7","default","171425599","OXY_CH7","24.020","min","207.020","μmol/L","Humid","20.522","deg","93389","µV","27.171","°C","1020.000","hPa","36.0","pmil","0","55.700","deg","20.000","°C","100.000","%a.s.","22.210","deg","20.000","°C","971.000","hPa","0.826","-0.01532","0.000401","-0.00012","0","11.08","Humid","30.45","0","49.40","253768.61","SABD0002000012","AAV2.0.0.13","4.0.0.2323","PSt7-10","171027-008","9/15/2022 2:43:31 PM","0000-00","0","no battery","V","","µV","","µV"
"10/14/2022","12:21:14","7","default","171425599","OXY_CH7","24.036","min","207.000","μmol/L","Humid","20.521","deg","93383","µV","27.178","°C","1020.000","hPa","36.0","pmil","0","55.700","deg","20.000","°C","100.000","%a.s.","22.210","deg","20.000","°C","971.000","hPa","0.826","-0.01532","0.000401","-0.00012","0","11.08","Humid","30.45","0","49.40","253765.95","SABD0002000012","AAV2.0.0.13","4.0.0.2323","PSt7-10","171027-008","9/15/2022 2:43:31 PM","0000-00","0","no battery","V","","µV","","µV"
"10/14/2022","12:21:15","7","default","171425599","OXY_CH7","24.053","min","206.945","μmol/L","Humid","20.524","deg","93373","µV","27.178","°C","1020.000","hPa","36.0","pmil","0","55.700","deg","20.000","°C","100.000","%a.s.","22.210","deg","20.000","°C","971.000","hPa","0.826","-0.01532","0.000401","-0.00012","0","11.08","Humid","30.45","0","49.40","253752.11","SABD0002000012","AAV2.0.0.13","4.0.0.2323","PSt7-10","171027-008","9/15/2022 2:43:31 PM","0000-00","0","no battery","V","","µV","","µV"
"10/14/2022","12:21:16","7","default","171425599","OXY_CH7","24.069","min","206.963","μmol/L","Humid","20.523","deg","93364","µV","27.178","°C","1020.000","hPa","36.0","pmil","0","55.700","deg","20.000","°C","100.000","%a.s.","22.210","deg","20.000","°C","971.000","hPa","0.826","-0.01532","0.000401","-0.00012","0","11.08","Humid","30.45","0","49.40","253748.72","SABD0002000012","AAV2.0.0.13","4.0.0.2323","PSt7-10","171027-008","9/15/2022 2:43:31 PM","0000-00","0","no battery","V","","µV","","µV"
"10/14/2022","12:21:17","7","default","171425599","OXY_CH7","24.086","min","206.926","μmol/L","Humid","20.525","deg","93359","µV","27.178","°C","1020.000","hPa","36.0","pmil","0","55.700","deg","20.000","°C","100.000","%a.s.","22.210","deg","20.000","°C","971.000","hPa","0.826","-0.01532","0.000401","-0.00012","0","11.08","Humid","30.45","0","49.40","253745.65","SABD0002000012","AAV2.0.0.13","4.0.0.2323","PSt7-10","171027-008","9/15/2022 2:43:31 PM","0000-00","0","no battery","V","","µV","","µV"
"10/14/2022","12:21:18","7","default","171425599","OXY_CH7","24.103","min","206.963","μmol/L","Humid","20.523","deg","93359","µV","27.178","°C","1020.000","hPa","36.0","pmil","0","55.700","deg","20.000","°C","100.000","%a.s.","22.210","deg","20.000","°C","971.000","hPa","0.826","-0.01532","0.000401","-0.00012","0","11.08","Humid","30.45","0","49.40","253740.22","SABD0002000012","AAV2.0.0.13","4.0.0.2323","PSt7-10","171027-008","9/15/2022 2:43:31 PM","0000-00","0","no battery","V","","µV","","µV"
"10/14/2022","12:21:19","7","default","171425599","OXY_CH7","24.119","min","206.851","μmol/L","Humid","20.527","deg","93354","µV","27.184","°C","1020.000","hPa","36.0","pmil","0","55.700","deg","20.000","°C","100.000","%a.s.","22.210","deg","20.000","°C","971.000","hPa","0.826","-0.01532","0.000401","-0.00012","0","11.08","Humid","30.45","0","49.40","253731.94","SABD0002000012","AAV2.0.0.13","4.0.0.2323","PSt7-10","171027-008","9/15/2022 2:43:31 PM","0000-00","0","no battery","V","","µV","","µV"
"10/14/2022","12:21:20","7","default","171425599","OXY_CH7","24.136","min","206.907","μmol/L","Humid","20.524","deg","93354","µV","27.184","°C","1020.000","hPa","36.0","pmil","0","55.700","deg","20.000","°C","100.000","%a.s.","22.210","deg","20.000","°C","971.000","hPa","0.826","-0.01532","0.000401","-0.00012","0","11.08","Humid","30.45","0","49.40","253729.14","SABD0002000012","AAV2.0.0.13","4.0.0.2323","PSt7-10","171027-008","9/15/2022 2:43:31 PM","0000-00","0","no battery","V","","µV","","µV"
"10/14/2022","12:21:21","7","default","171425599","OXY_CH7","24.153","min","206.907","μmol/L","Humid","20.524","deg","93350","µV","27.184","°C","1020.000","hPa","36.0","pmil","0","55.700","deg","20.000","°C","100.000","%a.s.","22.210","deg","20.000","°C","971.000","hPa","0.826","-0.01532","0.000401","-0.00012","0","11.08","Humid","30.45","0","49.40","253719.37","SABD0002000012","AAV2.0.0.13","4.0.0.2323","PSt7-10","171027-008","9/15/2022 2:43:31 PM","0000-00","0","no battery","V","","µV","","µV"
"10/14/2022","12:21:22","7","default","171425599","OXY_CH7","24.170","min","206.852","μmol/L","Humid","20.529","deg","93356","µV","27.178","°C","1020.000","hPa","36.0","pmil","0","55.700","deg","20.000","°C","100.000","%a.s.","22.210","deg","20.000","°C","971.000","hPa","0.826","-0.01532","0.000401","-0.00012","0","11.08","Humid","30.45","0","49.40","253728.00","SABD0002000012","AAV2.0.0.13","4.0.0.2323","PSt7-10","171027-008","9/15/2022 2:43:31 PM","0000-00","0","no battery","V","","µV","","µV"
"10/14/2022","12:21:23","7","default","171425599","OXY_CH7","24.186","min","206.852","μmol/L","Humid","20.529","deg","93358","µV","27.178","°C","1020.000","hPa","36.0","pmil","0","55.700","deg","20.000","°C","100.000","%a.s.","22.210","deg","20.000","°C","971.000","hPa","0.826","-0.01532","0.000401","-0.00012","0","11.08","Humid","30.45","0","49.40","253730.09","SABD0002000012","AAV2.0.0.13","4.0.0.2323","PSt7-10","171027-008","9/15/2022 2:43:31 PM","0000-00","0","no battery","V","","µV","","µV"
"10/14/2022","12:21:24","7","default","171425599","OXY_CH7","24.203","min","206.907","μmol/L","Humid","20.526","deg","93355","µV","27.178","°C","1020.000","hPa","36.0","pmil","0","55.700","deg","20.000","°C","100.000","%a.s.","22.210","deg","20.000","°C","971.000","hPa","0.826","-0.01532","0.000401","-0.00012","0","11.08","Humid","30.45","0","49.40","253717.80","SABD0002000012","AAV2.0.0.13","4.0.0.2323","PSt7-10","171027-008","9/15/2022 2:43:31 PM","0000-00","0","no battery","V","","µV","","µV"
"10/14/2022","12:21:25","7","default","171425599","OXY_CH7","24.220","min","206.852","μmol/L","Humid","20.531","deg","93353","µV","27.171","°C","1020.000","hPa","36.0","pmil","0","55.700","deg","20.000","°C","100.000","%a.s.","22.210","deg","20.000","°C","971.000","hPa","0.826","-0.01532","0.000401","-0.00012","0","11.08","Humid","30.45","0","49.40","253731.16","SABD0002000012","AAV2.0.0.13","4.0.0.2323","PSt7-10","171027-008","9/15/2022 2:43:31 PM","0000-00","0","no battery","V","","µV","","µV"
"10/14/2022","12:21:26","7","default","171425599","OXY_CH7","24.237","min","206.889","μmol/L","Humid","20.527","deg","93356","µV","27.178","°C","1020.000","hPa","36.0","pmil","0","55.700","deg","20.000","°C","100.000","%a.s.","22.210","deg","20.000","°C","971.000","hPa","0.826","-0.01532","0.000401","-0.00012","0","11.08","Humid","30.45","0","49.40","253730.84","SABD0002000012","AAV2.0.0.13","4.0.0.2323","PSt7-10","171027-008","9/15/2022 2:43:31 PM","0000-00","0","no battery","V","","µV","","µV"
"10/14/2022","12:21:27","7","default","171425599","OXY_CH7","24.253","min","206.870","μmol/L","Humid","20.528","deg","93355","µV","27.178","°C","1020.000","hPa","36.0","pmil","0","55.700","deg","20.000","°C","100.000","%a.s.","22.210","deg","20.000","°C","971.000","hPa","0.826","-0.01532","0.000401","-0.00012","0","11.08","Humid","30.45","0","49.40","253722.70","SABD0002000012","AAV2.0.0.13","4.0.0.2323","PSt7-10","171027-008","9/15/2022 2:43:31 PM","0000-00","0","no battery","V","","µV","","µV"
"10/14/2022","12:21:28","7","default","171425599","OXY_CH7","24.269","min","206.852","μmol/L","Humid","20.529","deg","93355","µV","27.178","°C","1020.000","hPa","36.0","pmil","0","55.700","deg","20.000","°C","100.000","%a.s.","22.210","deg","20.000","°C","971.000","hPa","0.826","-0.01532","0.000401","-0.00012","0","11.08","Humid","30.45","0","49.40","253725.04","SABD0002000012","AAV2.0.0.13","4.0.0.2323","PSt7-10","171027-008","9/15/2022 2:43:31 PM","0000-00","0","no battery","V","","µV","","µV"
"10/14/2022","12:21:29","7","default","171425599","OXY_CH7","24.286","min","206.814","μmol/L","Humid","20.529","deg","93347","µV","27.184","°C","1020.000","hPa","36.0","pmil","0","55.700","deg","20.000","°C","100.000","%a.s.","22.210","deg","20.000","°C","971.000","hPa","0.826","-0.01532","0.000401","-0.00012","0","11.08","Humid","30.45","0","49.40","253713.98","SABD0002000012","AAV2.0.0.13","4.0.0.2323","PSt7-10","171027-008","9/15/2022 2:43:31 PM","0000-00","0","no battery","V","","µV","","µV"
"10/14/2022","12:21:30","7","default","171425599","OXY_CH7","24.303","min","206.739","μmol/L","Humid","20.533","deg","93353","µV","27.184","°C","1020.000","hPa","36.0","pmil","0","55.700","deg","20.000","°C","100.000","%a.s.","22.210","deg","20.000","°C","971.000","hPa","0.826","-0.01532","0.000401","-0.00012","0","11.08","Humid","30.45","0","49.40","253725.72","SABD0002000012","AAV2.0.0.13","4.0.0.2323","PSt7-10","171027-008","9/15/2022 2:43:31 PM","0000-00","0","no battery","V","","µV","","µV"
"10/14/2022","12:21:31","7","default","171425599","OXY_CH7","24.319","min","206.814","μmol/L","Humid","20.531","deg","93348","µV","27.178","°C","1020.000","hPa","36.0","pmil","0","55.700","deg","20.000","°C","100.000","%a.s.","22.210","deg","20.000","°C","971.000","hPa","0.826","-0.01532","0.000401","-0.00012","0","11.08","Humid","30.45","0","49.40","253717.33","SABD0002000012","AAV2.0.0.13","4.0.0.2323","PSt7-10","171027-008","9/15/2022 2:43:31 PM","0000-00","0","no battery","V","","µV","","µV"
"10/14/2022","12:21:32","7","default","171425599","OXY_CH7","24.336","min","206.758","μmol/L","Humid","20.532","deg","93350","µV","27.184","°C","1020.000","hPa","36.0","pmil","0","55.700","deg","20.000","°C","100.000","%a.s.","22.210","deg","20.000","°C","971.000","hPa","0.826","-0.01532","0.000401","-0.00012","0","11.08","Humid","30.45","0","49.40","253721.00","SABD0002000012","AAV2.0.0.13","4.0.0.2323","PSt7-10","171027-008","9/15/2022 2:43:31 PM","0000-00","0","no battery","V","","µV","","µV"
"10/14/2022","12:21:33","7","default","171425599","OXY_CH7","24.353","min","206.758","μmol/L","Humid","20.532","deg","93351","µV","27.184","°C","1020.000","hPa","36.0","pmil","0","55.700","deg","20.000","°C","100.000","%a.s.","22.210","deg","20.000","°C","971.000","hPa","0.826","-0.01532","0.000401","-0.00012","0","11.08","Humid","30.45","0","49.40","253731.82","SABD0002000012","AAV2.0.0.13","4.0.0.2323","PSt7-10","171027-008","9/15/2022 2:43:31 PM","0000-00","0","no battery","V","","µV","","µV"
"10/14/2022","12:21:34","7","default","171425599","OXY_CH7","24.370","min","206.758","μmol/L","Humid","20.534","deg","93349","µV","27.178","°C","1020.000","hPa","36.0","pmil","0","55.700","deg","20.000","°C","100.000","%a.s.","22.210","deg","20.000","°C","971.000","hPa","0.826","-0.01532","0.000401","-0.00012","0","11.08","Humid","30.45","0","49.40","253714.58","SABD0002000012","AAV2.0.0.13","4.0.0.2323","PSt7-10","171027-008","9/15/2022 2:43:31 PM","0000-00","0","no battery","V","","µV","","µV"
"10/14/2022","12:21:35","7","default","171425599","OXY_CH7","24.386","min","206.852","μmol/L","Humid","20.529","deg","93345","µV","27.178","°C","1020.000","hPa","36.0","pmil","0","55.700","deg","20.000","°C","100.000","%a.s.","22.210","deg","20.000","°C","971.000","hPa","0.826","-0.01532","0.000401","-0.00012","0","11.08","Humid","30.45","0","49.40","253714.46","SABD0002000012","AAV2.0.0.13","4.0.0.2323","PSt7-10","171027-008","9/15/2022 2:43:31 PM","0000-00","0","no battery","V","","µV","","µV"
"10/14/2022","12:21:36","7","default","171425599","OXY_CH7","24.403","min","206.740","μmol/L","Humid","20.535","deg","93346","µV","27.178","°C","1020.000","hPa","36.0","pmil","0","55.700","deg","20.000","°C","100.000","%a.s.","22.210","deg","20.000","°C","971.000","hPa","0.826","-0.01532","0.000401","-0.00012","0","11.08","Humid","30.45","0","49.40","253712.18","SABD0002000012","AAV2.0.0.13","4.0.0.2323","PSt7-10","171027-008","9/15/2022 2:43:31 PM","0000-00","0","no battery","V","","µV","","µV"
"10/14/2022","12:21:37","7","default","171425599","OXY_CH7","24.419","min","206.721","μmol/L","Humid","20.536","deg","93346","µV","27.178","°C","1020.000","hPa","36.0","pmil","0","55.700","deg","20.000","°C","100.000","%a.s.","22.210","deg","20.000","°C","971.000","hPa","0.826","-0.01532","0.000401","-0.00012","0","11.08","Humid","30.45","0","49.40","253720.53","SABD0002000012","AAV2.0.0.13","4.0.0.2323","PSt7-10","171027-008","9/15/2022 2:43:31 PM","0000-00","0","no battery","V","","µV","","µV"
"10/14/2022","12:21:38","7","default","171425599","OXY_CH7","24.436","min","206.702","μmol/L","Humid","20.535","deg","93341","µV","27.184","°C","1020.000","hPa","36.0","pmil","0","55.700","deg","20.000","°C","100.000","%a.s.","22.210","deg","20.000","°C","971.000","hPa","0.826","-0.01532","0.000401","-0.00012","0","11.08","Humid","30.45","0","49.40","253700.39","SABD0002000012","AAV2.0.0.13","4.0.0.2323","PSt7-10","171027-008","9/15/2022 2:43:31 PM","0000-00","0","no battery","V","","µV","","µV"
"10/14/2022","12:21:39","7","default","171425599","OXY_CH7","24.453","min","206.740","μmol/L","Humid","20.535","deg","93340","µV","27.178","°C","1020.000","hPa","36.0","pmil","0","55.700","deg","20.000","°C","100.000","%a.s.","22.210","deg","20.000","°C","971.000","hPa","0.826","-0.01532","0.000401","-0.00012","0","11.08","Humid","30.45","0","49.40","253711.39","SABD0002000012","AAV2.0.0.13","4.0.0.2323","PSt7-10","171027-008","9/15/2022 2:43:31 PM","0000-00","0","no battery","V","","µV","","µV"
"10/14/2022","12:21:40","7","default","171425599","OXY_CH7","24.469","min","206.740","μmol/L","Humid","20.535","deg","93334","µV","27.178","°C","1020.000","hPa","36.0","pmil","0","55.700","deg","20.000","°C","100.000","%a.s.","22.210","deg","20.000","°C","971.000","hPa","0.826","-0.01532","0.000401","-0.00012","0","11.08","Humid","30.45","0","49.40","253698.14","SABD0002000012","AAV2.0.0.13","4.0.0.2323","PSt7-10","171027-008","9/15/2022 2:43:31 PM","0000-00","0","no battery","V","","µV","","µV"
"10/14/2022","12:21:41","7","default","171425599","OXY_CH7","24.486","min","206.703","μmol/L","Humid","20.537","deg","93330","µV","27.178","°C","1020.000","hPa","36.0","pmil","0","55.700","deg","20.000","°C","100.000","%a.s.","22.210","deg","20.000","°C","971.000","hPa","0.826","-0.01532","0.000401","-0.00012","0","11.08","Humid","30.45","0","49.40","253691.06","SABD0002000012","AAV2.0.0.13","4.0.0.2323","PSt7-10","171027-008","9/15/2022 2:43:31 PM","0000-00","0","no battery","V","","µV","","µV"
"10/14/2022","12:21:42","7","default","171425599","OXY_CH7","24.503","min","206.683","μmol/L","Humid","20.536","deg","93346","µV","27.184","°C","1020.000","hPa","36.0","pmil","0","55.700","deg","20.000","°C","100.000","%a.s.","22.210","deg","20.000","°C","971.000","hPa","0.826","-0.01532","0.000401","-0.00012","0","11.08","Humid","30.45","0","49.40","253704.69","SABD0002000012","AAV2.0.0.13","4.0.0.2323","PSt7-10","171027-008","9/15/2022 2:43:31 PM","0000-00","0","no battery","V","","µV","","µV"
"10/14/2022","12:21:43","7","default","171425599","OXY_CH7","24.520","min","206.684","μmol/L","Humid","20.538","deg","93336","µV","27.178","°C","1020.000","hPa","36.0","pmil","0","55.700","deg","20.000","°C","100.000","%a.s.","22.210","deg","20.000","°C","971.000","hPa","0.826","-0.01532","0.000401","-0.00012","0","11.08","Humid","30.45","0","49.40","253703.17","SABD0002000012","AAV2.0.0.13","4.0.0.2323","PSt7-10","171027-008","9/15/2022 2:43:31 PM","0000-00","0","no battery","V","","µV","","µV"
"10/14/2022","12:21:44","7","default","171425599","OXY_CH7","24.537","min","206.758","μmol/L","Humid","20.534","deg","93343","µV","27.178","°C","1020.000","hPa","36.0","pmil","0","55.700","deg","20.000","°C","100.000","%a.s.","22.210","deg","20.000","°C","971.000","hPa","0.826","-0.01532","0.000401","-0.00012","0","11.08","Humid","30.45","0","49.40","253694.30","SABD0002000012","AAV2.0.0.13","4.0.0.2323","PSt7-10","171027-008","9/15/2022 2:43:31 PM","0000-00","0","no battery","V","","µV","","µV"
"10/14/2022","12:21:45","7","default","171425599","OXY_CH7","24.553","min","206.759","μmol/L","Humid","20.536","deg","93335","µV","27.171","°C","1020.000","hPa","36.0","pmil","0","55.700","deg","20.000","°C","100.000","%a.s.","22.210","deg","20.000","°C","971.000","hPa","0.826","-0.01532","0.000401","-0.00012","0","11.08","Humid","30.45","0","49.40","253691.84","SABD0002000012","AAV2.0.0.13","4.0.0.2323","PSt7-10","171027-008","9/15/2022 2:43:31 PM","0000-00","0","no battery","V","","µV","","µV"
"10/14/2022","12:21:46","7","default","171425599","OXY_CH7","24.569","min","206.666","μmol/L","Humid","20.539","deg","93335","µV","27.178","°C","1020.000","hPa","36.0","pmil","0","55.700","deg","20.000","°C","100.000","%a.s.","22.210","deg","20.000","°C","971.000","hPa","0.826","-0.01532","0.000401","-0.00012","0","11.08","Humid","30.45","0","49.40","253697.05","SABD0002000012","AAV2.0.0.13","4.0.0.2323","PSt7-10","171027-008","9/15/2022 2:43:31 PM","0000-00","0","no battery","V","","µV","","µV"
"10/14/2022","12:21:47","7","default","171425599","OXY_CH7","24.586","min","206.628","μmol/L","Humid","20.539","deg","93335","µV","27.184","°C","1020.000","hPa","36.0","pmil","0","55.700","deg","20.000","°C","100.000","%a.s.","22.210","deg","20.000","°C","971.000","hPa","0.826","-0.01532","0.000401","-0.00012","0","11.08","Humid","30.45","0","49.40","253696.44","SABD0002000012","AAV2.0.0.13","4.0.0.2323","PSt7-10","171027-008","9/15/2022 2:43:31 PM","0000-00","0","no battery","V","","µV","","µV"
"10/14/2022","12:21:48","7","default","171425599","OXY_CH7","24.603","min","206.703","μmol/L","Humid","20.537","deg","93336","µV","27.178","°C","1020.000","hPa","36.0","pmil","0","55.700","deg","20.000","°C","100.000","%a.s.","22.210","deg","20.000","°C","971.000","hPa","0.826","-0.01532","0.000401","-0.00012","0","11.08","Humid","30.45","0","49.40","253689.86","SABD0002000012","AAV2.0.0.13","4.0.0.2323","PSt7-10","171027-008","9/15/2022 2:43:31 PM","0000-00","0","no battery","V","","µV","","µV"
"10/14/2022","12:21:49","7","default","171425599","OXY_CH7","24.619","min","206.590","μmol/L","Humid","20.541","deg","93324","µV","27.184","°C","1020.000","hPa","36.0","pmil","0","55.700","deg","20.000","°C","100.000","%a.s.","22.210","deg","20.000","°C","971.000","hPa","0.826","-0.01532","0.000401","-0.00012","0","11.08","Humid","30.45","0","49.40","253682.20","SABD0002000012","AAV2.0.0.13","4.0.0.2323","PSt7-10","171027-008","9/15/2022 2:43:31 PM","0000-00","0","no battery","V","","µV","","µV"
"10/14/2022","12:21:50","7","default","171425599","OXY_CH7","24.636","min","206.685","μmol/L","Humid","20.540","deg","93331","µV","27.171","°C","1020.000","hPa","36.0","pmil","0","55.700","deg","20.000","°C","100.000","%a.s.","22.210","deg","20.000","°C","971.000","hPa","0.826","-0.01532","0.000401","-0.00012","0","11.08","Humid","30.45","0","49.40","253681.46","SABD0002000012","AAV2.0.0.13","4.0.0.2323","PSt7-10","171027-008","9/15/2022 2:43:31 PM","0000-00","0","no battery","V","","µV","","µV"
"10/14/2022","12:21:51","7","default","171425599","OXY_CH7","24.653","min","206.722","μmol/L","Humid","20.538","deg","93328","µV","27.171","°C","1020.000","hPa","36.0","pmil","0","55.700","deg","20.000","°C","100.000","%a.s.","22.210","deg","20.000","°C","971.000","hPa","0.826","-0.01532","0.000401","-0.00012","0","11.08","Humid","30.45","0","49.40","253678.21","SABD0002000012","AAV2.0.0.13","4.0.0.2323","PSt7-10","171027-008","9/15/2022 2:43:31 PM","0000-00","0","no battery","V","","µV","","µV"
"10/14/2022","12:21:52","7","default","171425599","OXY_CH7","24.670","min","206.628","μmol/L","Humid","20.539","deg","93334","µV","27.184","°C","1020.000","hPa","36.0","pmil","0","55.700","deg","20.000","°C","100.000","%a.s.","22.210","deg","20.000","°C","971.000","hPa","0.826","-0.01532","0.000401","-0.00012","0","11.08","Humid","30.45","0","49.40","253670.97","SABD0002000012","AAV2.0.0.13","4.0.0.2323","PSt7-10","171027-008","9/15/2022 2:43:31 PM","0000-00","0","no battery","V","","µV","","µV"
"10/14/2022","12:21:53","7","default","171425599","OXY_CH7","24.686","min","206.684","μmol/L","Humid","20.538","deg","93329","µV","27.178","°C","1020.000","hPa","36.0","pmil","0","55.700","deg","20.000","°C","100.000","%a.s.","22.210","deg","20.000","°C","971.000","hPa","0.826","-0.01532","0.000401","-0.00012","0","11.08","Humid","30.45","0","49.40","253661.07","SABD0002000012","AAV2.0.0.13","4.0.0.2323","PSt7-10","171027-008","9/15/2022 2:43:31 PM","0000-00","0","no battery","V","","µV","","µV"
"10/14/2022","12:21:54","7","default","171425599","OXY_CH7","24.703","min","206.628","μmol/L","Humid","20.541","deg","93331","µV","27.178","°C","1020.000","hPa","36.0","pmil","0","55.700","deg","20.000","°C","100.000","%a.s.","22.210","deg","20.000","°C","971.000","hPa","0.826","-0.01532","0.000401","-0.00012","0","11.08","Humid","30.45","0","49.40","253657.64","SABD0002000012","AAV2.0.0.13","4.0.0.2323","PSt7-10","171027-008","9/15/2022 2:43:31 PM","0000-00","0","no battery","V","","µV","","µV"
"10/14/2022","12:21:55","7","default","171425599","OXY_CH7","24.719","min","206.685","μmol/L","Humid","20.540","deg","93329","µV","27.171","°C","1020.000","hPa","36.0","pmil","0","55.700","deg","20.000","°C","100.000","%a.s.","22.210","deg","20.000","°C","971.000","hPa","0.826","-0.01532","0.000401","-0.00012","0","11.08","Humid","30.45","0","49.40","253663.29","SABD0002000012","AAV2.0.0.13","4.0.0.2323","PSt7-10","171027-008","9/15/2022 2:43:31 PM","0000-00","0","no battery","V","","µV","","µV"
"10/14/2022","12:21:56","7","default","171425599","OXY_CH7","24.736","min","206.554","μmol/L","Humid","20.545","deg","93325","µV","27.178","°C","1020.000","hPa","36.0","pmil","0","55.700","deg","20.000","°C","100.000","%a.s.","22.210","deg","20.000","°C","971.000","hPa","0.826","-0.01532","0.000401","-0.00012","0","11.08","Humid","30.45","0","49.40","253669.04","SABD0002000012","AAV2.0.0.13","4.0.0.2323","PSt7-10","171027-008","9/15/2022 2:43:31 PM","0000-00","0","no battery","V","","µV","","µV"
"10/14/2022","12:21:57","7","default","171425599","OXY_CH7","24.753","min","206.684","μmol/L","Humid","20.538","deg","93331","µV","27.178","°C","1020.000","hPa","36.0","pmil","0","55.700","deg","20.000","°C","100.000","%a.s.","22.210","deg","20.000","°C","971.000","hPa","0.826","-0.01532","0.000401","-0.00012","0","11.08","Humid","30.45","0","49.40","253667.21","SABD0002000012","AAV2.0.0.13","4.0.0.2323","PSt7-10","171027-008","9/15/2022 2:43:31 PM","0000-00","0","no battery","V","","µV","","µV"
"10/14/2022","12:21:58","7","default","171425599","OXY_CH7","24.769","min","206.535","μmol/L","Humid","20.546","deg","93322","µV","27.178","°C","1020.000","hPa","36.0","pmil","0","55.700","deg","20.000","°C","100.000","%a.s.","22.210","deg","20.000","°C","971.000","hPa","0.826","-0.01532","0.000401","-0.00012","0","11.08","Humid","30.45","0","49.40","253670.43","SABD0002000012","AAV2.0.0.13","4.0.0.2323","PSt7-10","171027-008","9/15/2022 2:43:31 PM","0000-00","0","no battery","V","","µV","","µV"
"10/14/2022","12:21:59","7","default","171425599","OXY_CH7","24.786","min","206.611","μmol/L","Humid","20.544","deg","93325","µV","27.171","°C","1020.000","hPa","36.0","pmil","0","55.700","deg","20.000","°C","100.000","%a.s.","22.210","deg","20.000","°C","971.000","hPa","0.826","-0.01532","0.000401","-0.00012","0","11.08","Humid","30.45","0","49.40","253668.00","SABD0002000012","AAV2.0.0.13","4.0.0.2323","PSt7-10","171027-008","9/15/2022 2:43:31 PM","0000-00","0","no battery","V","","µV","","µV"
"10/14/2022","12:22:00","7","default","171425599","OXY_CH7","24.803","min","206.610","μmol/L","Humid","20.542","deg","93325","µV","27.178","°C","1020.000","hPa","36.0","pmil","0","55.700","deg","20.000","°C","100.000","%a.s.","22.210","deg","20.000","°C","971.000","hPa","0.826","-0.01532","0.000401","-0.00012","0","11.08","Humid","30.45","0","49.40","253670.08","SABD0002000012","AAV2.0.0.13","4.0.0.2323","PSt7-10","171027-008","9/15/2022 2:43:31 PM","0000-00","0","no battery","V","","µV","","µV"
"10/14/2022","12:22:01","7","default","171425599","OXY_CH7","24.820","min","206.535","μmol/L","Humid","20.546","deg","93331","µV","27.178","°C","1020.000","hPa","36.0","pmil","0","55.700","deg","20.000","°C","100.000","%a.s.","22.210","deg","20.000","°C","971.000","hPa","0.826","-0.01532","0.000401","-0.00012","0","11.08","Humid","30.45","0","49.40","253682.47","SABD0002000012","AAV2.0.0.13","4.0.0.2323","PSt7-10","171027-008","9/15/2022 2:43:31 PM","0000-00","0","no battery","V","","µV","","µV"
"10/14/2022","12:22:02","7","default","171425599","OXY_CH7","24.836","min","206.591","μmol/L","Humid","20.543","deg","93321","µV","27.178","°C","1020.000","hPa","36.0","pmil","0","55.700","deg","20.000","°C","100.000","%a.s.","22.210","deg","20.000","°C","971.000","hPa","0.826","-0.01532","0.000401","-0.00012","0","11.08","Humid","30.45","0","49.40","253678.14","SABD0002000012","AAV2.0.0.13","4.0.0.2323","PSt7-10","171027-008","9/15/2022 2:43:31 PM","0000-00","0","no battery","V","","µV","","µV"
"10/14/2022","12:22:03","7","default","171425599","OXY_CH7","24.853","min","206.611","μmol/L","Humid","20.544","deg","93322","µV","27.171","°C","1020.000","hPa","36.0","pmil","0","55.700","deg","20.000","°C","100.000","%a.s.","22.210","deg","20.000","°C","971.000","hPa","0.826","-0.01532","0.000401","-0.00012","0","11.08","Humid","30.45","0","49.40","253663.85","SABD0002000012","AAV2.0.0.13","4.0.0.2323","PSt7-10","171027-008","9/15/2022 2:43:31 PM","0000-00","0","no battery","V","","µV","","µV"
"10/14/2022","12:22:04","7","default","171425599","OXY_CH7","24.870","min","206.629","μmol/L","Humid","20.543","deg","93327","µV","27.171","°C","1020.000","hPa","36.0","pmil","0","55.700","deg","20.000","°C","100.000","%a.s.","22.210","deg","20.000","°C","971.000","hPa","0.826","-0.01532","0.000401","-0.00012","0","11.08","Humid","30.45","0","49.40","253678.52","SABD0002000012","AAV2.0.0.13","4.0.0.2323","PSt7-10","171027-008","9/15/2022 2:43:31 PM","0000-00","0","no battery","V","","µV","","µV"
"10/14/2022","12:22:05","7","default","171425599","OXY_CH7","24.886","min","206.573","μmol/L","Humid","20.544","deg","93325","µV","27.178","°C","1020.000","hPa","36.0","pmil","0","55.700","deg","20.000","°C","100.000","%a.s.","22.210","deg","20.000","°C","971.000","hPa","0.826","-0.01532","0.000401","-0.00012","0","11.08","Humid","30.45","0","49.40","253680.46","SABD0002000012","AAV2.0.0.13","4.0.0.2323","PSt7-10","171027-008","9/15/2022 2:43:31 PM","0000-00","0","no battery","V","","µV","","µV"
"10/14/2022","12:22:06","7","default","171425599","OXY_CH7","24.902","min","206.573","μmol/L","Humid","20.546","deg","93332","µV","27.171","°C","1020.000","hPa","36.0","pmil","0","55.700","deg","20.000","°C","100.000","%a.s.","22.210","deg","20.000","°C","971.000","hPa","0.826","-0.01532","0.000401","-0.00012","0","11.08","Humid","30.45","0","49.40","253672.87","SABD0002000012","AAV2.0.0.13","4.0.0.2323","PSt7-10","171027-008","9/15/2022 2:43:31 PM","0000-00","0","no battery","V","","µV","","µV"
"10/14/2022","12:22:07","7","default","171425599","OXY_CH7","24.919","min","206.592","μmol/L","Humid","20.545","deg","93330","µV","27.171","°C","1020.000","hPa","36.0","pmil","0","55.700","deg","20.000","°C","100.000","%a.s.","22.210","deg","20.000","°C","971.000","hPa","0.826","-0.01532","0.000401","-0.00012","0","11.08","Humid","30.45","0","49.40","253678.11","SABD0002000012","AAV2.0.0.13","4.0.0.2323","PSt7-10","171027-008","9/15/2022 2:43:31 PM","0000-00","0","no battery","V","","µV","","µV"
"10/14/2022","12:22:08","7","default","171425599","OXY_CH7","24.936","min","206.498","μmol/L","Humid","20.548","deg","93326","µV","27.178","°C","1020.000","hPa","36.0","pmil","0","55.700","deg","20.000","°C","100.000","%a.s.","22.210","deg","20.000","°C","971.000","hPa","0.826","-0.01532","0.000401","-0.00012","0","11.08","Humid","30.45","0","49.40","253676.98","SABD0002000012","AAV2.0.0.13","4.0.0.2323","PSt7-10","171027-008","9/15/2022 2:43:31 PM","0000-00","0","no battery","V","","µV","","µV"
"10/14/2022","12:22:09","7","default","171425599","OXY_CH7","24.953","min","206.574","μmol/L","Humid","20.548","deg","93328","µV","27.165","°C","1020.000","hPa","36.0","pmil","0","55.700","deg","20.000","°C","100.000","%a.s.","22.210","deg","20.000","°C","971.000","hPa","0.826","-0.01532","0.000401","-0.00012","0","11.08","Humid","30.45","0","49.40","253667.82","SABD0002000012","AAV2.0.0.13","4.0.0.2323","PSt7-10","171027-008","9/15/2022 2:43:31 PM","0000-00","0","no battery","V","","µV","","µV"
"10/14/2022","12:22:10","7","default","171425599","OXY_CH7","24.970","min","206.555","μmol/L","Humid","20.547","deg","93324","µV","27.171","°C","1020.000","hPa","36.0","pmil","0","55.700","deg","20.000","°C","100.000","%a.s.","22.210","deg","20.000","°C","971.000","hPa","0.826","-0.01532","0.000401","-0.00012","0","11.08","Humid","30.45","0","49.40","253662.89","SABD0002000012","AAV2.0.0.13","4.0.0.2323","PSt7-10","171027-008","9/15/2022 2:43:31 PM","0000-00","0","no battery","V","","µV","","µV"
"10/14/2022","12:22:11","7","default","171425599","OXY_CH7","24.986","min","206.536","μmol/L","Humid","20.548","deg","93327","µV","27.171","°C","1020.000","hPa","36.0","pmil","0","55.700","deg","20.000","°C","100.000","%a.s.","22.210","deg","20.000","°C","971.000","hPa","0.826","-0.01532","0.000401","-0.00012","0","11.08","Humid","30.45","0","49.40","253669.89","SABD0002000012","AAV2.0.0.13","4.0.0.2323","PSt7-10","171027-008","9/15/2022 2:43:31 PM","0000-00","0","no battery","V","","µV","","µV"
"10/14/2022","12:22:12","7","default","171425599","OXY_CH7","25.003","min","206.442","μmol/L","Humid","20.549","deg","93329","µV","27.184","°C","1020.000","hPa","36.0","pmil","0","55.700","deg","20.000","°C","100.000","%a.s.","22.210","deg","20.000","°C","971.000","hPa","0.826","-0.01532","0.000401","-0.00012","0","11.08","Humid","30.45","0","49.40","253669.96","SABD0002000012","AAV2.0.0.13","4.0.0.2323","PSt7-10","171027-008","9/15/2022 2:43:31 PM","0000-00","0","no battery","V","","µV","","µV"
"10/14/2022","12:22:13","7","default","171425599","OXY_CH7","25.019","min","206.481","μmol/L","Humid","20.551","deg","93330","µV","27.171","°C","1020.000","hPa","36.0","pmil","0","55.700","deg","20.000","°C","100.000","%a.s.","22.210","deg","20.000","°C","971.000","hPa","0.826","-0.01532","0.000401","-0.00012","0","11.08","Humid","30.45","0","49.40","253676.27","SABD0002000012","AAV2.0.0.13","4.0.0.2323","PSt7-10","171027-008","9/15/2022 2:43:31 PM","0000-00","0","no battery","V","","µV","","µV"
"10/14/2022","12:22:14","7","default","171425599","OXY_CH7","25.036","min","206.535","μmol/L","Humid","20.546","deg","93329","µV","27.178","°C","1020.000","hPa","36.0","pmil","0","55.700","deg","20.000","°C","100.000","%a.s.","22.210","deg","20.000","°C","971.000","hPa","0.826","-0.01532","0.000401","-0.00012","0","11.08","Humid","30.45","0","49.40","253668.46","SABD0002000012","AAV2.0.0.13","4.0.0.2323","PSt7-10","171027-008","9/15/2022 2:43:31 PM","0000-00","0","no battery","V","","µV","","µV"
"10/14/2022","12:22:15","7","default","171425599","OXY_CH7","25.052","min","206.593","μmol/L","Humid","20.547","deg","93326","µV","27.165","°C","1020.000","hPa","36.0","pmil","0","55.700","deg","20.000","°C","100.000","%a.s.","22.210","deg","20.000","°C","971.000","hPa","0.826","-0.01532","0.000401","-0.00012","0","11.08","Humid","30.45","0","49.40","253653.50","SABD0002000012","AAV2.0.0.13","4.0.0.2323","PSt7-10","171027-008","9/15/2022 2:43:31 PM","0000-00","0","no battery","V","","µV","","µV"
"10/14/2022","12:22:16","7","default","171425599","OXY_CH7","25.069","min","206.386","μmol/L","Humid","20.552","deg","93327","µV","27.184","°C","1020.000","hPa","36.0","pmil","0","55.700","deg","20.000","°C","100.000","%a.s.","22.210","deg","20.000","°C","971.000","hPa","0.826","-0.01532","0.000401","-0.00012","0","11.08","Humid","30.45","0","49.40","253670.08","SABD0002000012","AAV2.0.0.13","4.0.0.2323","PSt7-10","171027-008","9/15/2022 2:43:31 PM","0000-00","0","no battery","V","","µV","","µV"
"10/14/2022","12:22:17","7","default","171425599","OXY_CH7","25.086","min","206.424","μmol/L","Humid","20.552","deg","93321","µV","27.178","°C","1020.000","hPa","36.0","pmil","0","55.700","deg","20.000","°C","100.000","%a.s.","22.210","deg","20.000","°C","971.000","hPa","0.826","-0.01532","0.000401","-0.00012","0","11.08","Humid","30.45","0","49.40","253666.16","SABD0002000012","AAV2.0.0.13","4.0.0.2323","PSt7-10","171027-008","9/15/2022 2:43:31 PM","0000-00","0","no battery","V","","µV","","µV"
"10/14/2022","12:22:18","7","default","171425599","OXY_CH7","25.103","min","206.518","μmol/L","Humid","20.549","deg","93319","µV","27.171","°C","1020.000","hPa","36.0","pmil","0","55.700","deg","20.000","°C","100.000","%a.s.","22.210","deg","20.000","°C","971.000","hPa","0.826","-0.01532","0.000401","-0.00012","0","11.08","Humid","30.45","0","49.40","253672.03","SABD0002000012","AAV2.0.0.13","4.0.0.2323","PSt7-10","171027-008","9/15/2022 2:43:31 PM","0000-00","0","no battery","V","","µV","","µV"
"10/14/2022","12:22:19","7","default","171425599","OXY_CH7","25.120","min","206.479","μmol/L","Humid","20.547","deg","93328","µV","27.184","°C","1020.000","hPa","36.0","pmil","0","55.700","deg","20.000","°C","100.000","%a.s.","22.210","deg","20.000","°C","971.000","hPa","0.826","-0.01532","0.000401","-0.00012","0","11.08","Humid","30.45","0","49.40","253671.42","SABD0002000012","AAV2.0.0.13","4.0.0.2323","PSt7-10","171027-008","9/15/2022 2:43:31 PM","0000-00","0","no battery","V","","µV","","µV"
"10/14/2022","12:22:20","7","default","171425599","OXY_CH7","25.136","min","206.498","μmol/L","Humid","20.548","deg","93325","µV","27.178","°C","1020.000","hPa","36.0","pmil","0","55.700","deg","20.000","°C","100.000","%a.s.","22.210","deg","20.000","°C","971.000","hPa","0.826","-0.01532","0.000401","-0.00012","0","11.08","Humid","30.45","0","49.40","253669.50","SABD0002000012","AAV2.0.0.13","4.0.0.2323","PSt7-10","171027-008","9/15/2022 2:43:31 PM","0000-00","0","no battery","V","","µV","","µV"
"10/14/2022","12:22:21","7","default","171425599","OXY_CH7","25.153","min","206.405","μmol/L","Humid","20.553","deg","93330","µV","27.178","°C","1020.000","hPa","36.0","pmil","0","55.700","deg","20.000","°C","100.000","%a.s.","22.210","deg","20.000","°C","971.000","hPa","0.826","-0.01532","0.000401","-0.00012","0","11.08","Humid","30.45","0","49.40","253665.41","SABD0002000012","AAV2.0.0.13","4.0.0.2323","PSt7-10","171027-008","9/15/2022 2:43:31 PM","0000-00","0","no battery","V","","µV","","µV"
"10/14/2022","12:22:22","7","default","171425599","OXY_CH7","25.170","min","206.330","μmol/L","Humid","20.555","deg","93322","µV","27.184","°C","1020.000","hPa","36.0","pmil","0","55.700","deg","20.000","°C","100.000","%a.s.","22.210","deg","20.000","°C","971.000","hPa","0.826","-0.01532","0.000401","-0.00012","0","11.08","Humid","30.45","0","49.40","253660.68","SABD0002000012","AAV2.0.0.13","4.0.0.2323","PSt7-10","171027-008","9/15/2022 2:43:31 PM","0000-00","0","no battery","V","","µV","","µV"
"10/14/2022","12:22:23","7","default","171425599","OXY_CH7","25.186","min","206.367","μmol/L","Humid","20.553","deg","93327","µV","27.184","°C","1020.000","hPa","36.0","pmil","0","55.700","deg","20.000","°C","100.000","%a.s.","22.210","deg","20.000","°C","971.000","hPa","0.826","-0.01532","0.000401","-0.00012","0","11.08","Humid","30.45","0","49.40","253670.55","SABD0002000012","AAV2.0.0.13","4.0.0.2323","PSt7-10","171027-008","9/15/2022 2:43:31 PM","0000-00","0","no battery","V","","µV","","µV"
"10/14/2022","12:22:24","7","default","171425599","OXY_CH7","25.203","min","206.481","μmol/L","Humid","20.551","deg","93325","µV","27.171","°C","1020.000","hPa","36.0","pmil","0","55.700","deg","20.000","°C","100.000","%a.s.","22.210","deg","20.000","°C","971.000","hPa","0.826","-0.01532","0.000401","-0.00012","0","11.08","Humid","30.45","0","49.40","253668.97","SABD0002000012","AAV2.0.0.13","4.0.0.2323","PSt7-10","171027-008","9/15/2022 2:43:31 PM","0000-00","0","no battery","V","","µV","","µV"
"10/14/2022","12:22:25","7","default","171425599","OXY_CH7","25.219","min","206.443","μmol/L","Humid","20.551","deg","93330","µV","27.178","°C","1020.000","hPa","36.0","pmil","0","55.700","deg","20.000","°C","100.000","%a.s.","22.210","deg","20.000","°C","971.000","hPa","0.826","-0.01532","0.000401","-0.00012","0","11.08","Humid","30.45","0","49.40","253659.82","SABD0002000012","AAV2.0.0.13","4.0.0.2323","PSt7-10","171027-008","9/15/2022 2:43:31 PM","0000-00","0","no battery","V","","µV","","µV"
"10/14/2022","12:22:26","7","default","171425599","OXY_CH7","25.236","min","206.405","μmol/L","Humid","20.553","deg","93339","µV","27.178","°C","1020.000","hPa","36.0","pmil","0","55.700","deg","20.000","°C","100.000","%a.s.","22.210","deg","20.000","°C","971.000","hPa","0.826","-0.01532","0.000401","-0.00012","0","11.08","Humid","30.45","0","49.40","253670.52","SABD0002000012","AAV2.0.0.13","4.0.0.2323","PSt7-10","171027-008","9/15/2022 2:43:31 PM","0000-00","0","no battery","V","","µV","","µV"
"10/14/2022","12:22:27","7","default","171425599","OXY_CH7","25.252","min","206.388","μmol/L","Humid","20.556","deg","93334","µV","27.171","°C","1020.000","hPa","36.0","pmil","0","55.700","deg","20.000","°C","100.000","%a.s.","22.210","deg","20.000","°C","971.000","hPa","0.826","-0.01532","0.000401","-0.00012","0","11.08","Humid","30.45","0","49.40","253671.31","SABD0002000012","AAV2.0.0.13","4.0.0.2323","PSt7-10","171027-008","9/15/2022 2:43:31 PM","0000-00","0","no battery","V","","µV","","µV"
"10/14/2022","12:22:28","7","default","171425599","OXY_CH7","25.269","min","206.368","μmol/L","Humid","20.555","deg","93329","µV","27.178","°C","1020.000","hPa","36.0","pmil","0","55.700","deg","20.000","°C","100.000","%a.s.","22.210","deg","20.000","°C","971.000","hPa","0.826","-0.01532","0.000401","-0.00012","0","11.08","Humid","30.45","0","49.40","253666.80","SABD0002000012","AAV2.0.0.13","4.0.0.2323","PSt7-10","171027-008","9/15/2022 2:43:31 PM","0000-00","0","no battery","V","","µV","","µV"
"10/14/2022","12:22:29","7","default","171425599","OXY_CH7","25.286","min","206.275","μmol/L","Humid","20.558","deg","93325","µV","27.184","°C","1020.000","hPa","36.0","pmil","0","55.700","deg","20.000","°C","100.000","%a.s.","22.210","deg","20.000","°C","971.000","hPa","0.826","-0.01532","0.000401","-0.00012","0","11.08","Humid","30.45","0","49.40","253649.25","SABD0002000012","AAV2.0.0.13","4.0.0.2323","PSt7-10","171027-008","9/15/2022 2:43:31 PM","0000-00","0","no battery","V","","µV","","µV"
"10/14/2022","12:22:30","7","default","171425599","OXY_CH7","25.303","min","206.388","μmol/L","Humid","20.556","deg","93325","µV","27.171","°C","1020.000","hPa","36.0","pmil","0","55.700","deg","20.000","°C","100.000","%a.s.","22.210","deg","20.000","°C","971.000","hPa","0.826","-0.01532","0.000401","-0.00012","0","11.08","Humid","30.45","0","49.40","253663.16","SABD0002000012","AAV2.0.0.13","4.0.0.2323","PSt7-10","171027-008","9/15/2022 2:43:31 PM","0000-00","0","no battery","V","","µV","","µV"
"10/14/2022","12:22:31","7","default","171425599","OXY_CH7","25.320","min","206.387","μmol/L","Humid","20.554","deg","93329","µV","27.178","°C","1020.000","hPa","36.0","pmil","0","55.700","deg","20.000","°C","100.000","%a.s.","22.210","deg","20.000","°C","971.000","hPa","0.826","-0.01532","0.000401","-0.00012","0","11.08","Humid","30.45","0","49.40","253658.53","SABD0002000012","AAV2.0.0.13","4.0.0.2323","PSt7-10","171027-008","9/15/2022 2:43:31 PM","0000-00","0","no battery","V","","µV","","µV"
"10/14/2022","12:22:32","7","default","171425599","OXY_CH7","25.336","min","206.425","μmol/L","Humid","20.554","deg","93329","µV","27.171","°C","1020.000","hPa","36.0","pmil","0","55.700","deg","20.000","°C","100.000","%a.s.","22.210","deg","20.000","°C","971.000","hPa","0.826","-0.01532","0.000401","-0.00012","0","11.08","Humid","30.45","0","49.40","253654.87","SABD0002000012","AAV2.0.0.13","4.0.0.2323","PSt7-10","171027-008","9/15/2022 2:43:31 PM","0000-00","0","no battery","V","","µV","","µV"
"10/14/2022","12:22:33","7","default","171425599","OXY_CH7","25.353","min","206.388","μmol/L","Humid","20.556","deg","93324","µV","27.171","°C","1020.000","hPa","36.0","pmil","0","55.700","deg","20.000","°C","100.000","%a.s.","22.210","deg","20.000","°C","971.000","hPa","0.826","-0.01532","0.000401","-0.00012","0","11.08","Humid","30.45","0","49.40","253653.07","SABD0002000012","AAV2.0.0.13","4.0.0.2323","PSt7-10","171027-008","9/15/2022 2:43:31 PM","0000-00","0","no battery","V","","µV","","µV"
"10/14/2022","12:22:34","7","default","171425599","OXY_CH7","25.369","min","206.350","μmol/L","Humid","20.556","deg","93328","µV","27.178","°C","1020.000","hPa","36.0","pmil","0","55.700","deg","20.000","°C","100.000","%a.s.","22.210","deg","20.000","°C","971.000","hPa","0.826","-0.01532","0.000401","-0.00012","0","11.08","Humid","30.45","0","49.40","253652.09","SABD0002000012","AAV2.0.0.13","4.0.0.2323","PSt7-10","171027-008","9/15/2022 2:43:31 PM","0000-00","0","no battery","V","","µV","","µV"
"10/14/2022","12:22:35","7","default","171425599","OXY_CH7","25.386","min","206.351","μmol/L","Humid","20.558","deg","93328","µV","27.171","°C","1020.000","hPa","36.0","pmil","0","55.700","deg","20.000","°C","100.000","%a.s.","22.210","deg","20.000","°C","971.000","hPa","0.826","-0.01532","0.000401","-0.00012","0","11.08","Humid","30.45","0","49.40","253653.71","SABD0002000012","AAV2.0.0.13","4.0.0.2323","PSt7-10","171027-008","9/15/2022 2:43:31 PM","0000-00","0","no battery","V","","µV","","µV"
"10/14/2022","12:22:36","7","default","171425599","OXY_CH7","25.403","min","206.294","μmol/L","Humid","20.559","deg","93333","µV","27.178","°C","1020.000","hPa","36.0","pmil","0","55.700","deg","20.000","°C","100.000","%a.s.","22.210","deg","20.000","°C","971.000","hPa","0.826","-0.01532","0.000401","-0.00012","0","11.08","Humid","30.45","0","49.40","253651.12","SABD0002000012","AAV2.0.0.13","4.0.0.2323","PSt7-10","171027-008","9/15/2022 2:43:31 PM","0000-00","0","no battery","V","","µV","","µV"
"10/14/2022","12:22:37","7","default","171425599","OXY_CH7","25.419","min","206.331","μmol/L","Humid","20.557","deg","93326","µV","27.178","°C","1020.000","hPa","36.0","pmil","0","55.700","deg","20.000","°C","100.000","%a.s.","22.210","deg","20.000","°C","971.000","hPa","0.826","-0.01532","0.000401","-0.00012","0","11.08","Humid","30.45","0","49.40","253646.24","SABD0002000012","AAV2.0.0.13","4.0.0.2323","PSt7-10","171027-008","9/15/2022 2:43:31 PM","0000-00","0","no battery","V","","µV","","µV"
"10/14/2022","12:22:38","7","default","171425599","OXY_CH7","25.436","min","206.294","μmol/L","Humid","20.559","deg","93323","µV","27.178","°C","1020.000","hPa","36.0","pmil","0","55.700","deg","20.000","°C","100.000","%a.s.","22.210","deg","20.000","°C","971.000","hPa","0.826","-0.01532","0.000401","-0.00012","0","11.08","Humid","30.45","0","49.40","253649.42","SABD0002000012","AAV2.0.0.13","4.0.0.2323","PSt7-10","171027-008","9/15/2022 2:43:31 PM","0000-00","0","no battery","V","","µV","","µV"
"10/14/2022","12:22:39","7","default","171425599","OXY_CH7","25.453","min","206.238","μmol/L","Humid","20.560","deg","93327","µV","27.184","°C","1020.000","hPa","36.0","pmil","0","55.700","deg","20.000","°C","100.000","%a.s.","22.210","deg","20.000","°C","971.000","hPa","0.826","-0.01532","0.000401","-0.00012","0","11.08","Humid","30.45","0","49.40","253646.50","SABD0002000012","AAV2.0.0.13","4.0.0.2323","PSt7-10","171027-008","9/15/2022 2:43:31 PM","0000-00","0","no battery","V","","µV","","µV"
"10/14/2022","12:22:40","7","default","171425599","OXY_CH7","25.470","min","206.257","μmol/L","Humid","20.561","deg","93334","µV","27.178","°C","1020.000","hPa","36.0","pmil","0","55.700","deg","20.000","°C","100.000","%a.s.","22.210","deg","20.000","°C","971.000","hPa","0.826","-0.01532","0.000401","-0.00012","0","11.08","Humid","30.45","0","49.40","253644.33","SABD0002000012","AAV2.0.0.13","4.0.0.2323","PSt7-10","171027-008","9/15/2022 2:43:31 PM","0000-00","0","no battery","V","","µV","","µV"
"10/14/2022","12:22:41","7","default","171425599","OXY_CH7","25.486","min","206.238","μmol/L","Humid","20.562","deg","93333","µV","27.178","°C","1020.000","hPa","36.0","pmil","0","55.700","deg","20.000","°C","100.000","%a.s.","22.210","deg","20.000","°C","971.000","hPa","0.826","-0.01532","0.000401","-0.00012","0","11.08","Humid","30.45","0","49.40","253652.89","SABD0002000012","AAV2.0.0.13","4.0.0.2323","PSt7-10","171027-008","9/15/2022 2:43:31 PM","0000-00","0","no battery","V","","µV","","µV"
"10/14/2022","12:22:42","7","default","171425599","OXY_CH7","25.503","min","206.257","μmol/L","Humid","20.561","deg","93326","µV","27.178","°C","1020.000","hPa","36.0","pmil","0","55.700","deg","20.000","°C","100.000","%a.s.","22.210","deg","20.000","°C","971.000","hPa","0.826","-0.01532","0.000401","-0.00012","0","11.08","Humid","30.45","0","49.40","253632.76","SABD0002000012","AAV2.0.0.13","4.0.0.2323","PSt7-10","171027-008","9/15/2022 2:43:31 PM","0000-00","0","no battery","V","","µV","","µV"
"10/14/2022","12:22:43","7","default","171425599","OXY_CH7","25.519","min","206.239","μmol/L","Humid","20.564","deg","93330","µV","27.171","°C","1020.000","hPa","36.0","pmil","0","55.700","deg","20.000","°C","100.000","%a.s.","22.210","deg","20.000","°C","971.000","hPa","0.826","-0.01532","0.000401","-0.00012","0","11.08","Humid","30.45","0","49.40","253641.08","SABD0002000012","AAV2.0.0.13","4.0.0.2323","PSt7-10","171027-008","9/15/2022 2:43:31 PM","0000-00","0","no battery","V","","µV","","µV"
"10/14/2022","12:22:44","7","default","171425599","OXY_CH7","25.536","min","206.276","μmol/L","Humid","20.560","deg","93337","µV","27.178","°C","1020.000","hPa","36.0","pmil","0","55.700","deg","20.000","°C","100.000","%a.s.","22.210","deg","20.000","°C","971.000","hPa","0.826","-0.01532","0.000401","-0.00012","0","11.08","Humid","30.45","0","49.40","253643.58","SABD0002000012","AAV2.0.0.13","4.0.0.2323","PSt7-10","171027-008","9/15/2022 2:43:31 PM","0000-00","0","no battery","V","","µV","","µV"
"10/14/2022","12:22:45","7","default","171425599","OXY_CH7","25.552","min","206.201","μmol/L","Humid","20.564","deg","93334","µV","27.178","°C","1020.000","hPa","36.0","pmil","0","55.700","deg","20.000","°C","100.000","%a.s.","22.210","deg","20.000","°C","971.000","hPa","0.826","-0.01532","0.000401","-0.00012","0","11.08","Humid","30.45","0","49.40","253637.90","SABD0002000012","AAV2.0.0.13","4.0.0.2323","PSt7-10","171027-008","9/15/2022 2:43:31 PM","0000-00","0","no battery","V","","µV","","µV"
"10/14/2022","12:22:46","7","default","171425599","OXY_CH7","25.569","min","206.276","μmol/L","Humid","20.562","deg","93330","µV","27.171","°C","1020.000","hPa","36.0","pmil","0","55.700","deg","20.000","°C","100.000","%a.s.","22.210","deg","20.000","°C","971.000","hPa","0.826","-0.01532","0.000401","-0.00012","0","11.08","Humid","30.45","0","49.40","253637.37","SABD0002000012","AAV2.0.0.13","4.0.0.2323","PSt7-10","171027-008","9/15/2022 2:43:31 PM","0000-00","0","no battery","V","","µV","","µV"
"10/14/2022","12:22:47","7","default","171425599","OXY_CH7","25.586","min","206.238","μmol/L","Humid","20.562","deg","93332","µV","27.178","°C","1020.000","hPa","36.0","pmil","0","55.700","deg","20.000","°C","100.000","%a.s.","22.210","deg","20.000","°C","971.000","hPa","0.826","-0.01532","0.000401","-0.00012","0","11.08","Humid","30.45","0","49.40","253635.55","SABD0002000012","AAV2.0.0.13","4.0.0.2323","PSt7-10","171027-008","9/15/2022 2:43:31 PM","0000-00","0","no battery","V","","µV","","µV"
"10/14/2022","12:22:48","7","default","171425599","OXY_CH7","25.603","min","206.257","μmol/L","Humid","20.561","deg","93338","µV","27.178","°C","1020.000","hPa","36.0","pmil","0","55.700","deg","20.000","°C","100.000","%a.s.","22.210","deg","20.000","°C","971.000","hPa","0.826","-0.01532","0.000401","-0.00012","0","11.08","Humid","30.45","0","49.40","253638.24","SABD0002000012","AAV2.0.0.13","4.0.0.2323","PSt7-10","171027-008","9/15/2022 2:43:31 PM","0000-00","0","no battery","V","","µV","","µV"
"10/14/2022","12:22:49","7","default","171425599","OXY_CH7","25.620","min","206.258","μmol/L","Humid","20.563","deg","93333","µV","27.171","°C","1020.000","hPa","36.0","pmil","0","55.700","deg","20.000","°C","100.000","%a.s.","22.210","deg","20.000","°C","971.000","hPa","0.826","-0.01532","0.000401","-0.00012","0","11.08","Humid","30.45","0","49.40","253645.33","SABD0002000012","AAV2.0.0.13","4.0.0.2323","PSt7-10","171027-008","9/15/2022 2:43:31 PM","0000-00","0","no battery","V","","µV","","µV"
"10/14/2022","12:22:50","7","default","171425599","OXY_CH7","25.636","min","206.258","μmol/L","Humid","20.563","deg","93335","µV","27.171","°C","1020.000","hPa","36.0","pmil","0","55.700","deg","20.000","°C","100.000","%a.s.","22.210","deg","20.000","°C","971.000","hPa","0.826","-0.01532","0.000401","-0.00012","0","11.08","Humid","30.45","0","49.40","253625.19","SABD0002000012","AAV2.0.0.13","4.0.0.2323","PSt7-10","171027-008","9/15/2022 2:43:31 PM","0000-00","0","no battery","V","","µV","","µV"
"10/14/2022","12:22:51","7","default","171425599","OXY_CH7","25.653","min","206.109","μmol/L","Humid","20.569","deg","93333","µV","27.178","°C","1020.000","hPa","36.0","pmil","0","55.700","deg","20.000","°C","100.000","%a.s.","22.210","deg","20.000","°C","971.000","hPa","0.826","-0.01532","0.000401","-0.00012","0","11.08","Humid","30.45","0","49.40","253626.37","SABD0002000012","AAV2.0.0.13","4.0.0.2323","PSt7-10","171027-008","9/15/2022 2:43:31 PM","0000-00","0","no battery","V","","µV","","µV"
"10/14/2022","12:22:52","7","default","171425599","OXY_CH7","25.670","min","206.128","μmol/L","Humid","20.570","deg","93328","µV","27.171","°C","1020.000","hPa","36.0","pmil","0","55.700","deg","20.000","°C","100.000","%a.s.","22.210","deg","20.000","°C","971.000","hPa","0.826","-0.01532","0.000401","-0.00012","0","11.08","Humid","30.45","0","49.40","253637.81","SABD0002000012","AAV2.0.0.13","4.0.0.2323","PSt7-10","171027-008","9/15/2022 2:43:31 PM","0000-00","0","no battery","V","","µV","","µV"
"10/14/2022","12:22:53","7","default","171425599","OXY_CH7","25.686","min","206.146","μmol/L","Humid","20.567","deg","93335","µV","27.178","°C","1020.000","hPa","36.0","pmil","0","55.700","deg","20.000","°C","100.000","%a.s.","22.210","deg","20.000","°C","971.000","hPa","0.826","-0.01532","0.000401","-0.00012","0","11.08","Humid","30.45","0","49.40","253646.10","SABD0002000012","AAV2.0.0.13","4.0.0.2323","PSt7-10","171027-008","9/15/2022 2:43:31 PM","0000-00","0","no battery","V","","µV","","µV"
"10/14/2022","12:22:54","7","default","171425599","OXY_CH7","25.703","min","206.239","μmol/L","Humid","20.564","deg","93337","µV","27.171","°C","1020.000","hPa","36.0","pmil","0","55.700","deg","20.000","°C","100.000","%a.s.","22.210","deg","20.000","°C","971.000","hPa","0.826","-0.01532","0.000401","-0.00012","0","11.08","Humid","30.45","0","49.40","253629.37","SABD0002000012","AAV2.0.0.13","4.0.0.2323","PSt7-10","171027-008","9/15/2022 2:43:31 PM","0000-00","0","no battery","V","","µV","","µV"
"10/14/2022","12:22:55","7","default","171425599","OXY_CH7","25.719","min","206.166","μmol/L","Humid","20.570","deg","93340","µV","27.165","°C","1020.000","hPa","36.0","pmil","0","55.700","deg","20.000","°C","100.000","%a.s.","22.210","deg","20.000","°C","971.000","hPa","0.826","-0.01532","0.000401","-0.00012","0","11.08","Humid","30.45","0","49.40","253635.61","SABD0002000012","AAV2.0.0.13","4.0.0.2323","PSt7-10","171027-008","9/15/2022 2:43:31 PM","0000-00","0","no battery","V","","µV","","µV"
"10/14/2022","12:22:56","7","default","171425599","OXY_CH7","25.736","min","206.146","μmol/L","Humid","20.567","deg","93339","µV","27.178","°C","1020.000","hPa","36.0","pmil","0","55.700","deg","20.000","°C","100.000","%a.s.","22.210","deg","20.000","°C","971.000","hPa","0.826","-0.01532","0.000401","-0.00012","0","11.08","Humid","30.45","0","49.40","253637.93","SABD0002000012","AAV2.0.0.13","4.0.0.2323","PSt7-10","171027-008","9/15/2022 2:43:31 PM","0000-00","0","no battery","V","","µV","","µV"
"10/14/2022","12:22:57","7","default","171425599","OXY_CH7","25.753","min","206.202","μmol/L","Humid","20.566","deg","93341","µV","27.171","°C","1020.000","hPa","36.0","pmil","0","55.700","deg","20.000","°C","100.000","%a.s.","22.210","deg","20.000","°C","971.000","hPa","0.826","-0.01532","0.000401","-0.00012","0","11.08","Humid","30.45","0","49.40","253636.72","SABD0002000012","AAV2.0.0.13","4.0.0.2323","PSt7-10","171027-008","9/15/2022 2:43:31 PM","0000-00","0","no battery","V","","µV","","µV"
"10/14/2022","12:22:58","7","default","171425599","OXY_CH7","25.770","min","206.184","μmol/L","Humid","20.567","deg","93336","µV","27.171","°C","1020.000","hPa","36.0","pmil","0","55.700","deg","20.000","°C","100.000","%a.s.","22.210","deg","20.000","°C","971.000","hPa","0.826","-0.01532","0.000401","-0.00012","0","11.08","Humid","30.45","0","49.40","253625.33","SABD0002000012","AAV2.0.0.13","4.0.0.2323","PSt7-10","171027-008","9/15/2022 2:43:31 PM","0000-00","0","no battery","V","","µV","","µV"
"10/14/2022","12:22:59","7","default","171425599","OXY_CH7","25.786","min","206.183","μmol/L","Humid","20.565","deg","93335","µV","27.178","°C","1020.000","hPa","36.0","pmil","0","55.700","deg","20.000","°C","100.000","%a.s.","22.210","deg","20.000","°C","971.000","hPa","0.826","-0.01532","0.000401","-0.00012","0","11.08","Humid","30.45","0","49.40","253625.15","SABD0002000012","AAV2.0.0.13","4.0.0.2323","PSt7-10","171027-008","9/15/2022 2:43:31 PM","0000-00","0","no battery","V","","µV","","µV"
"10/14/2022","12:23:00","7","default","171425599","OXY_CH7","25.803","min","206.146","μmol/L","Humid","20.567","deg","93329","µV","27.178","°C","1020.000","hPa","36.0","pmil","0","55.700","deg","20.000","°C","100.000","%a.s.","22.210","deg","20.000","°C","971.000","hPa","0.826","-0.01532","0.000401","-0.00012","0","11.08","Humid","30.45","0","49.40","253610.71","SABD0002000012","AAV2.0.0.13","4.0.0.2323","PSt7-10","171027-008","9/15/2022 2:43:31 PM","0000-00","0","no battery","V","","µV","","µV"
"10/14/2022","12:23:01","7","default","171425599","OXY_CH7","25.819","min","206.184","μmol/L","Humid","20.567","deg","93339","µV","27.171","°C","1020.000","hPa","36.0","pmil","0","55.700","deg","20.000","°C","100.000","%a.s.","22.210","deg","20.000","°C","971.000","hPa","0.826","-0.01532","0.000401","-0.00012","0","11.08","Humid","30.45","0","49.40","253624.03","SABD0002000012","AAV2.0.0.13","4.0.0.2323","PSt7-10","171027-008","9/15/2022 2:43:31 PM","0000-00","0","no battery","V","","µV","","µV"
"10/14/2022","12:23:02","7","default","171425599","OXY_CH7","25.836","min","206.109","μmol/L","Humid","20.569","deg","93339","µV","27.178","°C","1020.000","hPa","36.0","pmil","0","55.700","deg","20.000","°C","100.000","%a.s.","22.210","deg","20.000","°C","971.000","hPa","0.826","-0.01532","0.000401","-0.00012","0","11.08","Humid","30.45","0","49.40","253619.94","SABD0002000012","AAV2.0.0.13","4.0.0.2323","PSt7-10","171027-008","9/15/2022 2:43:31 PM","0000-00","0","no battery","V","","µV","","µV"
"10/14/2022","12:23:03","7","default","171425599","OXY_CH7","25.853","min","206.072","μmol/L","Humid","20.571","deg","93339","µV","27.178","°C","1020.000","hPa","36.0","pmil","0","55.700","deg","20.000","°C","100.000","%a.s.","22.210","deg","20.000","°C","971.000","hPa","0.826","-0.01532","0.000401","-0.00012","0","11.08","Humid","30.45","0","49.40","253627.73","SABD0002000012","AAV2.0.0.13","4.0.0.2323","PSt7-10","171027-008","9/15/2022 2:43:31 PM","0000-00","0","no battery","V","","µV","","µV"
"10/14/2022","12:23:04","7","default","171425599","OXY_CH7","25.869","min","206.110","μmol/L","Humid","20.571","deg","93346","µV","27.171","°C","1020.000","hPa","36.0","pmil","0","55.700","deg","20.000","°C","100.000","%a.s.","22.210","deg","20.000","°C","971.000","hPa","0.826","-0.01532","0.000401","-0.00012","0","11.08","Humid","30.45","0","49.40","253626.11","SABD0002000012","AAV2.0.0.13","4.0.0.2323","PSt7-10","171027-008","9/15/2022 2:43:31 PM","0000-00","0","no battery","V","","µV","","µV"
"10/14/2022","12:23:05","7","default","171425599","OXY_CH7","25.886","min","206.072","μmol/L","Humid","20.573","deg","93342","µV","27.171","°C","1020.000","hPa","36.0","pmil","0","55.700","deg","20.000","°C","100.000","%a.s.","22.210","deg","20.000","°C","971.000","hPa","0.826","-0.01532","0.000401","-0.00012","0","11.08","Humid","30.45","0","49.40","253626.55","SABD0002000012","AAV2.0.0.13","4.0.0.2323","PSt7-10","171027-008","9/15/2022 2:43:31 PM","0000-00","0","no battery","V","","µV","","µV"
"10/14/2022","12:23:06","7","default","171425599","OXY_CH7","25.903","min","206.035","μmol/L","Humid","20.573","deg","93339","µV","27.178","°C","1020.000","hPa","36.0","pmil","0","55.700","deg","20.000","°C","100.000","%a.s.","22.210","deg","20.000","°C","971.000","hPa","0.826","-0.01532","0.000401","-0.00012","0","11.08","Humid","30.45","0","49.40","253626.98","SABD0002000012","AAV2.0.0.13","4.0.0.2323","PSt7-10","171027-008","9/15/2022 2:43:31 PM","0000-00","0","no battery","V","","µV","","µV"
"10/14/2022","12:23:07","7","default","171425599","OXY_CH7","25.920","min","206.072","μmol/L","Humid","20.571","deg","93338","µV","27.178","°C","1020.000","hPa","36.0","pmil","0","55.700","deg","20.000","°C","100.000","%a.s.","22.210","deg","20.000","°C","971.000","hPa","0.826","-0.01532","0.000401","-0.00012","0","11.08","Humid","30.45","0","49.40","253627.08","SABD0002000012","AAV2.0.0.13","4.0.0.2323","PSt7-10","171027-008","9/15/2022 2:43:31 PM","0000-00","0","no battery","V","","µV","","µV"
"10/14/2022","12:23:08","7","default","171425599","OXY_CH7","25.936","min","206.053","μmol/L","Humid","20.572","deg","93343","µV","27.178","°C","1020.000","hPa","36.0","pmil","0","55.700","deg","20.000","°C","100.000","%a.s.","22.210","deg","20.000","°C","971.000","hPa","0.826","-0.01532","0.000401","-0.00012","0","11.08","Humid","30.45","0","49.40","253617.90","SABD0002000012","AAV2.0.0.13","4.0.0.2323","PSt7-10","171027-008","9/15/2022 2:43:31 PM","0000-00","0","no battery","V","","µV","","µV"
"10/14/2022","12:23:09","7","default","171425599","OXY_CH7","25.953","min","206.090","μmol/L","Humid","20.570","deg","93339","µV","27.178","°C","1020.000","hPa","36.0","pmil","0","55.700","deg","20.000","°C","100.000","%a.s.","22.210","deg","20.000","°C","971.000","hPa","0.826","-0.01532","0.000401","-0.00012","0","11.08","Humid","30.45","0","49.40","253629.85","SABD0002000012","AAV2.0.0.13","4.0.0.2323","PSt7-10","171027-008","9/15/2022 2:43:31 PM","0000-00","0","no battery","V","","µV","","µV"
"10/14/2022","12:23:10","7","default","171425599","OXY_CH7","25.969","min","206.035","μmol/L","Humid","20.573","deg","93346","µV","27.178","°C","1020.000","hPa","36.0","pmil","0","55.700","deg","20.000","°C","100.000","%a.s.","22.210","deg","20.000","°C","971.000","hPa","0.826","-0.01532","0.000401","-0.00012","0","11.08","Humid","30.45","0","49.40","253627.46","SABD0002000012","AAV2.0.0.13","4.0.0.2323","PSt7-10","171027-008","9/15/2022 2:43:31 PM","0000-00","0","no battery","V","","µV","","µV"
"10/14/2022","12:23:11","7","default","171425599","OXY_CH7","25.986","min","206.016","μmol/L","Humid","20.574","deg","93341","µV","27.178","°C","1020.000","hPa","36.0","pmil","0","55.700","deg","20.000","°C","100.000","%a.s.","22.210","deg","20.000","°C","971.000","hPa","0.826","-0.01532","0.000401","-0.00012","0","11.08","Humid","30.45","0","49.40","253629.00","SABD0002000012","AAV2.0.0.13","4.0.0.2323","PSt7-10","171027-008","9/15/2022 2:43:31 PM","0000-00","0","no battery","V","","µV","","µV"
"10/14/2022","12:23:12","7","default","171425599","OXY_CH7","26.003","min","206.017","μmol/L","Humid","20.576","deg","93351","µV","27.171","°C","1020.000","hPa","36.0","pmil","0","55.700","deg","20.000","°C","100.000","%a.s.","22.210","deg","20.000","°C","971.000","hPa","0.826","-0.01532","0.000401","-0.00012","0","11.08","Humid","30.45","0","49.40","253644.40","SABD0002000012","AAV2.0.0.13","4.0.0.2323","PSt7-10","171027-008","9/15/2022 2:43:31 PM","0000-00","0","no battery","V","","µV","","µV"
"10/14/2022","12:23:13","7","default","171425599","OXY_CH7","26.019","min","206.072","μmol/L","Humid","20.571","deg","93350","µV","27.178","°C","1020.000","hPa","36.0","pmil","0","55.700","deg","20.000","°C","100.000","%a.s.","22.210","deg","20.000","°C","971.000","hPa","0.826","-0.01532","0.000401","-0.00012","0","11.08","Humid","30.45","0","49.40","253623.07","SABD0002000012","AAV2.0.0.13","4.0.0.2323","PSt7-10","171027-008","9/15/2022 2:43:31 PM","0000-00","0","no battery","V","","µV","","µV"
"10/14/2022","12:23:14","7","default","171425599","OXY_CH7","26.036","min","206.072","μmol/L","Humid","20.573","deg","93347","µV","27.171","°C","1020.000","hPa","36.0","pmil","0","55.700","deg","20.000","°C","100.000","%a.s.","22.210","deg","20.000","°C","971.000","hPa","0.826","-0.01532","0.000401","-0.00012","0","11.08","Humid","30.45","0","49.40","253629.94","SABD0002000012","AAV2.0.0.13","4.0.0.2323","PSt7-10","171027-008","9/15/2022 2:43:31 PM","0000-00","0","no battery","V","","µV","","µV"
"10/14/2022","12:23:15","7","default","171425599","OXY_CH7","26.053","min","205.941","μmol/L","Humid","20.576","deg","93344","µV","27.184","°C","1020.000","hPa","36.0","pmil","0","55.700","deg","20.000","°C","100.000","%a.s.","22.210","deg","20.000","°C","971.000","hPa","0.826","-0.01532","0.000401","-0.00012","0","11.08","Humid","30.45","0","49.40","253617.83","SABD0002000012","AAV2.0.0.13","4.0.0.2323","PSt7-10","171027-008","9/15/2022 2:43:31 PM","0000-00","0","no battery","V","","µV","","µV"
"10/14/2022","12:23:16","7","default","171425599","OXY_CH7","26.070","min","206.072","μmol/L","Humid","20.573","deg","93346","µV","27.171","°C","1020.000","hPa","36.0","pmil","0","55.700","deg","20.000","°C","100.000","%a.s.","22.210","deg","20.000","°C","971.000","hPa","0.826","-0.01532","0.000401","-0.00012","0","11.08","Humid","30.45","0","49.40","253631.40","SABD0002000012","AAV2.0.0.13","4.0.0.2323","PSt7-10","171027-008","9/15/2022 2:43:31 PM","0000-00","0","no battery","V","","µV","","µV"
"10/14/2022","12:23:17","7","default","171425599","OXY_CH7","26.086","min","205.941","μmol/L","Humid","20.576","deg","93345","µV","27.184","°C","1020.000","hPa","36.0","pmil","0","55.700","deg","20.000","°C","100.000","%a.s.","22.210","deg","20.000","°C","971.000","hPa","0.826","-0.01532","0.000401","-0.00012","0","11.08","Humid","30.45","0","49.40","253614.00","SABD0002000012","AAV2.0.0.13","4.0.0.2323","PSt7-10","171027-008","9/15/2022 2:43:31 PM","0000-00","0","no battery","V","","µV","","µV"
"10/14/2022","12:23:18","7","default","171425599","OXY_CH7","26.103","min","206.035","μmol/L","Humid","20.575","deg","93349","µV","27.171","°C","1020.000","hPa","36.0","pmil","0","55.700","deg","20.000","°C","100.000","%a.s.","22.210","deg","20.000","°C","971.000","hPa","0.826","-0.01532","0.000401","-0.00012","0","11.08","Humid","30.45","0","49.40","253613.02","SABD0002000012","AAV2.0.0.13","4.0.0.2323","PSt7-10","171027-008","9/15/2022 2:43:31 PM","0000-00","0","no battery","V","","µV","","µV"
"10/14/2022","12:23:19","7","default","171425599","OXY_CH7","26.120","min","205.943","μmol/L","Humid","20.580","deg","93349","µV","27.171","°C","1020.000","hPa","36.0","pmil","0","55.700","deg","20.000","°C","100.000","%a.s.","22.210","deg","20.000","°C","971.000","hPa","0.826","-0.01532","0.000401","-0.00012","0","11.08","Humid","30.45","0","49.40","253613.34","SABD0002000012","AAV2.0.0.13","4.0.0.2323","PSt7-10","171027-008","9/15/2022 2:43:31 PM","0000-00","0","no battery","V","","µV","","µV"
"10/14/2022","12:23:20","7","default","171425599","OXY_CH7","26.136","min","205.980","μmol/L","Humid","20.578","deg","93352","µV","27.171","°C","1020.000","hPa","36.0","pmil","0","55.700","deg","20.000","°C","100.000","%a.s.","22.210","deg","20.000","°C","971.000","hPa","0.826","-0.01532","0.000401","-0.00012","0","11.08","Humid","30.45","0","49.40","253633.16","SABD0002000012","AAV2.0.0.13","4.0.0.2323","PSt7-10","171027-008","9/15/2022 2:43:31 PM","0000-00","0","no battery","V","","µV","","µV"
"10/14/2022","12:23:21","7","default","171425599","OXY_CH7","26.152","min","205.924","μmol/L","Humid","20.579","deg","93341","µV","27.178","°C","1020.000","hPa","36.0","pmil","0","55.700","deg","20.000","°C","100.000","%a.s.","22.210","deg","20.000","°C","971.000","hPa","0.826","-0.01532","0.000401","-0.00012","0","11.08","Humid","30.45","0","49.40","253625.96","SABD0002000012","AAV2.0.0.13","4.0.0.2323","PSt7-10","171027-008","9/15/2022 2:43:31 PM","0000-00","0","no battery","V","","µV","","µV"
"10/14/2022","12:23:22","7","default","171425599","OXY_CH7","26.169","min","206.035","μmol/L","Humid","20.575","deg","93349","µV","27.171","°C","1020.000","hPa","36.0","pmil","0","55.700","deg","20.000","°C","100.000","%a.s.","22.210","deg","20.000","°C","971.000","hPa","0.826","-0.01532","0.000401","-0.00012","0","11.08","Humid","30.45","0","49.40","253603.51","SABD0002000012","AAV2.0.0.13","4.0.0.2323","PSt7-10","171027-008","9/15/2022 2:43:31 PM","0000-00","0","no battery","V","","µV","","µV"
"10/14/2022","12:23:23","7","default","171425599","OXY_CH7","26.186","min","205.887","μmol/L","Humid","20.581","deg","93347","µV","27.178","°C","1020.000","hPa","36.0","pmil","0","55.700","deg","20.000","°C","100.000","%a.s.","22.210","deg","20.000","°C","971.000","hPa","0.826","-0.01532","0.000401","-0.00012","0","11.08","Humid","30.45","0","49.40","253608.80","SABD0002000012","AAV2.0.0.13","4.0.0.2323","PSt7-10","171027-008","9/15/2022 2:43:31 PM","0000-00","0","no battery","V","","µV","","µV"
"10/14/2022","12:23:24","7","default","171425599","OXY_CH7","26.203","min","206.017","μmol/L","Humid","20.576","deg","93352","µV","27.171","°C","1020.000","hPa","36.0","pmil","0","55.700","deg","20.000","°C","100.000","%a.s.","22.210","deg","20.000","°C","971.000","hPa","0.826","-0.01532","0.000401","-0.00012","0","11.08","Humid","30.45","0","49.40","253605.17","SABD0002000012","AAV2.0.0.13","4.0.0.2323","PSt7-10","171027-008","9/15/2022 2:43:31 PM","0000-00","0","no battery","V","","µV","","µV"
"10/14/2022","12:23:25","7","default","171425599","OXY_CH7","26.219","min","205.868","μmol/L","Humid","20.582","deg","93356","µV","27.178","°C","1020.000","hPa","36.0","pmil","0","55.700","deg","20.000","°C","100.000","%a.s.","22.210","deg","20.000","°C","971.000","hPa","0.826","-0.01532","0.000401","-0.00012","0","11.08","Humid","30.45","0","49.40","253593.33","SABD0002000012","AAV2.0.0.13","4.0.0.2323","PSt7-10","171027-008","9/15/2022 2:43:31 PM","0000-00","0","no battery","V","","µV","","µV"
"10/14/2022","12:23:26","7","default","171425599","OXY_CH7","26.236","min","205.943","μmol/L","Humid","20.580","deg","93356","µV","27.171","°C","1020.000","hPa","36.0","pmil","0","55.700","deg","20.000","°C","100.000","%a.s.","22.210","deg","20.000","°C","971.000","hPa","0.826","-0.01532","0.000401","-0.00012","0","11.08","Humid","30.45","0","49.40","253606.73","SABD0002000012","AAV2.0.0.13","4.0.0.2323","PSt7-10","171027-008","9/15/2022 2:43:31 PM","0000-00","0","no battery","V","","µV","","µV"
"10/14/2022","12:23:27","7","default","171425599","OXY_CH7","26.253","min","205.907","μmol/L","Humid","20.584","deg","93360","µV","27.165","°C","1020.000","hPa","36.0","pmil","0","55.700","deg","20.000","°C","100.000","%a.s.","22.210","deg","20.000","°C","971.000","hPa","0.826","-0.01532","0.000401","-0.00012","0","11.08","Humid","30.45","0","49.40","253603.47","SABD0002000012","AAV2.0.0.13","4.0.0.2323","PSt7-10","171027-008","9/15/2022 2:43:31 PM","0000-00","0","no battery","V","","µV","","µV"
"10/14/2022","12:23:28","7","default","171425599","OXY_CH7","26.270","min","205.887","μmol/L","Humid","20.583","deg","93356","µV","27.171","°C","1020.000","hPa","36.0","pmil","0","55.700","deg","20.000","°C","100.000","%a.s.","22.210","deg","20.000","°C","971.000","hPa","0.826","-0.01532","0.000401","-0.00012","0","11.08","Humid","30.45","0","49.40","253613.08","SABD0002000012","AAV2.0.0.13","4.0.0.2323","PSt7-10","171027-008","9/15/2022 2:43:31 PM","0000-00","0","no battery","V","","µV","","µV"
"10/14/2022","12:23:29","7","default","171425599","OXY_CH7","26.286","min","205.812","μmol/L","Humid","20.583","deg","93361","µV","27.184","°C","1020.000","hPa","36.0","pmil","0","55.700","deg","20.000","°C","100.000","%a.s.","22.210","deg","20.000","°C","971.000","hPa","0.826","-0.01532","0.000401","-0.00012","0","11.08","Humid","30.45","0","49.40","253610.41","SABD0002000012","AAV2.0.0.13","4.0.0.2323","PSt7-10","171027-008","9/15/2022 2:43:31 PM","0000-00","0","no battery","V","","µV","","µV"
"10/14/2022","12:23:30","7","default","171425599","OXY_CH7","26.302","min","205.943","μmol/L","Humid","20.580","deg","93361","µV","27.171","°C","1020.000","hPa","36.0","pmil","0","55.700","deg","20.000","°C","100.000","%a.s.","22.210","deg","20.000","°C","971.000","hPa","0.826","-0.01532","0.000401","-0.00012","0","11.08","Humid","30.45","0","49.40","253596.25","SABD0002000012","AAV2.0.0.13","4.0.0.2323","PSt7-10","171027-008","9/15/2022 2:43:31 PM","0000-00","0","no battery","V","","µV","","µV"
"10/14/2022","12:23:31","7","default","171425599","OXY_CH7","26.319","min","205.794","μmol/L","Humid","20.586","deg","93360","µV","27.178","°C","1020.000","hPa","36.0","pmil","0","55.700","deg","20.000","°C","100.000","%a.s.","22.210","deg","20.000","°C","971.000","hPa","0.826","-0.01532","0.000401","-0.00012","0","11.08","Humid","30.45","0","49.40","253595.50","SABD0002000012","AAV2.0.0.13","4.0.0.2323","PSt7-10","171027-008","9/15/2022 2:43:31 PM","0000-00","0","no battery","V","","µV","","µV"
"10/14/2022","12:23:32","7","default","171425599","OXY_CH7","26.336","min","205.869","μmol/L","Humid","20.584","deg","93356","µV","27.171","°C","1020.000","hPa","36.0","pmil","0","55.700","deg","20.000","°C","100.000","%a.s.","22.210","deg","20.000","°C","971.000","hPa","0.826","-0.01532","0.000401","-0.00012","0","11.08","Humid","30.45","0","49.40","253601.76","SABD0002000012","AAV2.0.0.13","4.0.0.2323","PSt7-10","171027-008","9/15/2022 2:43:31 PM","0000-00","0","no battery","V","","µV","","µV"
"10/14/2022","12:23:33","7","default","171425599","OXY_CH7","26.353","min","205.887","μmol/L","Humid","20.581","deg","93362","µV","27.178","°C","1020.000","hPa","36.0","pmil","0","55.700","deg","20.000","°C","100.000","%a.s.","22.210","deg","20.000","°C","971.000","hPa","0.826","-0.01532","0.000401","-0.00012","0","11.08","Humid","30.45","0","49.40","253603.18","SABD0002000012","AAV2.0.0.13","4.0.0.2323","PSt7-10","171027-008","9/15/2022 2:43:31 PM","0000-00","0","no battery","V","","µV","","µV"
"10/14/2022","12:23:34","7","default","171425599","OXY_CH7","26.369","min","205.832","μmol/L","Humid","20.586","deg","93369","µV","27.171","°C","1020.000","hPa","36.0","pmil","0","55.700","deg","20.000","°C","100.000","%a.s.","22.210","deg","20.000","°C","971.000","hPa","0.826","-0.01532","0.000401","-0.00012","0","11.08","Humid","30.45","0","49.40","253600.46","SABD0002000012","AAV2.0.0.13","4.0.0.2323","PSt7-10","171027-008","9/15/2022 2:43:31 PM","0000-00","0","no battery","V","","µV","","µV"
"10/14/2022","12:23:35","7","default","171425599","OXY_CH7","26.386","min","205.794","μmol/L","Humid","20.586","deg","93361","µV","27.178","°C","1020.000","hPa","36.0","pmil","0","55.700","deg","20.000","°C","100.000","%a.s.","22.210","deg","20.000","°C","971.000","hPa","0.826","-0.01532","0.000401","-0.00012","0","11.08","Humid","30.45","0","49.40","253597.36","SABD0002000012","AAV2.0.0.13","4.0.0.2323","PSt7-10","171027-008","9/15/2022 2:43:31 PM","0000-00","0","no battery","V","","µV","","µV"
"10/14/2022","12:23:36","7","default","171425599","OXY_CH7","26.403","min","205.794","μmol/L","Humid","20.586","deg","93364","µV","27.178","°C","1020.000","hPa","36.0","pmil","0","55.700","deg","20.000","°C","100.000","%a.s.","22.210","deg","20.000","°C","971.000","hPa","0.826","-0.01532","0.000401","-0.00012","0","11.08","Humid","30.45","0","49.40","253602.20","SABD0002000012","AAV2.0.0.13","4.0.0.2323","PSt7-10","171027-008","9/15/2022 2:43:31 PM","0000-00","0","no battery","V","","µV","","µV"
"10/14/2022","12:23:37","7","default","171425599","OXY_CH7","26.420","min","205.833","μmol/L","Humid","20.588","deg","93366","µV","27.165","°C","1020.000","hPa","36.0","pmil","0","55.700","deg","20.000","°C","100.000","%a.s.","22.210","deg","20.000","°C","971.000","hPa","0.826","-0.01532","0.000401","-0.00012","0","11.08","Humid","30.45","0","49.40","253606.99","SABD0002000012","AAV2.0.0.13","4.0.0.2323","PSt7-10","171027-008","9/15/2022 2:43:31 PM","0000-00","0","no battery","V","","µV","","µV"
"10/14/2022","12:23:38","7","default","171425599","OXY_CH7","26.436","min","205.776","μmol/L","Humid","20.587","deg","93362","µV","27.178","°C","1020.000","hPa","36.0","pmil","0","55.700","deg","20.000","°C","100.000","%a.s.","22.210","deg","20.000","°C","971.000","hPa","0.826","-0.01532","0.000401","-0.00012","0","11.08","Humid","30.45","0","49.40","253590.93","SABD0002000012","AAV2.0.0.13","4.0.0.2323","PSt7-10","171027-008","9/15/2022 2:43:31 PM","0000-00","0","no battery","V","","µV","","µV"
"10/14/2022","12:23:39","7","default","171425599","OXY_CH7","26.452","min","205.758","μmol/L","Humid","20.590","deg","93359","µV","27.171","°C","1020.000","hPa","36.0","pmil","0","55.700","deg","20.000","°C","100.000","%a.s.","22.210","deg","20.000","°C","971.000","hPa","0.826","-0.01532","0.000401","-0.00012","0","11.08","Humid","30.45","0","49.40","253598.80","SABD0002000012","AAV2.0.0.13","4.0.0.2323","PSt7-10","171027-008","9/15/2022 2:43:31 PM","0000-00","0","no battery","V","","µV","","µV"
"10/14/2022","12:23:40","7","default","171425599","OXY_CH7","26.469","min","205.702","μmol/L","Humid","20.591","deg","93367","µV","27.178","°C","1020.000","hPa","36.0","pmil","0","55.700","deg","20.000","°C","100.000","%a.s.","22.210","deg","20.000","°C","971.000","hPa","0.826","-0.01532","0.000401","-0.00012","0","11.08","Humid","30.45","0","49.40","253591.34","SABD0002000012","AAV2.0.0.13","4.0.0.2323","PSt7-10","171027-008","9/15/2022 2:43:31 PM","0000-00","0","no battery","V","","µV","","µV"
"10/14/2022","12:23:41","7","default","171425599","OXY_CH7","26.486","min","205.757","μmol/L","Humid","20.588","deg","93367","µV","27.178","°C","1020.000","hPa","36.0","pmil","0","55.700","deg","20.000","°C","100.000","%a.s.","22.210","deg","20.000","°C","971.000","hPa","0.826","-0.01532","0.000401","-0.00012","0","11.08","Humid","30.45","0","49.40","253606.13","SABD0002000012","AAV2.0.0.13","4.0.0.2323","PSt7-10","171027-008","9/15/2022 2:43:31 PM","0000-00","0","no battery","V","","µV","","µV"
"10/14/2022","12:23:42","7","default","171425599","OXY_CH7","26.503","min","205.666","μmol/L","Humid","20.595","deg","93366","µV","27.171","°C","1020.000","hPa","36.0","pmil","0","55.700","deg","20.000","°C","100.000","%a.s.","22.210","deg","20.000","°C","971.000","hPa","0.826","-0.01532","0.000401","-0.00012","0","11.08","Humid","30.45","0","49.40","253592.50","SABD0002000012","AAV2.0.0.13","4.0.0.2323","PSt7-10","171027-008","9/15/2022 2:43:31 PM","0000-00","0","no battery","V","","µV","","µV"
"10/14/2022","12:23:43","7","default","171425599","OXY_CH7","26.520","min","205.682","μmol/L","Humid","20.590","deg","93370","µV","27.184","°C","1020.000","hPa","36.0","pmil","0","55.700","deg","20.000","°C","100.000","%a.s.","22.210","deg","20.000","°C","971.000","hPa","0.826","-0.01532","0.000401","-0.00012","0","11.08","Humid","30.45","0","49.40","253586.85","SABD0002000012","AAV2.0.0.13","4.0.0.2323","PSt7-10","171027-008","9/15/2022 2:43:31 PM","0000-00","0","no battery","V","","µV","","µV"
"10/14/2022","12:23:44","7","default","171425599","OXY_CH7","26.536","min","205.758","μmol/L","Humid","20.590","deg","93364","µV","27.171","°C","1020.000","hPa","36.0","pmil","0","55.700","deg","20.000","°C","100.000","%a.s.","22.210","deg","20.000","°C","971.000","hPa","0.826","-0.01532","0.000401","-0.00012","0","11.08","Humid","30.45","0","49.40","253587.25","SABD0002000012","AAV2.0.0.13","4.0.0.2323","PSt7-10","171027-008","9/15/2022 2:43:31 PM","0000-00","0","no battery","V","","µV","","µV"
"10/14/2022","12:23:45","7","default","171425599","OXY_CH7","26.553","min","205.702","μmol/L","Humid","20.593","deg","93368","µV","27.171","°C","1020.000","hPa","36.0","pmil","0","55.700","deg","20.000","°C","100.000","%a.s.","22.210","deg","20.000","°C","971.000","hPa","0.826","-0.01532","0.000401","-0.00012","0","11.08","Humid","30.45","0","49.40","253591.07","SABD0002000012","AAV2.0.0.13","4.0.0.2323","PSt7-10","171027-008","9/15/2022 2:43:31 PM","0000-00","0","no battery","V","","µV","","µV"
"10/14/2022","12:23:46","7","default","171425599","OXY_CH7","26.570","min","205.702","μmol/L","Humid","20.591","deg","93360","µV","27.178","°C","1020.000","hPa","36.0","pmil","0","55.700","deg","20.000","°C","100.000","%a.s.","22.210","deg","20.000","°C","971.000","hPa","0.826","-0.01532","0.000401","-0.00012","0","11.08","Humid","30.45","0","49.40","253589.65","SABD0002000012","AAV2.0.0.13","4.0.0.2323","PSt7-10","171027-008","9/15/2022 2:43:31 PM","0000-00","0","no battery","V","","µV","","µV"
"10/14/2022","12:23:47","7","default","171425599","OXY_CH7","26.586","min","205.758","μmol/L","Humid","20.590","deg","93370","µV","27.171","°C","1020.000","hPa","36.0","pmil","0","55.700","deg","20.000","°C","100.000","%a.s.","22.210","deg","20.000","°C","971.000","hPa","0.826","-0.01532","0.000401","-0.00012","0","11.08","Humid","30.45","0","49.40","253599.84","SABD0002000012","AAV2.0.0.13","4.0.0.2323","PSt7-10","171027-008","9/15/2022 2:43:31 PM","0000-00","0","no battery","V","","µV","","µV"
"10/14/2022","12:23:48","7","default","171425599","OXY_CH7","26.602","min","205.683","μmol/L","Humid","20.592","deg","93372","µV","27.178","°C","1020.000","hPa","36.0","pmil","0","55.700","deg","20.000","°C","100.000","%a.s.","22.210","deg","20.000","°C","971.000","hPa","0.826","-0.01532","0.000401","-0.00012","0","11.08","Humid","30.45","0","49.40","253600.94","SABD0002000012","AAV2.0.0.13","4.0.0.2323","PSt7-10","171027-008","9/15/2022 2:43:31 PM","0000-00","0","no battery","V","","µV","","µV"
"10/14/2022","12:23:49","7","default","171425599","OXY_CH7","26.619","min","205.739","μmol/L","Humid","20.591","deg","93376","µV","27.171","°C","1020.000","hPa","36.0","pmil","0","55.700","deg","20.000","°C","100.000","%a.s.","22.210","deg","20.000","°C","971.000","hPa","0.826","-0.01532","0.000401","-0.00012","0","11.08","Humid","30.45","0","49.40","253609.37","SABD0002000012","AAV2.0.0.13","4.0.0.2323","PSt7-10","171027-008","9/15/2022 2:43:31 PM","0000-00","0","no battery","V","","µV","","µV"
"10/14/2022","12:23:50","7","default","171425599","OXY_CH7","26.636","min","205.739","μmol/L","Humid","20.589","deg","93371","µV","27.178","°C","1020.000","hPa","36.0","pmil","0","55.700","deg","20.000","°C","100.000","%a.s.","22.210","deg","20.000","°C","971.000","hPa","0.826","-0.01532","0.000401","-0.00012","0","11.08","Humid","30.45","0","49.40","253595.75","SABD0002000012","AAV2.0.0.13","4.0.0.2323","PSt7-10","171027-008","9/15/2022 2:43:31 PM","0000-00","0","no battery","V","","µV","","µV"
"10/14/2022","12:23:51","7","default","171425599","OXY_CH7","26.653","min","205.739","μmol/L","Humid","20.589","deg","93369","µV","27.178","°C","1020.000","hPa","36.0","pmil","0","55.700","deg","20.000","°C","100.000","%a.s.","22.210","deg","20.000","°C","971.000","hPa","0.826","-0.01532","0.000401","-0.00012","0","11.08","Humid","30.45","0","49.40","253580.90","SABD0002000012","AAV2.0.0.13","4.0.0.2323","PSt7-10","171027-008","9/15/2022 2:43:31 PM","0000-00","0","no battery","V","","µV","","µV"
"10/14/2022","12:23:52","7","default","171425599","OXY_CH7","26.669","min","205.683","μmol/L","Humid","20.592","deg","93369","µV","27.178","°C","1020.000","hPa","36.0","pmil","0","55.700","deg","20.000","°C","100.000","%a.s.","22.210","deg","20.000","°C","971.000","hPa","0.826","-0.01532","0.000401","-0.00012","0","11.08","Humid","30.45","0","49.40","253595.17","SABD0002000012","AAV2.0.0.13","4.0.0.2323","PSt7-10","171027-008","9/15/2022 2:43:31 PM","0000-00","0","no battery","V","","µV","","µV"
"10/14/2022","12:23:53","7","default","171425599","OXY_CH7","26.686","min","205.702","μmol/L","Humid","20.593","deg","93378","µV","27.171","°C","1020.000","hPa","36.0","pmil","0","55.700","deg","20.000","°C","100.000","%a.s.","22.210","deg","20.000","°C","971.000","hPa","0.826","-0.01532","0.000401","-0.00012","0","11.08","Humid","30.45","0","49.40","253593.74","SABD0002000012","AAV2.0.0.13","4.0.0.2323","PSt7-10","171027-008","9/15/2022 2:43:31 PM","0000-00","0","no battery","V","","µV","","µV"
"10/14/2022","12:23:54","7","default","171425599","OXY_CH7","26.703","min","205.665","μmol/L","Humid","20.593","deg","93370","µV","27.178","°C","1020.000","hPa","36.0","pmil","0","55.700","deg","20.000","°C","100.000","%a.s.","22.210","deg","20.000","°C","971.000","hPa","0.826","-0.01532","0.000401","-0.00012","0","11.08","Humid","30.45","0","49.40","253588.37","SABD0002000012","AAV2.0.0.13","4.0.0.2323","PSt7-10","171027-008","9/15/2022 2:43:31 PM","0000-00","0","no battery","V","","µV","","µV"
"10/14/2022","12:23:55","7","default","171425599","OXY_CH7","26.720","min","205.628","μmol/L","Humid","20.595","deg","93373","µV","27.178","°C","1020.000","hPa","36.0","pmil","0","55.700","deg","20.000","°C","100.000","%a.s.","22.210","deg","20.000","°C","971.000","hPa","0.826","-0.01532","0.000401","-0.00012","0","11.08","Humid","30.45","0","49.40","253577.88","SABD0002000012","AAV2.0.0.13","4.0.0.2323","PSt7-10","171027-008","9/15/2022 2:43:31 PM","0000-00","0","no battery","V","","µV","","µV"
"10/14/2022","12:23:56","7","default","171425599","OXY_CH7","26.736","min","205.609","μmol/L","Humid","20.596","deg","93378","µV","27.178","°C","1020.000","hPa","36.0","pmil","0","55.700","deg","20.000","°C","100.000","%a.s.","22.210","deg","20.000","°C","971.000","hPa","0.826","-0.01532","0.000401","-0.00012","0","11.08","Humid","30.45","0","49.40","253579.98","SABD0002000012","AAV2.0.0.13","4.0.0.2323","PSt7-10","171027-008","9/15/2022 2:43:31 PM","0000-00","0","no battery","V","","µV","","µV"
"10/14/2022","12:23:57","7","default","171425599","OXY_CH7","26.752","min","205.629","μmol/L","Humid","20.597","deg","93369","µV","27.171","°C","1020.000","hPa","36.0","pmil","0","55.700","deg","20.000","°C","100.000","%a.s.","22.210","deg","20.000","°C","971.000","hPa","0.826","-0.01532","0.000401","-0.00012","0","11.08","Humid","30.45","0","49.40","253577.05","SABD0002000012","AAV2.0.0.13","4.0.0.2323","PSt7-10","171027-008","9/15/2022 2:43:31 PM","0000-00","0","no battery","V","","µV","","µV"
"10/14/2022","12:23:58","7","default","171425599","OXY_CH7","26.769","min","205.628","μmol/L","Humid","20.595","deg","93377","µV","27.178","°C","1020.000","hPa","36.0","pmil","0","55.700","deg","20.000","°C","100.000","%a.s.","22.210","deg","20.000","°C","971.000","hPa","0.826","-0.01532","0.000401","-0.00012","0","11.08","Humid","30.45","0","49.40","253576.25","SABD0002000012","AAV2.0.0.13","4.0.0.2323","PSt7-10","171027-008","9/15/2022 2:43:31 PM","0000-00","0","no battery","V","","µV","","µV"
"10/14/2022","12:23:59","7","default","171425599","OXY_CH7","26.786","min","205.629","μmol/L","Humid","20.597","deg","93385","µV","27.171","°C","1020.000","hPa","36.0","pmil","0","55.700","deg","20.000","°C","100.000","%a.s.","22.210","deg","20.000","°C","971.000","hPa","0.826","-0.01532","0.000401","-0.00012","0","11.08","Humid","30.45","0","49.40","253579.47","SABD0002000012","AAV2.0.0.13","4.0.0.2323","PSt7-10","171027-008","9/15/2022 2:43:31 PM","0000-00","0","no battery","V","","µV","","µV"
"10/14/2022","12:24:00","7","default","171425599","OXY_CH7","26.803","min","205.740","μmol/L","Humid","20.593","deg","93382","µV","27.165","°C","1020.000","hPa","36.0","pmil","0","55.700","deg","20.000","°C","100.000","%a.s.","22.210","deg","20.000","°C","971.000","hPa","0.826","-0.01532","0.000401","-0.00012","0","11.08","Humid","30.45","0","49.40","253578.97","SABD0002000012","AAV2.0.0.13","4.0.0.2323","PSt7-10","171027-008","9/15/2022 2:43:31 PM","0000-00","0","no battery","V","","µV","","µV"
"10/14/2022","12:24:01","7","default","171425599","OXY_CH7","26.820","min","205.685","μmol/L","Humid","20.596","deg","93382","µV","27.165","°C","1020.000","hPa","36.0","pmil","0","55.700","deg","20.000","°C","100.000","%a.s.","22.210","deg","20.000","°C","971.000","hPa","0.826","-0.01532","0.000401","-0.00012","0","11.08","Humid","30.45","0","49.40","253584.75","SABD0002000012","AAV2.0.0.13","4.0.0.2323","PSt7-10","171027-008","9/15/2022 2:43:31 PM","0000-00","0","no battery","V","","µV","","µV"
"10/14/2022","12:24:02","7","default","171425599","OXY_CH7","26.836","min","205.685","μmol/L","Humid","20.596","deg","93380","µV","27.165","°C","1020.000","hPa","36.0","pmil","0","55.700","deg","20.000","°C","100.000","%a.s.","22.210","deg","20.000","°C","971.000","hPa","0.826","-0.01532","0.000401","-0.00012","0","11.08","Humid","30.45","0","49.40","253594.41","SABD0002000012","AAV2.0.0.13","4.0.0.2323","PSt7-10","171027-008","9/15/2022 2:43:31 PM","0000-00","0","no battery","V","","µV","","µV"
"10/14/2022","12:24:03","7","default","171425599","OXY_CH7","26.853","min","205.666","μmol/L","Humid","20.595","deg","93387","µV","27.171","°C","1020.000","hPa","36.0","pmil","0","55.700","deg","20.000","°C","100.000","%a.s.","22.210","deg","20.000","°C","971.000","hPa","0.826","-0.01532","0.000401","-0.00012","0","11.08","Humid","30.45","0","49.40","253579.28","SABD0002000012","AAV2.0.0.13","4.0.0.2323","PSt7-10","171027-008","9/15/2022 2:43:31 PM","0000-00","0","no battery","V","","µV","","µV"
"10/14/2022","12:24:04","7","default","171425599","OXY_CH7","26.870","min","205.535","μmol/L","Humid","20.600","deg","93386","µV","27.178","°C","1020.000","hPa","36.0","pmil","0","55.700","deg","20.000","°C","100.000","%a.s.","22.210","deg","20.000","°C","971.000","hPa","0.826","-0.01532","0.000401","-0.00012","0","11.08","Humid","30.45","0","49.40","253586.10","SABD0002000012","AAV2.0.0.13","4.0.0.2323","PSt7-10","171027-008","9/15/2022 2:43:31 PM","0000-00","0","no battery","V","","µV","","µV"
"10/14/2022","12:24:05","7","default","171425599","OXY_CH7","26.886","min","205.536","μmol/L","Humid","20.602","deg","93383","µV","27.171","°C","1020.000","hPa","36.0","pmil","0","55.700","deg","20.000","°C","100.000","%a.s.","22.210","deg","20.000","°C","971.000","hPa","0.826","-0.01532","0.000401","-0.00012","0","11.08","Humid","30.45","0","49.40","253568.80","SABD0002000012","AAV2.0.0.13","4.0.0.2323","PSt7-10","171027-008","9/15/2022 2:43:31 PM","0000-00","0","no battery","V","","µV","","µV"
"10/14/2022","12:24:06","7","default","171425599","OXY_CH7","26.902","min","205.425","μmol/L","Humid","20.606","deg","93382","µV","27.178","°C","1020.000","hPa","36.0","pmil","0","55.700","deg","20.000","°C","100.000","%a.s.","22.210","deg","20.000","°C","971.000","hPa","0.826","-0.01532","0.000401","-0.00012","0","11.08","Humid","30.45","0","49.40","253568.62","SABD0002000012","AAV2.0.0.13","4.0.0.2323","PSt7-10","171027-008","9/15/2022 2:43:31 PM","0000-00","0","no battery","V","","µV","","µV"
"10/14/2022","12:24:07","7","default","171425599","OXY_CH7","26.919","min","205.592","μmol/L","Humid","20.599","deg","93379","µV","27.171","°C","1020.000","hPa","36.0","pmil","0","55.700","deg","20.000","°C","100.000","%a.s.","22.210","deg","20.000","°C","971.000","hPa","0.826","-0.01532","0.000401","-0.00012","0","11.08","Humid","30.45","0","49.40","253572.19","SABD0002000012","AAV2.0.0.13","4.0.0.2323","PSt7-10","171027-008","9/15/2022 2:43:31 PM","0000-00","0","no battery","V","","µV","","µV"
"10/14/2022","12:24:08","7","default","171425599","OXY_CH7","26.936","min","205.536","μmol/L","Humid","20.602","deg","93386","µV","27.171","°C","1020.000","hPa","36.0","pmil","0","55.700","deg","20.000","°C","100.000","%a.s.","22.210","deg","20.000","°C","971.000","hPa","0.826","-0.01532","0.000401","-0.00012","0","11.08","Humid","30.45","0","49.40","253552.67","SABD0002000012","AAV2.0.0.13","4.0.0.2323","PSt7-10","171027-008","9/15/2022 2:43:31 PM","0000-00","0","no battery","V","","µV","","µV"
"10/14/2022","12:24:09","7","default","171425599","OXY_CH7","26.953","min","205.572","μmol/L","Humid","20.598","deg","93390","µV","27.178","°C","1020.000","hPa","36.0","pmil","0","55.700","deg","20.000","°C","100.000","%a.s.","22.210","deg","20.000","°C","971.000","hPa","0.826","-0.01532","0.000401","-0.00012","0","11.08","Humid","30.45","0","49.40","253582.16","SABD0002000012","AAV2.0.0.13","4.0.0.2323","PSt7-10","171027-008","9/15/2022 2:43:31 PM","0000-00","0","no battery","V","","µV","","µV"
"10/14/2022","12:24:10","7","default","171425599","OXY_CH7","26.970","min","205.536","μmol/L","Humid","20.602","deg","93391","µV","27.171","°C","1020.000","hPa","36.0","pmil","0","55.700","deg","20.000","°C","100.000","%a.s.","22.210","deg","20.000","°C","971.000","hPa","0.826","-0.01532","0.000401","-0.00012","0","11.08","Humid","30.45","0","49.40","253564.79","SABD0002000012","AAV2.0.0.13","4.0.0.2323","PSt7-10","171027-008","9/15/2022 2:43:31 PM","0000-00","0","no battery","V","","µV","","µV"
"10/14/2022","12:24:11","7","default","171425599","OXY_CH7","26.986","min","205.573","μmol/L","Humid","20.600","deg","93392","µV","27.171","°C","1020.000","hPa","36.0","pmil","0","55.700","deg","20.000","°C","100.000","%a.s.","22.210","deg","20.000","°C","971.000","hPa","0.826","-0.01532","0.000401","-0.00012","0","11.08","Humid","30.45","0","49.40","253569.49","SABD0002000012","AAV2.0.0.13","4.0.0.2323","PSt7-10","171027-008","9/15/2022 2:43:31 PM","0000-00","0","no battery","V","","µV","","µV"
"10/14/2022","12:24:12","7","default","171425599","OXY_CH7","27.003","min","205.481","μmol/L","Humid","20.605","deg","93391","µV","27.171","°C","1020.000","hPa","36.0","pmil","0","55.700","deg","20.000","°C","100.000","%a.s.","22.210","deg","20.000","°C","971.000","hPa","0.826","-0.01532","0.000401","-0.00012","0","11.08","Humid","30.45","0","49.40","253567.86","SABD0002000012","AAV2.0.0.13","4.0.0.2323","PSt7-10","171027-008","9/15/2022 2:43:31 PM","0000-00","0","no battery","V","","µV","","µV"
"10/14/2022","12:24:13","7","default","171425599","OXY_CH7","27.020","min","205.536","μmol/L","Humid","20.602","deg","93395","µV","27.171","°C","1020.000","hPa","36.0","pmil","0","55.700","deg","20.000","°C","100.000","%a.s.","22.210","deg","20.000","°C","971.000","hPa","0.826","-0.01532","0.000401","-0.00012","0","11.08","Humid","30.45","0","49.40","253560.00","SABD0002000012","AAV2.0.0.13","4.0.0.2323","PSt7-10","171027-008","9/15/2022 2:43:31 PM","0000-00","0","no battery","V","","µV","","µV"
"10/14/2022","12:24:14","7","default","171425599","OXY_CH7","27.036","min","205.481","μmol/L","Humid","20.605","deg","93394","µV","27.171","°C","1020.000","hPa","36.0","pmil","0","55.700","deg","20.000","°C","100.000","%a.s.","22.210","deg","20.000","°C","971.000","hPa","0.826","-0.01532","0.000401","-0.00012","0","11.08","Humid","30.45","0","49.40","253560.22","SABD0002000012","AAV2.0.0.13","4.0.0.2323","PSt7-10","171027-008","9/15/2022 2:43:31 PM","0000-00","0","no battery","V","","µV","","µV"
"10/14/2022","12:24:15","7","default","171425599","OXY_CH7","27.052","min","205.535","μmol/L","Humid","20.600","deg","93393","µV","27.178","°C","1020.000","hPa","36.0","pmil","0","55.700","deg","20.000","°C","100.000","%a.s.","22.210","deg","20.000","°C","971.000","hPa","0.826","-0.01532","0.000401","-0.00012","0","11.08","Humid","30.45","0","49.40","253564.49","SABD0002000012","AAV2.0.0.13","4.0.0.2323","PSt7-10","171027-008","9/15/2022 2:43:31 PM","0000-00","0","no battery","V","","µV","","µV"
"10/14/2022","12:24:16","7","default","171425599","OXY_CH7","27.069","min","205.425","μmol/L","Humid","20.608","deg","93399","µV","27.171","°C","1020.000","hPa","36.0","pmil","0","55.700","deg","20.000","°C","100.000","%a.s.","22.210","deg","20.000","°C","971.000","hPa","0.826","-0.01532","0.000401","-0.00012","0","11.08","Humid","30.45","0","49.40","253556.02","SABD0002000012","AAV2.0.0.13","4.0.0.2323","PSt7-10","171027-008","9/15/2022 2:43:31 PM","0000-00","0","no battery","V","","µV","","µV"
"10/14/2022","12:24:17","7","default","171425599","OXY_CH7","27.086","min","205.479","μmol/L","Humid","20.601","deg","93400","µV","27.184","°C","1020.000","hPa","36.0","pmil","0","55.700","deg","20.000","°C","100.000","%a.s.","22.210","deg","20.000","°C","971.000","hPa","0.826","-0.01532","0.000401","-0.00012","0","11.08","Humid","30.45","0","49.40","253568.99","SABD0002000012","AAV2.0.0.13","4.0.0.2323","PSt7-10","171027-008","9/15/2022 2:43:31 PM","0000-00","0","no battery","V","","µV","","µV"
"10/14/2022","12:24:18","7","default","171425599","OXY_CH7","27.103","min","205.518","μmol/L","Humid","20.603","deg","93407","µV","27.171","°C","1020.000","hPa","36.0","pmil","0","55.700","deg","20.000","°C","100.000","%a.s.","22.210","deg","20.000","°C","971.000","hPa","0.826","-0.01532","0.000401","-0.00012","0","11.08","Humid","30.45","0","49.40","253575.71","SABD0002000012","AAV2.0.0.13","4.0.0.2323","PSt7-10","171027-008","9/15/2022 2:43:31 PM","0000-00","0","no battery","V","","µV","","µV"
"10/14/2022","12:24:19","7","default","171425599","OXY_CH7","27.119","min","205.462","μmol/L","Humid","20.604","deg","93398","µV","27.178","°C","1020.000","hPa","36.0","pmil","0","55.700","deg","20.000","°C","100.000","%a.s.","22.210","deg","20.000","°C","971.000","hPa","0.826","-0.01532","0.000401","-0.00012","0","11.08","Humid","30.45","0","49.40","253562.52","SABD0002000012","AAV2.0.0.13","4.0.0.2323","PSt7-10","171027-008","9/15/2022 2:43:31 PM","0000-00","0","no battery","V","","µV","","µV"
"10/14/2022","12:24:20","7","default","171425599","OXY_CH7","27.136","min","205.462","μmol/L","Humid","20.604","deg","93409","µV","27.178","°C","1020.000","hPa","36.0","pmil","0","55.700","deg","20.000","°C","100.000","%a.s.","22.210","deg","20.000","°C","971.000","hPa","0.826","-0.01532","0.000401","-0.00012","0","11.08","Humid","30.45","0","49.40","253563.81","SABD0002000012","AAV2.0.0.13","4.0.0.2323","PSt7-10","171027-008","9/15/2022 2:43:31 PM","0000-00","0","no battery","V","","µV","","µV"
"10/14/2022","12:24:21","7","default","171425599","OXY_CH7","27.153","min","205.388","μmol/L","Humid","20.608","deg","93404","µV","27.178","°C","1020.000","hPa","36.0","pmil","0","55.700","deg","20.000","°C","100.000","%a.s.","22.210","deg","20.000","°C","971.000","hPa","0.826","-0.01532","0.000401","-0.00012","0","11.08","Humid","30.45","0","49.40","253564.00","SABD0002000012","AAV2.0.0.13","4.0.0.2323","PSt7-10","171027-008","9/15/2022 2:43:31 PM","0000-00","0","no battery","V","","µV","","µV"
"10/14/2022","12:24:22","7","default","171425599","OXY_CH7","27.170","min","205.462","μmol/L","Humid","20.606","deg","93402","µV","27.171","°C","1020.000","hPa","36.0","pmil","0","55.700","deg","20.000","°C","100.000","%a.s.","22.210","deg","20.000","°C","971.000","hPa","0.826","-0.01532","0.000401","-0.00012","0","11.08","Humid","30.45","0","49.40","253561.38","SABD0002000012","AAV2.0.0.13","4.0.0.2323","PSt7-10","171027-008","9/15/2022 2:43:31 PM","0000-00","0","no battery","V","","µV","","µV"
"10/14/2022","12:24:23","7","default","171425599","OXY_CH7","27.186","min","205.369","μmol/L","Humid","20.609","deg","93411","µV","27.178","°C","1020.000","hPa","36.0","pmil","0","55.700","deg","20.000","°C","100.000","%a.s.","22.210","deg","20.000","°C","971.000","hPa","0.826","-0.01532","0.000401","-0.00012","0","11.08","Humid","30.45","0","49.40","253559.19","SABD0002000012","AAV2.0.0.13","4.0.0.2323","PSt7-10","171027-008","9/15/2022 2:43:31 PM","0000-00","0","no battery","V","","µV","","µV"
"10/14/2022","12:24:24","7","default","171425599","OXY_CH7","27.202","min","205.444","μmol/L","Humid","20.607","deg","93407","µV","27.171","°C","1020.000","hPa","36.0","pmil","0","55.700","deg","20.000","°C","100.000","%a.s.","22.210","deg","20.000","°C","971.000","hPa","0.826","-0.01532","0.000401","-0.00012","0","11.08","Humid","30.45","0","49.40","253550.53","SABD0002000012","AAV2.0.0.13","4.0.0.2323","PSt7-10","171027-008","9/15/2022 2:43:31 PM","0000-00","0","no battery","V","","µV","","µV"
"10/14/2022","12:24:25","7","default","171425599","OXY_CH7","27.219","min","205.369","μmol/L","Humid","20.609","deg","93409","µV","27.178","°C","1020.000","hPa","36.0","pmil","0","55.700","deg","20.000","°C","100.000","%a.s.","22.210","deg","20.000","°C","971.000","hPa","0.826","-0.01532","0.000401","-0.00012","0","11.08","Humid","30.45","0","49.40","253547.34","SABD0002000012","AAV2.0.0.13","4.0.0.2323","PSt7-10","171027-008","9/15/2022 2:43:31 PM","0000-00","0","no battery","V","","µV","","µV"
"10/14/2022","12:24:26","7","default","171425599","OXY_CH7","27.236","min","205.425","μmol/L","Humid","20.608","deg","93412","µV","27.171","°C","1020.000","hPa","36.0","pmil","0","55.700","deg","20.000","°C","100.000","%a.s.","22.210","deg","20.000","°C","971.000","hPa","0.826","-0.01532","0.000401","-0.00012","0","11.08","Humid","30.45","0","49.40","253559.07","SABD0002000012","AAV2.0.0.13","4.0.0.2323","PSt7-10","171027-008","9/15/2022 2:43:31 PM","0000-00","0","no battery","V","","µV","","µV"
"10/14/2022","12:24:27","7","default","171425599","OXY_CH7","27.253","min","205.368","μmol/L","Humid","20.607","deg","93415","µV","27.184","°C","1020.000","hPa","36.0","pmil","0","55.700","deg","20.000","°C","100.000","%a.s.","22.210","deg","20.000","°C","971.000","hPa","0.826","-0.01532","0.000401","-0.00012","0","11.08","Humid","30.45","0","49.40","253555.54","SABD0002000012","AAV2.0.0.13","4.0.0.2323","PSt7-10","171027-008","9/15/2022 2:43:31 PM","0000-00","0","no battery","V","","µV","","µV"
"10/14/2022","12:24:28","7","default","171425599","OXY_CH7","27.270","min","205.389","μmol/L","Humid","20.610","deg","93413","µV","27.171","°C","1020.000","hPa","36.0","pmil","0","55.700","deg","20.000","°C","100.000","%a.s.","22.210","deg","20.000","°C","971.000","hPa","0.826","-0.01532","0.000401","-0.00012","0","11.08","Humid","30.45","0","49.40","253551.82","SABD0002000012","AAV2.0.0.13","4.0.0.2323","PSt7-10","171027-008","9/15/2022 2:43:31 PM","0000-00","0","no battery","V","","µV","","µV"
"10/14/2022","12:24:29","7","default","171425599","OXY_CH7","27.286","min","205.314","μmol/L","Humid","20.612","deg","93411","µV","27.178","°C","1020.000","hPa","36.0","pmil","0","55.700","deg","20.000","°C","100.000","%a.s.","22.210","deg","20.000","°C","971.000","hPa","0.826","-0.01532","0.000401","-0.00012","0","11.08","Humid","30.45","0","49.40","253560.71","SABD0002000012","AAV2.0.0.13","4.0.0.2323","PSt7-10","171027-008","9/15/2022 2:43:31 PM","0000-00","0","no battery","V","","µV","","µV"
"10/14/2022","12:24:30","7","default","171425599","OXY_CH7","27.303","min","205.296","μmol/L","Humid","20.613","deg","93411","µV","27.178","°C","1020.000","hPa","36.0","pmil","0","55.700","deg","20.000","°C","100.000","%a.s.","22.210","deg","20.000","°C","971.000","hPa","0.826","-0.01532","0.000401","-0.00012","0","11.08","Humid","30.45","0","49.40","253556.83","SABD0002000012","AAV2.0.0.13","4.0.0.2323","PSt7-10","171027-008","9/15/2022 2:43:31 PM","0000-00","0","no battery","V","","µV","","µV"
"10/14/2022","12:24:31","7","default","171425599","OXY_CH7","27.320","min","205.388","μmol/L","Humid","20.608","deg","93412","µV","27.178","°C","1020.000","hPa","36.0","pmil","0","55.700","deg","20.000","°C","100.000","%a.s.","22.210","deg","20.000","°C","971.000","hPa","0.826","-0.01532","0.000401","-0.00012","0","11.08","Humid","30.45","0","49.40","253552.55","SABD0002000012","AAV2.0.0.13","4.0.0.2323","PSt7-10","171027-008","9/15/2022 2:43:31 PM","0000-00","0","no battery","V","","µV","","µV"
"10/14/2022","12:24:32","7","default","171425599","OXY_CH7","27.336","min","205.425","μmol/L","Humid","20.608","deg","93415","µV","27.171","°C","1020.000","hPa","36.0","pmil","0","55.700","deg","20.000","°C","100.000","%a.s.","22.210","deg","20.000","°C","971.000","hPa","0.826","-0.01532","0.000401","-0.00012","0","11.08","Humid","30.45","0","49.40","253554.38","SABD0002000012","AAV2.0.0.13","4.0.0.2323","PSt7-10","171027-008","9/15/2022 2:43:31 PM","0000-00","0","no battery","V","","µV","","µV"
"10/14/2022","12:24:33","7","default","171425599","OXY_CH7","27.352","min","205.370","μmol/L","Humid","20.611","deg","93416","µV","27.171","°C","1020.000","hPa","36.0","pmil","0","55.700","deg","20.000","°C","100.000","%a.s.","22.210","deg","20.000","°C","971.000","hPa","0.826","-0.01532","0.000401","-0.00012","0","11.08","Humid","30.45","0","49.40","253564.35","SABD0002000012","AAV2.0.0.13","4.0.0.2323","PSt7-10","171027-008","9/15/2022 2:43:31 PM","0000-00","0","no battery","V","","µV","","µV"
"10/14/2022","12:24:34","7","default","171425599","OXY_CH7","27.369","min","205.296","μmol/L","Humid","20.613","deg","93422","µV","27.178","°C","1020.000","hPa","36.0","pmil","0","55.700","deg","20.000","°C","100.000","%a.s.","22.210","deg","20.000","°C","971.000","hPa","0.826","-0.01532","0.000401","-0.00012","0","11.08","Humid","30.45","0","49.40","253560.07","SABD0002000012","AAV2.0.0.13","4.0.0.2323","PSt7-10","171027-008","9/15/2022 2:43:31 PM","0000-00","0","no battery","V","","µV","","µV"
"10/14/2022","12:24:35","7","default","171425599","OXY_CH7","27.386","min","205.278","μmol/L","Humid","20.616","deg","93420","µV","27.171","°C","1020.000","hPa","36.0","pmil","0","55.700","deg","20.000","°C","100.000","%a.s.","22.210","deg","20.000","°C","971.000","hPa","0.826","-0.01532","0.000401","-0.00012","0","11.08","Humid","30.45","0","49.40","253551.41","SABD0002000012","AAV2.0.0.13","4.0.0.2323","PSt7-10","171027-008","9/15/2022 2:43:31 PM","0000-00","0","no battery","V","","µV","","µV"
"10/14/2022","12:24:36","7","default","171425599","OXY_CH7","27.403","min","205.369","μmol/L","Humid","20.609","deg","93416","µV","27.178","°C","1020.000","hPa","36.0","pmil","0","55.700","deg","20.000","°C","100.000","%a.s.","22.210","deg","20.000","°C","971.000","hPa","0.826","-0.01532","0.000401","-0.00012","0","11.08","Humid","30.45","0","49.40","253539.52","SABD0002000012","AAV2.0.0.13","4.0.0.2323","PSt7-10","171027-008","9/15/2022 2:43:31 PM","0000-00","0","no battery","V","","µV","","µV"
"10/14/2022","12:24:37","7","default","171425599","OXY_CH7","27.420","min","205.296","μmol/L","Humid","20.615","deg","93418","µV","27.171","°C","1020.000","hPa","36.0","pmil","0","55.700","deg","20.000","°C","100.000","%a.s.","22.210","deg","20.000","°C","971.000","hPa","0.826","-0.01532","0.000401","-0.00012","0","11.08","Humid","30.45","0","49.40","253568.47","SABD0002000012","AAV2.0.0.13","4.0.0.2323","PSt7-10","171027-008","9/15/2022 2:43:31 PM","0000-00","0","no battery","V","","µV","","µV"
"10/14/2022","12:24:38","7","default","171425599","OXY_CH7","27.436","min","205.241","μmol/L","Humid","20.618","deg","93421","µV","27.171","°C","1020.000","hPa","36.0","pmil","0","55.700","deg","20.000","°C","100.000","%a.s.","22.210","deg","20.000","°C","971.000","hPa","0.826","-0.01532","0.000401","-0.00012","0","11.08","Humid","30.45","0","49.40","253544.07","SABD0002000012","AAV2.0.0.13","4.0.0.2323","PSt7-10","171027-008","9/15/2022 2:43:31 PM","0000-00","0","no battery","V","","µV","","µV"
"10/14/2022","12:24:39","7","default","171425599","OXY_CH7","27.453","min","205.240","μmol/L","Humid","20.616","deg","93417","µV","27.178","°C","1020.000","hPa","36.0","pmil","0","55.700","deg","20.000","°C","100.000","%a.s.","22.210","deg","20.000","°C","971.000","hPa","0.826","-0.01532","0.000401","-0.00012","0","11.08","Humid","30.45","0","49.40","253552.09","SABD0002000012","AAV2.0.0.13","4.0.0.2323","PSt7-10","171027-008","9/15/2022 2:43:31 PM","0000-00","0","no battery","V","","µV","","µV"
"10/14/2022","12:24:40","7","default","171425599","OXY_CH7","27.469","min","205.240","μmol/L","Humid","20.616","deg","93429","µV","27.178","°C","1020.000","hPa","36.0","pmil","0","55.700","deg","20.000","°C","100.000","%a.s.","22.210","deg","20.000","°C","971.000","hPa","0.826","-0.01532","0.000401","-0.00012","0","11.08","Humid","30.45","0","49.40","253555.75","SABD0002000012","AAV2.0.0.13","4.0.0.2323","PSt7-10","171027-008","9/15/2022 2:43:31 PM","0000-00","0","no battery","V","","µV","","µV"
"10/14/2022","12:24:41","7","default","171425599","OXY_CH7","27.486","min","205.203","μmol/L","Humid","20.618","deg","93431","µV","27.178","°C","1020.000","hPa","36.0","pmil","0","55.700","deg","20.000","°C","100.000","%a.s.","22.210","deg","20.000","°C","971.000","hPa","0.826","-0.01532","0.000401","-0.00012","0","11.08","Humid","30.45","0","49.40","253561.77","SABD0002000012","AAV2.0.0.13","4.0.0.2323","PSt7-10","171027-008","9/15/2022 2:43:31 PM","0000-00","0","no battery","V","","µV","","µV"
"10/14/2022","12:24:42","7","default","171425599","OXY_CH7","27.502","min","205.240","μmol/L","Humid","20.616","deg","93421","µV","27.178","°C","1020.000","hPa","36.0","pmil","0","55.700","deg","20.000","°C","100.000","%a.s.","22.210","deg","20.000","°C","971.000","hPa","0.826","-0.01532","0.000401","-0.00012","0","11.08","Humid","30.45","0","49.40","253556.15","SABD0002000012","AAV2.0.0.13","4.0.0.2323","PSt7-10","171027-008","9/15/2022 2:43:31 PM","0000-00","0","no battery","V","","µV","","µV"
"10/14/2022","12:24:43","7","default","171425599","OXY_CH7","27.519","min","205.260","μmol/L","Humid","20.617","deg","93431","µV","27.171","°C","1020.000","hPa","36.0","pmil","0","55.700","deg","20.000","°C","100.000","%a.s.","22.210","deg","20.000","°C","971.000","hPa","0.826","-0.01532","0.000401","-0.00012","0","11.08","Humid","30.45","0","49.40","253564.73","SABD0002000012","AAV2.0.0.13","4.0.0.2323","PSt7-10","171027-008","9/15/2022 2:43:31 PM","0000-00","0","no battery","V","","µV","","µV"
"10/14/2022","12:24:44","7","default","171425599","OXY_CH7","27.536","min","205.167","μmol/L","Humid","20.622","deg","93435","µV","27.171","°C","1020.000","hPa","36.0","pmil","0","55.700","deg","20.000","°C","100.000","%a.s.","22.210","deg","20.000","°C","971.000","hPa","0.826","-0.01532","0.000401","-0.00012","0","11.08","Humid","30.45","0","49.40","253567.09","SABD0002000012","AAV2.0.0.13","4.0.0.2323","PSt7-10","171027-008","9/15/2022 2:43:31 PM","0000-00","0","no battery","V","","µV","","µV"
"10/14/2022","12:24:45","7","default","171425599","OXY_CH7","27.553","min","205.240","μmol/L","Humid","20.616","deg","93432","µV","27.178","°C","1020.000","hPa","36.0","pmil","0","55.700","deg","20.000","°C","100.000","%a.s.","22.210","deg","20.000","°C","971.000","hPa","0.826","-0.01532","0.000401","-0.00012","0","11.08","Humid","30.45","0","49.40","253560.29","SABD0002000012","AAV2.0.0.13","4.0.0.2323","PSt7-10","171027-008","9/15/2022 2:43:31 PM","0000-00","0","no battery","V","","µV","","µV"
"10/14/2022","12:24:46","7","default","171425599","OXY_CH7","27.570","min","205.186","μmol/L","Humid","20.621","deg","93443","µV","27.171","°C","1020.000","hPa","36.0","pmil","0","55.700","deg","20.000","°C","100.000","%a.s.","22.210","deg","20.000","°C","971.000","hPa","0.826","-0.01532","0.000401","-0.00012","0","11.08","Humid","30.45","0","49.40","253565.35","SABD0002000012","AAV2.0.0.13","4.0.0.2323","PSt7-10","171027-008","9/15/2022 2:43:31 PM","0000-00","0","no battery","V","","µV","","µV"
"10/14/2022","12:24:47","7","default","171425599","OXY_CH7","27.586","min","205.296","μmol/L","Humid","20.615","deg","93436","µV","27.171","°C","1020.000","hPa","36.0","pmil","0","55.700","deg","20.000","°C","100.000","%a.s.","22.210","deg","20.000","°C","971.000","hPa","0.826","-0.01532","0.000401","-0.00012","0","11.08","Humid","30.45","0","49.40","253559.31","SABD0002000012","AAV2.0.0.13","4.0.0.2323","PSt7-10","171027-008","9/15/2022 2:43:31 PM","0000-00","0","no battery","V","","µV","","µV"
"10/14/2022","12:24:48","7","default","171425599","OXY_CH7","27.603","min","205.204","μmol/L","Humid","20.620","deg","93439","µV","27.171","°C","1020.000","hPa","36.0","pmil","0","55.700","deg","20.000","°C","100.000","%a.s.","22.210","deg","20.000","°C","971.000","hPa","0.826","-0.01532","0.000401","-0.00012","0","11.08","Humid","30.45","0","49.40","253570.83","SABD0002000012","AAV2.0.0.13","4.0.0.2323","PSt7-10","171027-008","9/15/2022 2:43:31 PM","0000-00","0","no battery","V","","µV","","µV"
"10/14/2022","12:24:49","7","default","171425599","OXY_CH7","27.620","min","205.167","μmol/L","Humid","20.620","deg","93442","µV","27.178","°C","1020.000","hPa","36.0","pmil","0","55.700","deg","20.000","°C","100.000","%a.s.","22.210","deg","20.000","°C","971.000","hPa","0.826","-0.01532","0.000401","-0.00012","0","11.08","Humid","30.45","0","49.40","253566.56","SABD0002000012","AAV2.0.0.13","4.0.0.2323","PSt7-10","171027-008","9/15/2022 2:43:31 PM","0000-00","0","no battery","V","","µV","","µV"
"10/14/2022","12:24:50","7","default","171425599","OXY_CH7","27.636","min","205.260","μmol/L","Humid","20.617","deg","93449","µV","27.171","°C","1020.000","hPa","36.0","pmil","0","55.700","deg","20.000","°C","100.000","%a.s.","22.210","deg","20.000","°C","971.000","hPa","0.826","-0.01532","0.000401","-0.00012","0","11.08","Humid","30.45","0","49.40","253547.66","SABD0002000012","AAV2.0.0.13","4.0.0.2323","PSt7-10","171027-008","9/15/2022 2:43:31 PM","0000-00","0","no battery","V","","µV","","µV"
"10/14/2022","12:24:51","7","default","171425599","OXY_CH7","27.653","min","205.241","μmol/L","Humid","20.618","deg","93439","µV","27.171","°C","1020.000","hPa","36.0","pmil","0","55.700","deg","20.000","°C","100.000","%a.s.","22.210","deg","20.000","°C","971.000","hPa","0.826","-0.01532","0.000401","-0.00012","0","11.08","Humid","30.45","0","49.40","253551.68","SABD0002000012","AAV2.0.0.13","4.0.0.2323","PSt7-10","171027-008","9/15/2022 2:43:31 PM","0000-00","0","no battery","V","","µV","","µV"
"10/14/2022","12:24:52","7","default","171425599","OXY_CH7","27.669","min","205.223","μmol/L","Humid","20.619","deg","93437","µV","27.171","°C","1020.000","hPa","36.0","pmil","0","55.700","deg","20.000","°C","100.000","%a.s.","22.210","deg","20.000","°C","971.000","hPa","0.826","-0.01532","0.000401","-0.00012","0","11.08","Humid","30.45","0","49.40","253548.45","SABD0002000012","AAV2.0.0.13","4.0.0.2323","PSt7-10","171027-008","9/15/2022 2:43:31 PM","0000-00","0","no battery","V","","µV","","µV"
"10/14/2022","12:24:53","7","default","171425599","OXY_CH7","27.686","min","205.242","μmol/L","Humid","20.620","deg","93441","µV","27.165","°C","1020.000","hPa","36.0","pmil","0","55.700","deg","20.000","°C","100.000","%a.s.","22.210","deg","20.000","°C","971.000","hPa","0.826","-0.01532","0.000401","-0.00012","0","11.08","Humid","30.45","0","49.40","253558.46","SABD0002000012","AAV2.0.0.13","4.0.0.2323","PSt7-10","171027-008","9/15/2022 2:43:31 PM","0000-00","0","no battery","V","","µV","","µV"
"10/14/2022","12:24:54","7","default","171425599","OXY_CH7","27.703","min","205.167","μmol/L","Humid","20.622","deg","93442","µV","27.171","°C","1020.000","hPa","36.0","pmil","0","55.700","deg","20.000","°C","100.000","%a.s.","22.210","deg","20.000","°C","971.000","hPa","0.826","-0.01532","0.000401","-0.00012","0","11.08","Humid","30.45","0","49.40","253558.83","SABD0002000012","AAV2.0.0.13","4.0.0.2323","PSt7-10","171027-008","9/15/2022 2:43:31 PM","0000-00","0","no battery","V","","µV","","µV"
"10/14/2022","12:24:55","7","default","171425599","OXY_CH7","27.719","min","205.112","μmol/L","Humid","20.625","deg","93440","µV","27.171","°C","1020.000","hPa","36.0","pmil","0","55.700","deg","20.000","°C","100.000","%a.s.","22.210","deg","20.000","°C","971.000","hPa","0.826","-0.01532","0.000401","-0.00012","0","11.08","Humid","30.45","0","49.40","253546.65","SABD0002000012","AAV2.0.0.13","4.0.0.2323","PSt7-10","171027-008","9/15/2022 2:43:31 PM","0000-00","0","no battery","V","","µV","","µV"
"10/14/2022","12:24:56","7","default","171425599","OXY_CH7","27.736","min","205.112","μmol/L","Humid","20.625","deg","93449","µV","27.171","°C","1020.000","hPa","36.0","pmil","0","55.700","deg","20.000","°C","100.000","%a.s.","22.210","deg","20.000","°C","971.000","hPa","0.826","-0.01532","0.000401","-0.00012","0","11.08","Humid","30.45","0","49.40","253557.07","SABD0002000012","AAV2.0.0.13","4.0.0.2323","PSt7-10","171027-008","9/15/2022 2:43:31 PM","0000-00","0","no battery","V","","µV","","µV"
"10/14/2022","12:24:57","7","default","171425599","OXY_CH7","27.753","min","205.204","μmol/L","Humid","20.620","deg","93441","µV","27.171","°C","1020.000","hPa","36.0","pmil","0","55.700","deg","20.000","°C","100.000","%a.s.","22.210","deg","20.000","°C","971.000","hPa","0.826","-0.01532","0.000401","-0.00012","0","11.08","Humid","30.45","0","49.40","253548.16","SABD0002000012","AAV2.0.0.13","4.0.0.2323","PSt7-10","171027-008","9/15/2022 2:43:31 PM","0000-00","0","no battery","V","","µV","","µV"
"10/14/2022","12:24:58","7","default","171425599","OXY_CH7","27.770","min","205.149","μmol/L","Humid","20.623","deg","93451","µV","27.171","°C","1020.000","hPa","36.0","pmil","0","55.700","deg","20.000","°C","100.000","%a.s.","22.210","deg","20.000","°C","971.000","hPa","0.826","-0.01532","0.000401","-0.00012","0","11.08","Humid","30.45","0","49.40","253558.08","SABD0002000012","AAV2.0.0.13","4.0.0.2323","PSt7-10","171027-008","9/15/2022 2:43:31 PM","0000-00","0","no battery","V","","µV","","µV"
"10/14/2022","12:24:59","7","default","171425599","OXY_CH7","27.786","min","205.093","μmol/L","Humid","20.624","deg","93446","µV","27.178","°C","1020.000","hPa","36.0","pmil","0","55.700","deg","20.000","°C","100.000","%a.s.","22.210","deg","20.000","°C","971.000","hPa","0.826","-0.01532","0.000401","-0.00012","0","11.08","Humid","30.45","0","49.40","253541.28","SABD0002000012","AAV2.0.0.13","4.0.0.2323","PSt7-10","171027-008","9/15/2022 2:43:31 PM","0000-00","0","no battery","V","","µV","","µV"
"10/14/2022","12:25:00","7","default","171425599","OXY_CH7","27.803","min","205.112","μmol/L","Humid","20.625","deg","93453","µV","27.171","°C","1020.000","hPa","36.0","pmil","0","55.700","deg","20.000","°C","100.000","%a.s.","22.210","deg","20.000","°C","971.000","hPa","0.826","-0.01532","0.000401","-0.00012","0","11.08","Humid","30.45","0","49.40","253559.74","SABD0002000012","AAV2.0.0.13","4.0.0.2323","PSt7-10","171027-008","9/15/2022 2:43:31 PM","0000-00","0","no battery","V","","µV","","µV"
"10/14/2022","12:25:01","7","default","171425599","OXY_CH7","27.819","min","205.039","μmol/L","Humid","20.629","deg","93451","µV","27.171","°C","1020.000","hPa","36.0","pmil","0","55.700","deg","20.000","°C","100.000","%a.s.","22.210","deg","20.000","°C","971.000","hPa","0.826","-0.01532","0.000401","-0.00012","0","11.08","Humid","30.45","0","49.40","253553.13","SABD0002000012","AAV2.0.0.13","4.0.0.2323","PSt7-10","171027-008","9/15/2022 2:43:31 PM","0000-00","0","no battery","V","","µV","","µV"
"10/14/2022","12:25:02","7","default","171425599","OXY_CH7","27.836","min","205.074","μmol/L","Humid","20.625","deg","93456","µV","27.178","°C","1020.000","hPa","36.0","pmil","0","55.700","deg","20.000","°C","100.000","%a.s.","22.210","deg","20.000","°C","971.000","hPa","0.826","-0.01532","0.000401","-0.00012","0","11.08","Humid","30.45","0","49.40","253544.78","SABD0002000012","AAV2.0.0.13","4.0.0.2323","PSt7-10","171027-008","9/15/2022 2:43:31 PM","0000-00","0","no battery","V","","µV","","µV"
"10/14/2022","12:25:03","7","default","171425599","OXY_CH7","27.853","min","205.094","μmol/L","Humid","20.626","deg","93452","µV","27.171","°C","1020.000","hPa","36.0","pmil","0","55.700","deg","20.000","°C","100.000","%a.s.","22.210","deg","20.000","°C","971.000","hPa","0.826","-0.01532","0.000401","-0.00012","0","11.08","Humid","30.45","0","49.40","253537.60","SABD0002000012","AAV2.0.0.13","4.0.0.2323","PSt7-10","171027-008","9/15/2022 2:43:31 PM","0000-00","0","no battery","V","","µV","","µV"
"10/14/2022","12:25:04","7","default","171425599","OXY_CH7","27.869","min","205.112","μmol/L","Humid","20.625","deg","93457","µV","27.171","°C","1020.000","hPa","36.0","pmil","0","55.700","deg","20.000","°C","100.000","%a.s.","22.210","deg","20.000","°C","971.000","hPa","0.826","-0.01532","0.000401","-0.00012","0","11.08","Humid","30.45","0","49.40","253543.66","SABD0002000012","AAV2.0.0.13","4.0.0.2323","PSt7-10","171027-008","9/15/2022 2:43:31 PM","0000-00","0","no battery","V","","µV","","µV"
"10/14/2022","12:25:05","7","default","171425599","OXY_CH7","27.886","min","205.094","μmol/L","Humid","20.626","deg","93457","µV","27.171","°C","1020.000","hPa","36.0","pmil","0","55.700","deg","20.000","°C","100.000","%a.s.","22.210","deg","20.000","°C","971.000","hPa","0.826","-0.01532","0.000401","-0.00012","0","11.08","Humid","30.45","0","49.40","253547.34","SABD0002000012","AAV2.0.0.13","4.0.0.2323","PSt7-10","171027-008","9/15/2022 2:43:31 PM","0000-00","0","no battery","V","","µV","","µV"
"10/14/2022","12:25:06","7","default","171425599","OXY_CH7","27.903","min","205.020","μmol/L","Humid","20.630","deg","93461","µV","27.171","°C","1020.000","hPa","36.0","pmil","0","55.700","deg","20.000","°C","100.000","%a.s.","22.210","deg","20.000","°C","971.000","hPa","0.826","-0.01532","0.000401","-0.00012","0","11.08","Humid","30.45","0","49.40","253553.23","SABD0002000012","AAV2.0.0.13","4.0.0.2323","PSt7-10","171027-008","9/15/2022 2:43:31 PM","0000-00","0","no battery","V","","µV","","µV"
"10/14/2022","12:25:07","7","default","171425599","OXY_CH7","27.920","min","205.002","μmol/L","Humid","20.631","deg","93460","µV","27.171","°C","1020.000","hPa","36.0","pmil","0","55.700","deg","20.000","°C","100.000","%a.s.","22.210","deg","20.000","°C","971.000","hPa","0.826","-0.01532","0.000401","-0.00012","0","11.08","Humid","30.45","0","49.40","253540.89","SABD0002000012","AAV2.0.0.13","4.0.0.2323","PSt7-10","171027-008","9/15/2022 2:43:31 PM","0000-00","0","no battery","V","","µV","","µV"
"10/14/2022","12:25:08","7","default","171425599","OXY_CH7","27.936","min","204.965","μmol/L","Humid","20.633","deg","93460","µV","27.171","°C","1020.000","hPa","36.0","pmil","0","55.700","deg","20.000","°C","100.000","%a.s.","22.210","deg","20.000","°C","971.000","hPa","0.826","-0.01532","0.000401","-0.00012","0","11.08","Humid","30.45","0","49.40","253533.82","SABD0002000012","AAV2.0.0.13","4.0.0.2323","PSt7-10","171027-008","9/15/2022 2:43:31 PM","0000-00","0","no battery","V","","µV","","µV"
"10/14/2022","12:25:09","7","default","171425599","OXY_CH7","27.953","min","205.039","μmol/L","Humid","20.629","deg","93458","µV","27.171","°C","1020.000","hPa","36.0","pmil","0","55.700","deg","20.000","°C","100.000","%a.s.","22.210","deg","20.000","°C","971.000","hPa","0.826","-0.01532","0.000401","-0.00012","0","11.08","Humid","30.45","0","49.40","253533.75","SABD0002000012","AAV2.0.0.13","4.0.0.2323","PSt7-10","171027-008","9/15/2022 2:43:31 PM","0000-00","0","no battery","V","","µV","","µV"
"10/14/2022","12:25:10","7","default","171425599","OXY_CH7","27.969","min","205.002","μmol/L","Humid","20.631","deg","93466","µV","27.171","°C","1020.000","hPa","36.0","pmil","0","55.700","deg","20.000","°C","100.000","%a.s.","22.210","deg","20.000","°C","971.000","hPa","0.826","-0.01532","0.000401","-0.00012","0","11.08","Humid","30.45","0","49.40","253541.46","SABD0002000012","AAV2.0.0.13","4.0.0.2323","PSt7-10","171027-008","9/15/2022 2:43:31 PM","0000-00","0","no battery","V","","µV","","µV"
"10/14/2022","12:25:11","7","default","171425599","OXY_CH7","27.986","min","205.039","μmol/L","Humid","20.629","deg","93465","µV","27.171","°C","1020.000","hPa","36.0","pmil","0","55.700","deg","20.000","°C","100.000","%a.s.","22.210","deg","20.000","°C","971.000","hPa","0.826","-0.01532","0.000401","-0.00012","0","11.08","Humid","30.45","0","49.40","253540.26","SABD0002000012","AAV2.0.0.13","4.0.0.2323","PSt7-10","171027-008","9/15/2022 2:43:31 PM","0000-00","0","no battery","V","","µV","","µV"
"10/14/2022","12:25:12","7","default","171425599","OXY_CH7","28.003","min","205.057","μmol/L","Humid","20.628","deg","93462","µV","27.171","°C","1020.000","hPa","36.0","pmil","0","55.700","deg","20.000","°C","100.000","%a.s.","22.210","deg","20.000","°C","971.000","hPa","0.826","-0.01532","0.000401","-0.00012","0","11.08","Humid","30.45","0","49.40","253533.30","SABD0002000012","AAV2.0.0.13","4.0.0.2323","PSt7-10","171027-008","9/15/2022 2:43:31 PM","0000-00","0","no battery","V","","µV","","µV"
"10/14/2022","12:25:13","7","default","171425599","OXY_CH7","28.019","min","205.002","μmol/L","Humid","20.631","deg","93464","µV","27.171","°C","1020.000","hPa","36.0","pmil","0","55.700","deg","20.000","°C","100.000","%a.s.","22.210","deg","20.000","°C","971.000","hPa","0.826","-0.01532","0.000401","-0.00012","0","11.08","Humid","30.45","0","49.40","253533.58","SABD0002000012","AAV2.0.0.13","4.0.0.2323","PSt7-10","171027-008","9/15/2022 2:43:31 PM","0000-00","0","no battery","V","","µV","","µV"
"10/14/2022","12:25:14","7","default","171425599","OXY_CH7","28.036","min","204.965","μmol/L","Humid","20.633","deg","93463","µV","27.171","°C","1020.000","hPa","36.0","pmil","0","55.700","deg","20.000","°C","100.000","%a.s.","22.210","deg","20.000","°C","971.000","hPa","0.826","-0.01532","0.000401","-0.00012","0","11.08","Humid","30.45","0","49.40","253532.46","SABD0002000012","AAV2.0.0.13","4.0.0.2323","PSt7-10","171027-008","9/15/2022 2:43:31 PM","0000-00","0","no battery","V","","µV","","µV"
"10/14/2022","12:25:15","7","default","171425599","OXY_CH7","28.053","min","204.910","μmol/L","Humid","20.636","deg","93473","µV","27.171","°C","1020.000","hPa","36.0","pmil","0","55.700","deg","20.000","°C","100.000","%a.s.","22.210","deg","20.000","°C","971.000","hPa","0.826","-0.01532","0.000401","-0.00012","0","11.08","Humid","30.45","0","49.40","253541.77","SABD0002000012","AAV2.0.0.13","4.0.0.2323","PSt7-10","171027-008","9/15/2022 2:43:31 PM","0000-00","0","no battery","V","","µV","","µV"
"10/14/2022","12:25:16","7","default","171425599","OXY_CH7","28.070","min","204.982","μmol/L","Humid","20.630","deg","93467","µV","27.178","°C","1020.000","hPa","36.0","pmil","0","55.700","deg","20.000","°C","100.000","%a.s.","22.210","deg","20.000","°C","971.000","hPa","0.826","-0.01532","0.000401","-0.00012","0","11.08","Humid","30.45","0","49.40","253537.90","SABD0002000012","AAV2.0.0.13","4.0.0.2323","PSt7-10","171027-008","9/15/2022 2:43:31 PM","0000-00","0","no battery","V","","µV","","µV"
"10/14/2022","12:25:17","7","default","171425599","OXY_CH7","28.086","min","204.965","μmol/L","Humid","20.633","deg","93472","µV","27.171","°C","1020.000","hPa","36.0","pmil","0","55.700","deg","20.000","°C","100.000","%a.s.","22.210","deg","20.000","°C","971.000","hPa","0.826","-0.01532","0.000401","-0.00012","0","11.08","Humid","30.45","0","49.40","253541.72","SABD0002000012","AAV2.0.0.13","4.0.0.2323","PSt7-10","171027-008","9/15/2022 2:43:31 PM","0000-00","0","no battery","V","","µV","","µV"
"10/14/2022","12:25:18","7","default","171425599","OXY_CH7","28.103","min","204.872","μmol/L","Humid","20.636","deg","93474","µV","27.178","°C","1020.000","hPa","36.0","pmil","0","55.700","deg","20.000","°C","100.000","%a.s.","22.210","deg","20.000","°C","971.000","hPa","0.826","-0.01532","0.000401","-0.00012","0","11.08","Humid","30.45","0","49.40","253531.45","SABD0002000012","AAV2.0.0.13","4.0.0.2323","PSt7-10","171027-008","9/15/2022 2:43:31 PM","0000-00","0","no battery","V","","µV","","µV"
"10/14/2022","12:25:19","7","default","171425599","OXY_CH7","28.120","min","204.873","μmol/L","Humid","20.638","deg","93477","µV","27.171","°C","1020.000","hPa","36.0","pmil","0","55.700","deg","20.000","°C","100.000","%a.s.","22.210","deg","20.000","°C","971.000","hPa","0.826","-0.01532","0.000401","-0.00012","0","11.08","Humid","30.45","0","49.40","253536.05","SABD0002000012","AAV2.0.0.13","4.0.0.2323","PSt7-10","171027-008","9/15/2022 2:43:31 PM","0000-00","0","no battery","V","","µV","","µV"
"10/14/2022","12:25:20","7","default","171425599","OXY_CH7","28.136","min","204.927","μmol/L","Humid","20.633","deg","93479","µV","27.178","°C","1020.000","hPa","36.0","pmil","0","55.700","deg","20.000","°C","100.000","%a.s.","22.210","deg","20.000","°C","971.000","hPa","0.826","-0.01532","0.000401","-0.00012","0","11.08","Humid","30.45","0","49.40","253542.91","SABD0002000012","AAV2.0.0.13","4.0.0.2323","PSt7-10","171027-008","9/15/2022 2:43:31 PM","0000-00","0","no battery","V","","µV","","µV"
"10/14/2022","12:25:21","7","default","171425599","OXY_CH7","28.152","min","204.890","μmol/L","Humid","20.635","deg","93486","µV","27.178","°C","1020.000","hPa","36.0","pmil","0","55.700","deg","20.000","°C","100.000","%a.s.","22.210","deg","20.000","°C","971.000","hPa","0.826","-0.01532","0.000401","-0.00012","0","11.08","Humid","30.45","0","49.40","253538.72","SABD0002000012","AAV2.0.0.13","4.0.0.2323","PSt7-10","171027-008","9/15/2022 2:43:31 PM","0000-00","0","no battery","V","","µV","","µV"
"10/14/2022","12:25:22","7","default","171425599","OXY_CH7","28.169","min","204.817","μmol/L","Humid","20.639","deg","93489","µV","27.178","°C","1020.000","hPa","36.0","pmil","0","55.700","deg","20.000","°C","100.000","%a.s.","22.210","deg","20.000","°C","971.000","hPa","0.826","-0.01532","0.000401","-0.00012","0","11.08","Humid","30.45","0","49.40","253542.36","SABD0002000012","AAV2.0.0.13","4.0.0.2323","PSt7-10","171027-008","9/15/2022 2:43:31 PM","0000-00","0","no battery","V","","µV","","µV"
"10/14/2022","12:25:23","7","default","171425599","OXY_CH7","28.186","min","204.891","μmol/L","Humid","20.637","deg","93480","µV","27.171","°C","1020.000","hPa","36.0","pmil","0","55.700","deg","20.000","°C","100.000","%a.s.","22.210","deg","20.000","°C","971.000","hPa","0.826","-0.01532","0.000401","-0.00012","0","11.08","Humid","30.45","0","49.40","253534.61","SABD0002000012","AAV2.0.0.13","4.0.0.2323","PSt7-10","171027-008","9/15/2022 2:43:31 PM","0000-00","0","no battery","V","","µV","","µV"
"10/14/2022","12:25:24","7","default","171425599","OXY_CH7","28.203","min","204.910","μmol/L","Humid","20.636","deg","93488","µV","27.171","°C","1020.000","hPa","36.0","pmil","0","55.700","deg","20.000","°C","100.000","%a.s.","22.210","deg","20.000","°C","971.000","hPa","0.826","-0.01532","0.000401","-0.00012","0","11.08","Humid","30.45","0","49.40","253535.22","SABD0002000012","AAV2.0.0.13","4.0.0.2323","PSt7-10","171027-008","9/15/2022 2:43:31 PM","0000-00","0","no battery","V","","µV","","µV"
"10/14/2022","12:25:25","7","default","171425599","OXY_CH7","28.220","min","204.891","μmol/L","Humid","20.637","deg","93483","µV","27.171","°C","1020.000","hPa","36.0","pmil","0","55.700","deg","20.000","°C","100.000","%a.s.","22.210","deg","20.000","°C","971.000","hPa","0.826","-0.01532","0.000401","-0.00012","0","11.08","Humid","30.45","0","49.40","253527.27","SABD0002000012","AAV2.0.0.13","4.0.0.2323","PSt7-10","171027-008","9/15/2022 2:43:31 PM","0000-00","0","no battery","V","","µV","","µV"
"10/14/2022","12:25:26","7","default","171425599","OXY_CH7","28.236","min","204.855","μmol/L","Humid","20.639","deg","93479","µV","27.171","°C","1020.000","hPa","36.0","pmil","0","55.700","deg","20.000","°C","100.000","%a.s.","22.210","deg","20.000","°C","971.000","hPa","0.826","-0.01532","0.000401","-0.00012","0","11.08","Humid","30.45","0","49.40","253528.89","SABD0002000012","AAV2.0.0.13","4.0.0.2323","PSt7-10","171027-008","9/15/2022 2:43:31 PM","0000-00","0","no battery","V","","µV","","µV"
"10/14/2022","12:25:27","7","default","171425599","OXY_CH7","28.253","min","204.890","μmol/L","Humid","20.635","deg","93486","µV","27.178","°C","1020.000","hPa","36.0","pmil","0","55.700","deg","20.000","°C","100.000","%a.s.","22.210","deg","20.000","°C","971.000","hPa","0.826","-0.01532","0.000401","-0.00012","0","11.08","Humid","30.45","0","49.40","253521.31","SABD0002000012","AAV2.0.0.13","4.0.0.2323","PSt7-10","171027-008","9/15/2022 2:43:31 PM","0000-00","0","no battery","V","","µV","","µV"
"10/14/2022","12:25:28","7","default","171425599","OXY_CH7","28.269","min","204.855","μmol/L","Humid","20.639","deg","93490","µV","27.171","°C","1020.000","hPa","36.0","pmil","0","55.700","deg","20.000","°C","100.000","%a.s.","22.210","deg","20.000","°C","971.000","hPa","0.826","-0.01532","0.000401","-0.00012","0","11.08","Humid","30.45","0","49.40","253525.63","SABD0002000012","AAV2.0.0.13","4.0.0.2323","PSt7-10","171027-008","9/15/2022 2:43:31 PM","0000-00","0","no battery","V","","µV","","µV"
"10/14/2022","12:25:29","7","default","171425599","OXY_CH7","28.286","min","204.873","μmol/L","Humid","20.638","deg","93494","µV","27.171","°C","1020.000","hPa","36.0","pmil","0","55.700","deg","20.000","°C","100.000","%a.s.","22.210","deg","20.000","°C","971.000","hPa","0.826","-0.01532","0.000401","-0.00012","0","11.08","Humid","30.45","0","49.40","253525.16","SABD0002000012","AAV2.0.0.13","4.0.0.2323","PSt7-10","171027-008","9/15/2022 2:43:31 PM","0000-00","0","no battery","V","","µV","","µV"
"10/14/2022","12:25:30","7","default","171425599","OXY_CH7","28.303","min","204.799","μmol/L","Humid","20.642","deg","93500","µV","27.171","°C","1020.000","hPa","36.0","pmil","0","55.700","deg","20.000","°C","100.000","%a.s.","22.210","deg","20.000","°C","971.000","hPa","0.826","-0.01532","0.000401","-0.00012","0","11.08","Humid","30.45","0","49.40","253533.27","SABD0002000012","AAV2.0.0.13","4.0.0.2323","PSt7-10","171027-008","9/15/2022 2:43:31 PM","0000-00","0","no battery","V","","µV","","µV"
"10/14/2022","12:25:31","7","default","171425599","OXY_CH7","28.319","min","204.780","μmol/L","Humid","20.641","deg","93499","µV","27.178","°C","1020.000","hPa","36.0","pmil","0","55.700","deg","20.000","°C","100.000","%a.s.","22.210","deg","20.000","°C","971.000","hPa","0.826","-0.01532","0.000401","-0.00012","0","11.08","Humid","30.45","0","49.40","253529.66","SABD0002000012","AAV2.0.0.13","4.0.0.2323","PSt7-10","171027-008","9/15/2022 2:43:31 PM","0000-00","0","no battery","V","","µV","","µV"
"10/14/2022","12:25:32","7","default","171425599","OXY_CH7","28.336","min","204.874","μmol/L","Humid","20.640","deg","93495","µV","27.165","°C","1020.000","hPa","36.0","pmil","0","55.700","deg","20.000","°C","100.000","%a.s.","22.210","deg","20.000","°C","971.000","hPa","0.826","-0.01532","0.000401","-0.00012","0","11.08","Humid","30.45","0","49.40","253523.12","SABD0002000012","AAV2.0.0.13","4.0.0.2323","PSt7-10","171027-008","9/15/2022 2:43:31 PM","0000-00","0","no battery","V","","µV","","µV"
"10/14/2022","12:25:33","7","default","171425599","OXY_CH7","28.353","min","204.892","μmol/L","Humid","20.639","deg","93497","µV","27.165","°C","1020.000","hPa","36.0","pmil","0","55.700","deg","20.000","°C","100.000","%a.s.","22.210","deg","20.000","°C","971.000","hPa","0.826","-0.01532","0.000401","-0.00012","0","11.08","Humid","30.45","0","49.40","253527.34","SABD0002000012","AAV2.0.0.13","4.0.0.2323","PSt7-10","171027-008","9/15/2022 2:43:31 PM","0000-00","0","no battery","V","","µV","","µV"
"10/14/2022","12:25:34","7","default","171425599","OXY_CH7","28.370","min","204.799","μmol/L","Humid","20.642","deg","93499","µV","27.171","°C","1020.000","hPa","36.0","pmil","0","55.700","deg","20.000","°C","100.000","%a.s.","22.210","deg","20.000","°C","971.000","hPa","0.826","-0.01532","0.000401","-0.00012","0","11.08","Humid","30.45","0","49.40","253536.36","SABD0002000012","AAV2.0.0.13","4.0.0.2323","PSt7-10","171027-008","9/15/2022 2:43:31 PM","0000-00","0","no battery","V","","µV","","µV"
"10/14/2022","12:25:35","7","default","171425599","OXY_CH7","28.387","min","204.707","μmol/L","Humid","20.645","deg","93498","µV","27.178","°C","1020.000","hPa","36.0","pmil","0","55.700","deg","20.000","°C","100.000","%a.s.","22.210","deg","20.000","°C","971.000","hPa","0.826","-0.01532","0.000401","-0.00012","0","11.08","Humid","30.45","0","49.40","253529.23","SABD0002000012","AAV2.0.0.13","4.0.0.2323","PSt7-10","171027-008","9/15/2022 2:43:31 PM","0000-00","0","no battery","V","","µV","","µV"
"10/14/2022","12:25:36","7","default","171425599","OXY_CH7","28.403","min","204.726","μmol/L","Humid","20.646","deg","93501","µV","27.171","°C","1020.000","hPa","36.0","pmil","0","55.700","deg","20.000","°C","100.000","%a.s.","22.210","deg","20.000","°C","971.000","hPa","0.826","-0.01532","0.000401","-0.00012","0","11.08","Humid","30.45","0","49.40","253522.77","SABD0002000012","AAV2.0.0.13","4.0.0.2323","PSt7-10","171027-008","9/15/2022 2:43:31 PM","0000-00","0","no battery","V","","µV","","µV"
"10/14/2022","12:25:37","7","default","171425599","OXY_CH7","28.420","min","204.781","μmol/L","Humid","20.643","deg","93508","µV","27.171","°C","1020.000","hPa","36.0","pmil","0","55.700","deg","20.000","°C","100.000","%a.s.","22.210","deg","20.000","°C","971.000","hPa","0.826","-0.01532","0.000401","-0.00012","0","11.08","Humid","30.45","0","49.40","253524.35","SABD0002000012","AAV2.0.0.13","4.0.0.2323","PSt7-10","171027-008","9/15/2022 2:43:31 PM","0000-00","0","no battery","V","","µV","","µV"
"10/14/2022","12:25:38","7","default","171425599","OXY_CH7","28.436","min","204.744","μmol/L","Humid","20.645","deg","93503","µV","27.171","°C","1020.000","hPa","36.0","pmil","0","55.700","deg","20.000","°C","100.000","%a.s.","22.210","deg","20.000","°C","971.000","hPa","0.826","-0.01532","0.000401","-0.00012","0","11.08","Humid","30.45","0","49.40","253525.81","SABD0002000012","AAV2.0.0.13","4.0.0.2323","PSt7-10","171027-008","9/15/2022 2:43:31 PM","0000-00","0","no battery","V","","µV","","µV"
"10/14/2022","12:25:39","7","default","171425599","OXY_CH7","28.452","min","204.689","μmol/L","Humid","20.648","deg","93501","µV","27.171","°C","1020.000","hPa","36.0","pmil","0","55.700","deg","20.000","°C","100.000","%a.s.","22.210","deg","20.000","°C","971.000","hPa","0.826","-0.01532","0.000401","-0.00012","0","11.08","Humid","30.45","0","49.40","253520.03","SABD0002000012","AAV2.0.0.13","4.0.0.2323","PSt7-10","171027-008","9/15/2022 2:43:31 PM","0000-00","0","no battery","V","","µV","","µV"
"10/14/2022","12:25:40","7","default","171425599","OXY_CH7","28.469","min","204.726","μmol/L","Humid","20.646","deg","93505","µV","27.171","°C","1020.000","hPa","36.0","pmil","0","55.700","deg","20.000","°C","100.000","%a.s.","22.210","deg","20.000","°C","971.000","hPa","0.826","-0.01532","0.000401","-0.00012","0","11.08","Humid","30.45","0","49.40","253515.32","SABD0002000012","AAV2.0.0.13","4.0.0.2323","PSt7-10","171027-008","9/15/2022 2:43:31 PM","0000-00","0","no battery","V","","µV","","µV"
"10/14/2022","12:25:41","7","default","171425599","OXY_CH7","28.486","min","204.763","μmol/L","Humid","20.644","deg","93513","µV","27.171","°C","1020.000","hPa","36.0","pmil","0","55.700","deg","20.000","°C","100.000","%a.s.","22.210","deg","20.000","°C","971.000","hPa","0.826","-0.01532","0.000401","-0.00012","0","11.08","Humid","30.45","0","49.40","253519.90","SABD0002000012","AAV2.0.0.13","4.0.0.2323","PSt7-10","171027-008","9/15/2022 2:43:31 PM","0000-00","0","no battery","V","","µV","","µV"
"10/14/2022","12:25:42","7","default","171425599","OXY_CH7","28.503","min","204.726","μmol/L","Humid","20.646","deg","93510","µV","27.171","°C","1020.000","hPa","36.0","pmil","0","55.700","deg","20.000","°C","100.000","%a.s.","22.210","deg","20.000","°C","971.000","hPa","0.826","-0.01532","0.000401","-0.00012","0","11.08","Humid","30.45","0","49.40","253514.59","SABD0002000012","AAV2.0.0.13","4.0.0.2323","PSt7-10","171027-008","9/15/2022 2:43:31 PM","0000-00","0","no battery","V","","µV","","µV"
"10/14/2022","12:25:43","7","default","171425599","OXY_CH7","28.519","min","204.708","μmol/L","Humid","20.647","deg","93511","µV","27.171","°C","1020.000","hPa","36.0","pmil","0","55.700","deg","20.000","°C","100.000","%a.s.","22.210","deg","20.000","°C","971.000","hPa","0.826","-0.01532","0.000401","-0.00012","0","11.08","Humid","30.45","0","49.40","253527.73","SABD0002000012","AAV2.0.0.13","4.0.0.2323","PSt7-10","171027-008","9/15/2022 2:43:31 PM","0000-00","0","no battery","V","","µV","","µV"
"10/14/2022","12:25:44","7","default","171425599","OXY_CH7","28.536","min","204.671","μmol/L","Humid","20.649","deg","93509","µV","27.171","°C","1020.000","hPa","36.0","pmil","0","55.700","deg","20.000","°C","100.000","%a.s.","22.210","deg","20.000","°C","971.000","hPa","0.826","-0.01532","0.000401","-0.00012","0","11.08","Humid","30.45","0","49.40","253519.31","SABD0002000012","AAV2.0.0.13","4.0.0.2323","PSt7-10","171027-008","9/15/2022 2:43:31 PM","0000-00","0","no battery","V","","µV","","µV"
"10/14/2022","12:25:45","7","default","171425599","OXY_CH7","28.553","min","204.689","μmol/L","Humid","20.648","deg","93512","µV","27.171","°C","1020.000","hPa","36.0","pmil","0","55.700","deg","20.000","°C","100.000","%a.s.","22.210","deg","20.000","°C","971.000","hPa","0.826","-0.01532","0.000401","-0.00012","0","11.08","Humid","30.45","0","49.40","253497.11","SABD0002000012","AAV2.0.0.13","4.0.0.2323","PSt7-10","171027-008","9/15/2022 2:43:31 PM","0000-00","0","no battery","V","","µV","","µV"
"10/14/2022","12:25:46","7","default","171425599","OXY_CH7","28.570","min","204.634","μmol/L","Humid","20.651","deg","93519","µV","27.171","°C","1020.000","hPa","36.0","pmil","0","55.700","deg","20.000","°C","100.000","%a.s.","22.210","deg","20.000","°C","971.000","hPa","0.826","-0.01532","0.000401","-0.00012","0","11.08","Humid","30.45","0","49.40","253515.42","SABD0002000012","AAV2.0.0.13","4.0.0.2323","PSt7-10","171027-008","9/15/2022 2:43:31 PM","0000-00","0","no battery","V","","µV","","µV"
"10/14/2022","12:25:47","7","default","171425599","OXY_CH7","28.586","min","204.652","μmol/L","Humid","20.650","deg","93513","µV","27.171","°C","1020.000","hPa","36.0","pmil","0","55.700","deg","20.000","°C","100.000","%a.s.","22.210","deg","20.000","°C","971.000","hPa","0.826","-0.01532","0.000401","-0.00012","0","11.08","Humid","30.45","0","49.40","253514.80","SABD0002000012","AAV2.0.0.13","4.0.0.2323","PSt7-10","171027-008","9/15/2022 2:43:31 PM","0000-00","0","no battery","V","","µV","","µV"
"10/14/2022","12:25:48","7","default","171425599","OXY_CH7","28.602","min","204.635","μmol/L","Humid","20.653","deg","93526","µV","27.165","°C","1020.000","hPa","36.0","pmil","0","55.700","deg","20.000","°C","100.000","%a.s.","22.210","deg","20.000","°C","971.000","hPa","0.826","-0.01532","0.000401","-0.00012","0","11.08","Humid","30.45","0","49.40","253511.45","SABD0002000012","AAV2.0.0.13","4.0.0.2323","PSt7-10","171027-008","9/15/2022 2:43:31 PM","0000-00","0","no battery","V","","µV","","µV"
"10/14/2022","12:25:49","7","default","171425599","OXY_CH7","28.619","min","204.633","μmol/L","Humid","20.649","deg","93524","µV","27.178","°C","1020.000","hPa","36.0","pmil","0","55.700","deg","20.000","°C","100.000","%a.s.","22.210","deg","20.000","°C","971.000","hPa","0.826","-0.01532","0.000401","-0.00012","0","11.08","Humid","30.45","0","49.40","253521.50","SABD0002000012","AAV2.0.0.13","4.0.0.2323","PSt7-10","171027-008","9/15/2022 2:43:31 PM","0000-00","0","no battery","V","","µV","","µV"
"10/14/2022","12:25:50","7","default","171425599","OXY_CH7","28.636","min","204.634","μmol/L","Humid","20.651","deg","93530","µV","27.171","°C","1020.000","hPa","36.0","pmil","0","55.700","deg","20.000","°C","100.000","%a.s.","22.210","deg","20.000","°C","971.000","hPa","0.826","-0.01532","0.000401","-0.00012","0","11.08","Humid","30.45","0","49.40","253500.24","SABD0002000012","AAV2.0.0.13","4.0.0.2323","PSt7-10","171027-008","9/15/2022 2:43:31 PM","0000-00","0","no battery","V","","µV","","µV"
"10/14/2022","12:25:51","7","default","171425599","OXY_CH7","28.653","min","204.634","μmol/L","Humid","20.651","deg","93534","µV","27.171","°C","1020.000","hPa","36.0","pmil","0","55.700","deg","20.000","°C","100.000","%a.s.","22.210","deg","20.000","°C","971.000","hPa","0.826","-0.01532","0.000401","-0.00012","0","11.08","Humid","30.45","0","49.40","253502.76","SABD0002000012","AAV2.0.0.13","4.0.0.2323","PSt7-10","171027-008","9/15/2022 2:43:31 PM","0000-00","0","no battery","V","","µV","","µV"
"10/14/2022","12:25:52","7","default","171425599","OXY_CH7","28.670","min","204.617","μmol/L","Humid","20.654","deg","93522","µV","27.165","°C","1020.000","hPa","36.0","pmil","0","55.700","deg","20.000","°C","100.000","%a.s.","22.210","deg","20.000","°C","971.000","hPa","0.826","-0.01532","0.000401","-0.00012","0","11.08","Humid","30.45","0","49.40","253502.43","SABD0002000012","AAV2.0.0.13","4.0.0.2323","PSt7-10","171027-008","9/15/2022 2:43:31 PM","0000-00","0","no battery","V","","µV","","µV"
"10/14/2022","12:25:53","7","default","171425599","OXY_CH7","28.686","min","204.617","μmol/L","Humid","20.654","deg","93533","µV","27.165","°C","1020.000","hPa","36.0","pmil","0","55.700","deg","20.000","°C","100.000","%a.s.","22.210","deg","20.000","°C","971.000","hPa","0.826","-0.01532","0.000401","-0.00012","0","11.08","Humid","30.45","0","49.40","253498.28","SABD0002000012","AAV2.0.0.13","4.0.0.2323","PSt7-10","171027-008","9/15/2022 2:43:31 PM","0000-00","0","no battery","V","","µV","","µV"
"10/14/2022","12:25:54","7","default","171425599","OXY_CH7","28.703","min","204.653","μmol/L","Humid","20.652","deg","93531","µV","27.165","°C","1020.000","hPa","36.0","pmil","0","55.700","deg","20.000","°C","100.000","%a.s.","22.210","deg","20.000","°C","971.000","hPa","0.826","-0.01532","0.000401","-0.00012","0","11.08","Humid","30.45","0","49.40","253502.91","SABD0002000012","AAV2.0.0.13","4.0.0.2323","PSt7-10","171027-008","9/15/2022 2:43:31 PM","0000-00","0","no battery","V","","µV","","µV"
"10/14/2022","12:25:55","7","default","171425599","OXY_CH7","28.719","min","204.487","μmol/L","Humid","20.659","deg","93531","µV","27.171","°C","1020.000","hPa","36.0","pmil","0","55.700","deg","20.000","°C","100.000","%a.s.","22.210","deg","20.000","°C","971.000","hPa","0.826","-0.01532","0.000401","-0.00012","0","11.08","Humid","30.45","0","49.40","253491.80","SABD0002000012","AAV2.0.0.13","4.0.0.2323","PSt7-10","171027-008","9/15/2022 2:43:31 PM","0000-00","0","no battery","V","","µV","","µV"
"10/14/2022","12:25:56","7","default","171425599","OXY_CH7","28.736","min","204.579","μmol/L","Humid","20.654","deg","93543","µV","27.171","°C","1020.000","hPa","36.0","pmil","0","55.700","deg","20.000","°C","100.000","%a.s.","22.210","deg","20.000","°C","971.000","hPa","0.826","-0.01532","0.000401","-0.00012","0","11.08","Humid","30.45","0","49.40","253517.70","SABD0002000012","AAV2.0.0.13","4.0.0.2323","PSt7-10","171027-008","9/15/2022 2:43:31 PM","0000-00","0","no battery","V","","µV","","µV"
"10/14/2022","12:25:57","7","default","171425599","OXY_CH7","28.753","min","204.542","μmol/L","Humid","20.656","deg","93530","µV","27.171","°C","1020.000","hPa","36.0","pmil","0","55.700","deg","20.000","°C","100.000","%a.s.","22.210","deg","20.000","°C","971.000","hPa","0.826","-0.01532","0.000401","-0.00012","0","11.08","Humid","30.45","0","49.40","253499.92","SABD0002000012","AAV2.0.0.13","4.0.0.2323","PSt7-10","171027-008","9/15/2022 2:43:31 PM","0000-00","0","no battery","V","","µV","","µV"
"10/14/2022","12:25:58","7","default","171425599","OXY_CH7","28.769","min","204.578","μmol/L","Humid","20.652","deg","93535","µV","27.178","°C","1020.000","hPa","36.0","pmil","0","55.700","deg","20.000","°C","100.000","%a.s.","22.210","deg","20.000","°C","971.000","hPa","0.826","-0.01532","0.000401","-0.00012","0","11.08","Humid","30.45","0","49.40","253496.35","SABD0002000012","AAV2.0.0.13","4.0.0.2323","PSt7-10","171027-008","9/15/2022 2:43:31 PM","0000-00","0","no battery","V","","µV","","µV"
"10/14/2022","12:25:59","7","default","171425599","OXY_CH7","28.786","min","204.561","μmol/L","Humid","20.655","deg","93539","µV","27.171","°C","1020.000","hPa","36.0","pmil","0","55.700","deg","20.000","°C","100.000","%a.s.","22.210","deg","20.000","°C","971.000","hPa","0.826","-0.01532","0.000401","-0.00012","0","11.08","Humid","30.45","0","49.40","253494.19","SABD0002000012","AAV2.0.0.13","4.0.0.2323","PSt7-10","171027-008","9/15/2022 2:43:31 PM","0000-00","0","no battery","V","","µV","","µV"
"10/14/2022","12:26:00","7","default","171425599","OXY_CH7","28.803","min","204.506","μmol/L","Humid","20.658","deg","93537","µV","27.171","°C","1020.000","hPa","36.0","pmil","0","55.700","deg","20.000","°C","100.000","%a.s.","22.210","deg","20.000","°C","971.000","hPa","0.826","-0.01532","0.000401","-0.00012","0","11.08","Humid","30.45","0","49.40","253508.13","SABD0002000012","AAV2.0.0.13","4.0.0.2323","PSt7-10","171027-008","9/15/2022 2:43:31 PM","0000-00","0","no battery","V","","µV","","µV"
"10/14/2022","12:26:01","7","default","171425599","OXY_CH7","28.820","min","204.579","μmol/L","Humid","20.654","deg","93544","µV","27.171","°C","1020.000","hPa","36.0","pmil","0","55.700","deg","20.000","°C","100.000","%a.s.","22.210","deg","20.000","°C","971.000","hPa","0.826","-0.01532","0.000401","-0.00012","0","11.08","Humid","30.45","0","49.40","253499.76","SABD0002000012","AAV2.0.0.13","4.0.0.2323","PSt7-10","171027-008","9/15/2022 2:43:31 PM","0000-00","0","no battery","V","","µV","","µV"
"10/14/2022","12:26:02","7","default","171425599","OXY_CH7","28.836","min","204.653","μmol/L","Humid","20.652","deg","93542","µV","27.165","°C","1020.000","hPa","36.0","pmil","0","55.700","deg","20.000","°C","100.000","%a.s.","22.210","deg","20.000","°C","971.000","hPa","0.826","-0.01532","0.000401","-0.00012","0","11.08","Humid","30.45","0","49.40","253503.14","SABD0002000012","AAV2.0.0.13","4.0.0.2323","PSt7-10","171027-008","9/15/2022 2:43:31 PM","0000-00","0","no battery","V","","µV","","µV"
"10/14/2022","12:26:03","7","default","171425599","OXY_CH7","28.853","min","204.542","μmol/L","Humid","20.656","deg","93544","µV","27.171","°C","1020.000","hPa","36.0","pmil","0","55.700","deg","20.000","°C","100.000","%a.s.","22.210","deg","20.000","°C","971.000","hPa","0.826","-0.01532","0.000401","-0.00012","0","11.08","Humid","30.45","0","49.40","253509.21","SABD0002000012","AAV2.0.0.13","4.0.0.2323","PSt7-10","171027-008","9/15/2022 2:43:31 PM","0000-00","0","no battery","V","","µV","","µV"
"10/14/2022","12:26:04","7","default","171425599","OXY_CH7","28.870","min","204.506","μmol/L","Humid","20.658","deg","93541","µV","27.171","°C","1020.000","hPa","36.0","pmil","0","55.700","deg","20.000","°C","100.000","%a.s.","22.210","deg","20.000","°C","971.000","hPa","0.826","-0.01532","0.000401","-0.00012","0","11.08","Humid","30.45","0","49.40","253515.78","SABD0002000012","AAV2.0.0.13","4.0.0.2323","PSt7-10","171027-008","9/15/2022 2:43:31 PM","0000-00","0","no battery","V","","µV","","µV"
"10/14/2022","12:26:05","7","default","171425599","OXY_CH7","28.886","min","204.487","μmol/L","Humid","20.659","deg","93539","µV","27.171","°C","1020.000","hPa","36.0","pmil","0","55.700","deg","20.000","°C","100.000","%a.s.","22.210","deg","20.000","°C","971.000","hPa","0.826","-0.01532","0.000401","-0.00012","0","11.08","Humid","30.45","0","49.40","253495.02","SABD0002000012","AAV2.0.0.13","4.0.0.2323","PSt7-10","171027-008","9/15/2022 2:43:31 PM","0000-00","0","no battery","V","","µV","","µV"
"10/14/2022","12:26:06","7","default","171425599","OXY_CH7","28.903","min","204.450","μmol/L","Humid","20.659","deg","93551","µV","27.178","°C","1020.000","hPa","36.0","pmil","0","55.700","deg","20.000","°C","100.000","%a.s.","22.210","deg","20.000","°C","971.000","hPa","0.826","-0.01532","0.000401","-0.00012","0","11.08","Humid","30.45","0","49.40","253496.16","SABD0002000012","AAV2.0.0.13","4.0.0.2323","PSt7-10","171027-008","9/15/2022 2:43:31 PM","0000-00","0","no battery","V","","µV","","µV"
"10/14/2022","12:26:07","7","default","171425599","OXY_CH7","28.920","min","204.395","μmol/L","Humid","20.662","deg","93545","µV","27.178","°C","1020.000","hPa","36.0","pmil","0","55.700","deg","20.000","°C","100.000","%a.s.","22.210","deg","20.000","°C","971.000","hPa","0.826","-0.01532","0.000401","-0.00012","0","11.08","Humid","30.45","0","49.40","253497.65","SABD0002000012","AAV2.0.0.13","4.0.0.2323","PSt7-10","171027-008","9/15/2022 2:43:31 PM","0000-00","0","no battery","V","","µV","","µV"
"10/14/2022","12:26:08","7","default","171425599","OXY_CH7","28.936","min","204.487","μmol/L","Humid","20.659","deg","93550","µV","27.171","°C","1020.000","hPa","36.0","pmil","0","55.700","deg","20.000","°C","100.000","%a.s.","22.210","deg","20.000","°C","971.000","hPa","0.826","-0.01532","0.000401","-0.00012","0","11.08","Humid","30.45","0","49.40","253500.84","SABD0002000012","AAV2.0.0.13","4.0.0.2323","PSt7-10","171027-008","9/15/2022 2:43:31 PM","0000-00","0","no battery","V","","µV","","µV"
"10/14/2022","12:26:09","7","default","171425599","OXY_CH7","28.953","min","204.469","μmol/L","Humid","20.660","deg","93547","µV","27.171","°C","1020.000","hPa","36.0","pmil","0","55.700","deg","20.000","°C","100.000","%a.s.","22.210","deg","20.000","°C","971.000","hPa","0.826","-0.01532","0.000401","-0.00012","0","11.08","Humid","30.45","0","49.40","253501.74","SABD0002000012","AAV2.0.0.13","4.0.0.2323","PSt7-10","171027-008","9/15/2022 2:43:31 PM","0000-00","0","no battery","V","","µV","","µV"
"10/14/2022","12:26:10","7","default","171425599","OXY_CH7","28.969","min","204.451","μmol/L","Humid","20.661","deg","93556","µV","27.171","°C","1020.000","hPa","36.0","pmil","0","55.700","deg","20.000","°C","100.000","%a.s.","22.210","deg","20.000","°C","971.000","hPa","0.826","-0.01532","0.000401","-0.00012","0","11.08","Humid","30.45","0","49.40","253497.67","SABD0002000012","AAV2.0.0.13","4.0.0.2323","PSt7-10","171027-008","9/15/2022 2:43:31 PM","0000-00","0","no battery","V","","µV","","µV"
"10/14/2022","12:26:11","7","default","171425599","OXY_CH7","28.986","min","204.433","μmol/L","Humid","20.664","deg","93554","µV","27.165","°C","1020.000","hPa","36.0","pmil","0","55.700","deg","20.000","°C","100.000","%a.s.","22.210","deg","20.000","°C","971.000","hPa","0.826","-0.01532","0.000401","-0.00012","0","11.08","Humid","30.45","0","49.40","253491.54","SABD0002000012","AAV2.0.0.13","4.0.0.2323","PSt7-10","171027-008","9/15/2022 2:43:31 PM","0000-00","0","no battery","V","","µV","","µV"
"10/14/2022","12:26:12","7","default","171425599","OXY_CH7","29.003","min","204.431","μmol/L","Humid","20.660","deg","93547","µV","27.178","°C","1020.000","hPa","36.0","pmil","0","55.700","deg","20.000","°C","100.000","%a.s.","22.210","deg","20.000","°C","971.000","hPa","0.826","-0.01532","0.000401","-0.00012","0","11.08","Humid","30.45","0","49.40","253486.97","SABD0002000012","AAV2.0.0.13","4.0.0.2323","PSt7-10","171027-008","9/15/2022 2:43:31 PM","0000-00","0","no battery","V","","µV","","µV"
"10/14/2022","12:26:13","7","default","171425599","OXY_CH7","29.020","min","204.413","μmol/L","Humid","20.661","deg","93550","µV","27.178","°C","1020.000","hPa","36.0","pmil","0","55.700","deg","20.000","°C","100.000","%a.s.","22.210","deg","20.000","°C","971.000","hPa","0.826","-0.01532","0.000401","-0.00012","0","11.08","Humid","30.45","0","49.40","253493.15","SABD0002000012","AAV2.0.0.13","4.0.0.2323","PSt7-10","171027-008","9/15/2022 2:43:31 PM","0000-00","0","no battery","V","","µV","","µV"
"10/14/2022","12:26:14","7","default","171425599","OXY_CH7","29.036","min","204.358","μmol/L","Humid","20.664","deg","93561","µV","27.178","°C","1020.000","hPa","36.0","pmil","0","55.700","deg","20.000","°C","100.000","%a.s.","22.210","deg","20.000","°C","971.000","hPa","0.826","-0.01532","0.000401","-0.00012","0","11.08","Humid","30.45","0","49.40","253496.40","SABD0002000012","AAV2.0.0.13","4.0.0.2323","PSt7-10","171027-008","9/15/2022 2:43:31 PM","0000-00","0","no battery","V","","µV","","µV"
"10/14/2022","12:26:15","7","default","171425599","OXY_CH7","29.053","min","204.470","μmol/L","Humid","20.662","deg","93563","µV","27.165","°C","1020.000","hPa","36.0","pmil","0","55.700","deg","20.000","°C","100.000","%a.s.","22.210","deg","20.000","°C","971.000","hPa","0.826","-0.01532","0.000401","-0.00012","0","11.08","Humid","30.45","0","49.40","253507.78","SABD0002000012","AAV2.0.0.13","4.0.0.2323","PSt7-10","171027-008","9/15/2022 2:43:31 PM","0000-00","0","no battery","V","","µV","","µV"
"10/14/2022","12:26:16","7","default","171425599","OXY_CH7","29.069","min","204.414","μmol/L","Humid","20.663","deg","93569","µV","27.171","°C","1020.000","hPa","36.0","pmil","0","55.700","deg","20.000","°C","100.000","%a.s.","22.210","deg","20.000","°C","971.000","hPa","0.826","-0.01532","0.000401","-0.00012","0","11.08","Humid","30.45","0","49.40","253491.56","SABD0002000012","AAV2.0.0.13","4.0.0.2323","PSt7-10","171027-008","9/15/2022 2:43:31 PM","0000-00","0","no battery","V","","µV","","µV"
"10/14/2022","12:26:17","7","default","171425599","OXY_CH7","29.086","min","204.469","μmol/L","Humid","20.660","deg","93568","µV","27.171","°C","1020.000","hPa","36.0","pmil","0","55.700","deg","20.000","°C","100.000","%a.s.","22.210","deg","20.000","°C","971.000","hPa","0.826","-0.01532","0.000401","-0.00012","0","11.08","Humid","30.45","0","49.40","253501.01","SABD0002000012","AAV2.0.0.13","4.0.0.2323","PSt7-10","171027-008","9/15/2022 2:43:31 PM","0000-00","0","no battery","V","","µV","","µV"
"10/14/2022","12:26:18","7","default","171425599","OXY_CH7","29.103","min","204.470","μmol/L","Humid","20.662","deg","93560","µV","27.165","°C","1020.000","hPa","36.0","pmil","0","55.700","deg","20.000","°C","100.000","%a.s.","22.210","deg","20.000","°C","971.000","hPa","0.826","-0.01532","0.000401","-0.00012","0","11.08","Humid","30.45","0","49.40","253492.46","SABD0002000012","AAV2.0.0.13","4.0.0.2323","PSt7-10","171027-008","9/15/2022 2:43:31 PM","0000-00","0","no battery","V","","µV","","µV"
"10/14/2022","12:26:19","7","default","171425599","OXY_CH7","29.119","min","204.433","μmol/L","Humid","20.664","deg","93567","µV","27.165","°C","1020.000","hPa","36.0","pmil","0","55.700","deg","20.000","°C","100.000","%a.s.","22.210","deg","20.000","°C","971.000","hPa","0.826","-0.01532","0.000401","-0.00012","0","11.08","Humid","30.45","0","49.40","253485.19","SABD0002000012","AAV2.0.0.13","4.0.0.2323","PSt7-10","171027-008","9/15/2022 2:43:31 PM","0000-00","0","no battery","V","","µV","","µV"
"10/14/2022","12:26:20","7","default","171425599","OXY_CH7","29.136","min","204.285","μmol/L","Humid","20.668","deg","93572","µV","27.178","°C","1020.000","hPa","36.0","pmil","0","55.700","deg","20.000","°C","100.000","%a.s.","22.210","deg","20.000","°C","971.000","hPa","0.826","-0.01532","0.000401","-0.00012","0","11.08","Humid","30.45","0","49.40","253491.85","SABD0002000012","AAV2.0.0.13","4.0.0.2323","PSt7-10","171027-008","9/15/2022 2:43:31 PM","0000-00","0","no battery","V","","µV","","µV"
"10/14/2022","12:26:21","7","default","171425599","OXY_CH7","29.153","min","204.321","μmol/L","Humid","20.666","deg","93576","µV","27.178","°C","1020.000","hPa","36.0","pmil","0","55.700","deg","20.000","°C","100.000","%a.s.","22.210","deg","20.000","°C","971.000","hPa","0.826","-0.01532","0.000401","-0.00012","0","11.08","Humid","30.45","0","49.40","253501.96","SABD0002000012","AAV2.0.0.13","4.0.0.2323","PSt7-10","171027-008","9/15/2022 2:43:31 PM","0000-00","0","no battery","V","","µV","","µV"
"10/14/2022","12:26:22","7","default","171425599","OXY_CH7","29.170","min","204.229","μmol/L","Humid","20.669","deg","93579","µV","27.184","°C","1020.000","hPa","36.0","pmil","0","55.700","deg","20.000","°C","100.000","%a.s.","22.210","deg","20.000","°C","971.000","hPa","0.826","-0.01532","0.000401","-0.00012","0","11.08","Humid","30.45","0","49.40","253502.52","SABD0002000012","AAV2.0.0.13","4.0.0.2323","PSt7-10","171027-008","9/15/2022 2:43:31 PM","0000-00","0","no battery","V","","µV","","µV"
"10/14/2022","12:26:23","7","default","171425599","OXY_CH7","29.186","min","204.396","μmol/L","Humid","20.664","deg","93572","µV","27.171","°C","1020.000","hPa","36.0","pmil","0","55.700","deg","20.000","°C","100.000","%a.s.","22.210","deg","20.000","°C","971.000","hPa","0.826","-0.01532","0.000401","-0.00012","0","11.08","Humid","30.45","0","49.40","253492.80","SABD0002000012","AAV2.0.0.13","4.0.0.2323","PSt7-10","171027-008","9/15/2022 2:43:31 PM","0000-00","0","no battery","V","","µV","","µV"
"10/14/2022","12:26:24","7","default","171425599","OXY_CH7","29.202","min","204.266","μmol/L","Humid","20.669","deg","93574","µV","27.178","°C","1020.000","hPa","36.0","pmil","0","55.700","deg","20.000","°C","100.000","%a.s.","22.210","deg","20.000","°C","971.000","hPa","0.826","-0.01532","0.000401","-0.00012","0","11.08","Humid","30.45","0","49.40","253489.28","SABD0002000012","AAV2.0.0.13","4.0.0.2323","PSt7-10","171027-008","9/15/2022 2:43:31 PM","0000-00","0","no battery","V","","µV","","µV"
"10/14/2022","12:26:25","7","default","171425599","OXY_CH7","29.219","min","204.397","μmol/L","Humid","20.666","deg","93576","µV","27.165","°C","1020.000","hPa","36.0","pmil","0","55.700","deg","20.000","°C","100.000","%a.s.","22.210","deg","20.000","°C","971.000","hPa","0.826","-0.01532","0.000401","-0.00012","0","11.08","Humid","30.45","0","49.40","253492.90","SABD0002000012","AAV2.0.0.13","4.0.0.2323","PSt7-10","171027-008","9/15/2022 2:43:31 PM","0000-00","0","no battery","V","","µV","","µV"
"10/14/2022","12:26:26","7","default","171425599","OXY_CH7","29.236","min","204.341","μmol/L","Humid","20.667","deg","93573","µV","27.171","°C","1020.000","hPa","36.0","pmil","0","55.700","deg","20.000","°C","100.000","%a.s.","22.210","deg","20.000","°C","971.000","hPa","0.826","-0.01532","0.000401","-0.00012","0","11.08","Humid","30.45","0","49.40","253488.57","SABD0002000012","AAV2.0.0.13","4.0.0.2323","PSt7-10","171027-008","9/15/2022 2:43:31 PM","0000-00","0","no battery","V","","µV","","µV"
"10/14/2022","12:26:27","7","default","171425599","OXY_CH7","29.253","min","204.230","μmol/L","Humid","20.671","deg","93580","µV","27.178","°C","1020.000","hPa","36.0","pmil","0","55.700","deg","20.000","°C","100.000","%a.s.","22.210","deg","20.000","°C","971.000","hPa","0.826","-0.01532","0.000401","-0.00012","0","11.08","Humid","30.45","0","49.40","253488.80","SABD0002000012","AAV2.0.0.13","4.0.0.2323","PSt7-10","171027-008","9/15/2022 2:43:31 PM","0000-00","0","no battery","V","","µV","","µV"
"10/14/2022","12:26:28","7","default","171425599","OXY_CH7","29.270","min","204.249","μmol/L","Humid","20.672","deg","93577","µV","27.171","°C","1020.000","hPa","36.0","pmil","0","55.700","deg","20.000","°C","100.000","%a.s.","22.210","deg","20.000","°C","971.000","hPa","0.826","-0.01532","0.000401","-0.00012","0","11.08","Humid","30.45","0","49.40","253486.89","SABD0002000012","AAV2.0.0.13","4.0.0.2323","PSt7-10","171027-008","9/15/2022 2:43:31 PM","0000-00","0","no battery","V","","µV","","µV"
"10/14/2022","12:26:29","7","default","171425599","OXY_CH7","29.286","min","204.286","μmol/L","Humid","20.670","deg","93584","µV","27.171","°C","1020.000","hPa","36.0","pmil","0","55.700","deg","20.000","°C","100.000","%a.s.","22.210","deg","20.000","°C","971.000","hPa","0.826","-0.01532","0.000401","-0.00012","0","11.08","Humid","30.45","0","49.40","253482.60","SABD0002000012","AAV2.0.0.13","4.0.0.2323","PSt7-10","171027-008","9/15/2022 2:43:31 PM","0000-00","0","no battery","V","","µV","","µV"
"10/14/2022","12:26:30","7","default","171425599","OXY_CH7","29.303","min","204.248","μmol/L","Humid","20.670","deg","93581","µV","27.178","°C","1020.000","hPa","36.0","pmil","0","55.700","deg","20.000","°C","100.000","%a.s.","22.210","deg","20.000","°C","971.000","hPa","0.826","-0.01532","0.000401","-0.00012","0","11.08","Humid","30.45","0","49.40","253475.86","SABD0002000012","AAV2.0.0.13","4.0.0.2323","PSt7-10","171027-008","9/15/2022 2:43:31 PM","0000-00","0","no battery","V","","µV","","µV"
"10/14/2022","12:26:31","7","default","171425599","OXY_CH7","29.320","min","204.267","μmol/L","Humid","20.671","deg","93583","µV","27.171","°C","1020.000","hPa","36.0","pmil","0","55.700","deg","20.000","°C","100.000","%a.s.","22.210","deg","20.000","°C","971.000","hPa","0.826","-0.01532","0.000401","-0.00012","0","11.08","Humid","30.45","0","49.40","253485.99","SABD0002000012","AAV2.0.0.13","4.0.0.2323","PSt7-10","171027-008","9/15/2022 2:43:31 PM","0000-00","0","no battery","V","","µV","","µV"
"10/14/2022","12:26:32","7","default","171425599","OXY_CH7","29.336","min","204.267","μmol/L","Humid","20.671","deg","93587","µV","27.171","°C","1020.000","hPa","36.0","pmil","0","55.700","deg","20.000","°C","100.000","%a.s.","22.210","deg","20.000","°C","971.000","hPa","0.826","-0.01532","0.000401","-0.00012","0","11.08","Humid","30.45","0","49.40","253476.28","SABD0002000012","AAV2.0.0.13","4.0.0.2323","PSt7-10","171027-008","9/15/2022 2:43:31 PM","0000-00","0","no battery","V","","µV","","µV"
"10/14/2022","12:26:33","7","default","171425599","OXY_CH7","29.352","min","204.249","μmol/L","Humid","20.672","deg","93585","µV","27.171","°C","1020.000","hPa","36.0","pmil","0","55.700","deg","20.000","°C","100.000","%a.s.","22.210","deg","20.000","°C","971.000","hPa","0.826","-0.01532","0.000401","-0.00012","0","11.08","Humid","30.45","0","49.40","253483.77","SABD0002000012","AAV2.0.0.13","4.0.0.2323","PSt7-10","171027-008","9/15/2022 2:43:31 PM","0000-00","0","no battery","V","","µV","","µV"
"10/14/2022","12:26:34","7","default","171425599","OXY_CH7","29.369","min","204.212","μmol/L","Humid","20.674","deg","93587","µV","27.171","°C","1020.000","hPa","36.0","pmil","0","55.700","deg","20.000","°C","100.000","%a.s.","22.210","deg","20.000","°C","971.000","hPa","0.826","-0.01532","0.000401","-0.00012","0","11.08","Humid","30.45","0","49.40","253481.00","SABD0002000012","AAV2.0.0.13","4.0.0.2323","PSt7-10","171027-008","9/15/2022 2:43:31 PM","0000-00","0","no battery","V","","µV","","µV"
"10/14/2022","12:26:35","7","default","171425599","OXY_CH7","29.386","min","204.267","μmol/L","Humid","20.671","deg","93593","µV","27.171","°C","1020.000","hPa","36.0","pmil","0","55.700","deg","20.000","°C","100.000","%a.s.","22.210","deg","20.000","°C","971.000","hPa","0.826","-0.01532","0.000401","-0.00012","0","11.08","Humid","30.45","0","49.40","253479.39","SABD0002000012","AAV2.0.0.13","4.0.0.2323","PSt7-10","171027-008","9/15/2022 2:43:31 PM","0000-00","0","no battery","V","","µV","","µV"
"10/14/2022","12:26:36","7","default","171425599","OXY_CH7","29.403","min","204.267","μmol/L","Humid","20.671","deg","93590","µV","27.171","°C","1020.000","hPa","36.0","pmil","0","55.700","deg","20.000","°C","100.000","%a.s.","22.210","deg","20.000","°C","971.000","hPa","0.826","-0.01532","0.000401","-0.00012","0","11.08","Humid","30.45","0","49.40","253484.48","SABD0002000012","AAV2.0.0.13","4.0.0.2323","PSt7-10","171027-008","9/15/2022 2:43:31 PM","0000-00","0","no battery","V","","µV","","µV"
"10/14/2022","12:26:37","7","default","171425599","OXY_CH7","29.420","min","204.267","μmol/L","Humid","20.671","deg","93591","µV","27.171","°C","1020.000","hPa","36.0","pmil","0","55.700","deg","20.000","°C","100.000","%a.s.","22.210","deg","20.000","°C","971.000","hPa","0.826","-0.01532","0.000401","-0.00012","0","11.08","Humid","30.45","0","49.40","253483.45","SABD0002000012","AAV2.0.0.13","4.0.0.2323","PSt7-10","171027-008","9/15/2022 2:43:31 PM","0000-00","0","no battery","V","","µV","","µV"
"10/14/2022","12:26:38","7","default","171425599","OXY_CH7","29.436","min","204.175","μmol/L","Humid","20.674","deg","93603","µV","27.178","°C","1020.000","hPa","36.0","pmil","0","55.700","deg","20.000","°C","100.000","%a.s.","22.210","deg","20.000","°C","971.000","hPa","0.826","-0.01532","0.000401","-0.00012","0","11.08","Humid","30.45","0","49.40","253477.80","SABD0002000012","AAV2.0.0.13","4.0.0.2323","PSt7-10","171027-008","9/15/2022 2:43:31 PM","0000-00","0","no battery","V","","µV","","µV"
"10/14/2022","12:26:39","7","default","171425599","OXY_CH7","29.453","min","204.213","μmol/L","Humid","20.676","deg","93596","µV","27.165","°C","1020.000","hPa","36.0","pmil","0","55.700","deg","20.000","°C","100.000","%a.s.","22.210","deg","20.000","°C","971.000","hPa","0.826","-0.01532","0.000401","-0.00012","0","11.08","Humid","30.45","0","49.40","253485.06","SABD0002000012","AAV2.0.0.13","4.0.0.2323","PSt7-10","171027-008","9/15/2022 2:43:31 PM","0000-00","0","no battery","V","","µV","","µV"
"10/14/2022","12:26:40","7","default","171425599","OXY_CH7","29.469","min","204.194","μmol/L","Humid","20.675","deg","93603","µV","27.171","°C","1020.000","hPa","36.0","pmil","0","55.700","deg","20.000","°C","100.000","%a.s.","22.210","deg","20.000","°C","971.000","hPa","0.826","-0.01532","0.000401","-0.00012","0","11.08","Humid","30.45","0","49.40","253479.13","SABD0002000012","AAV2.0.0.13","4.0.0.2323","PSt7-10","171027-008","9/15/2022 2:43:31 PM","0000-00","0","no battery","V","","µV","","µV"
"10/14/2022","12:26:41","7","default","171425599","OXY_CH7","29.486","min","204.102","μmol/L","Humid","20.678","deg","93606","µV","27.178","°C","1020.000","hPa","36.0","pmil","0","55.700","deg","20.000","°C","100.000","%a.s.","22.210","deg","20.000","°C","971.000","hPa","0.826","-0.01532","0.000401","-0.00012","0","11.08","Humid","30.45","0","49.40","253487.92","SABD0002000012","AAV2.0.0.13","4.0.0.2323","PSt7-10","171027-008","9/15/2022 2:43:31 PM","0000-00","0","no battery","V","","µV","","µV"
"10/14/2022","12:26:42","7","default","171425599","OXY_CH7","29.503","min","204.212","μmol/L","Humid","20.674","deg","93601","µV","27.171","°C","1020.000","hPa","36.0","pmil","0","55.700","deg","20.000","°C","100.000","%a.s.","22.210","deg","20.000","°C","971.000","hPa","0.826","-0.01532","0.000401","-0.00012","0","11.08","Humid","30.45","0","49.40","253482.08","SABD0002000012","AAV2.0.0.13","4.0.0.2323","PSt7-10","171027-008","9/15/2022 2:43:31 PM","0000-00","0","no battery","V","","µV","","µV"
"10/14/2022","12:26:43","7","default","171425599","OXY_CH7","29.519","min","204.121","μmol/L","Humid","20.679","deg","93606","µV","27.171","°C","1020.000","hPa","36.0","pmil","0","55.700","deg","20.000","°C","100.000","%a.s.","22.210","deg","20.000","°C","971.000","hPa","0.826","-0.01532","0.000401","-0.00012","0","11.08","Humid","30.45","0","49.40","253473.57","SABD0002000012","AAV2.0.0.13","4.0.0.2323","PSt7-10","171027-008","9/15/2022 2:43:31 PM","0000-00","0","no battery","V","","µV","","µV"
"10/14/2022","12:26:44","7","default","171425599","OXY_CH7","29.536","min","204.103","μmol/L","Humid","20.680","deg","93605","µV","27.171","°C","1020.000","hPa","36.0","pmil","0","55.700","deg","20.000","°C","100.000","%a.s.","22.210","deg","20.000","°C","971.000","hPa","0.826","-0.01532","0.000401","-0.00012","0","11.08","Humid","30.45","0","49.40","253483.91","SABD0002000012","AAV2.0.0.13","4.0.0.2323","PSt7-10","171027-008","9/15/2022 2:43:31 PM","0000-00","0","no battery","V","","µV","","µV"
"10/14/2022","12:26:45","7","default","171425599","OXY_CH7","29.553","min","204.176","μmol/L","Humid","20.676","deg","93603","µV","27.171","°C","1020.000","hPa","36.0","pmil","0","55.700","deg","20.000","°C","100.000","%a.s.","22.210","deg","20.000","°C","971.000","hPa","0.826","-0.01532","0.000401","-0.00012","0","11.08","Humid","30.45","0","49.40","253493.46","SABD0002000012","AAV2.0.0.13","4.0.0.2323","PSt7-10","171027-008","9/15/2022 2:43:31 PM","0000-00","0","no battery","V","","µV","","µV"
"10/14/2022","12:26:46","7","default","171425599","OXY_CH7","29.570","min","204.232","μmol/L","Humid","20.675","deg","93603","µV","27.165","°C","1020.000","hPa","36.0","pmil","0","55.700","deg","20.000","°C","100.000","%a.s.","22.210","deg","20.000","°C","971.000","hPa","0.826","-0.01532","0.000401","-0.00012","0","11.08","Humid","30.45","0","49.40","253482.83","SABD0002000012","AAV2.0.0.13","4.0.0.2323","PSt7-10","171027-008","9/15/2022 2:43:31 PM","0000-00","0","no battery","V","","µV","","µV"
"10/14/2022","12:26:47","7","default","171425599","OXY_CH7","29.586","min","204.120","μmol/L","Humid","20.677","deg","93603","µV","27.178","°C","1020.000","hPa","36.0","pmil","0","55.700","deg","20.000","°C","100.000","%a.s.","22.210","deg","20.000","°C","971.000","hPa","0.826","-0.01532","0.000401","-0.00012","0","11.08","Humid","30.45","0","49.40","253460.72","SABD0002000012","AAV2.0.0.13","4.0.0.2323","PSt7-10","171027-008","9/15/2022 2:43:31 PM","0000-00","0","no battery","V","","µV","","µV"
"10/14/2022","12:26:48","7","default","171425599","OXY_CH7","29.603","min","204.103","μmol/L","Humid","20.680","deg","93603","µV","27.171","°C","1020.000","hPa","36.0","pmil","0","55.700","deg","20.000","°C","100.000","%a.s.","22.210","deg","20.000","°C","971.000","hPa","0.826","-0.01532","0.000401","-0.00012","0","11.08","Humid","30.45","0","49.40","253463.63","SABD0002000012","AAV2.0.0.13","4.0.0.2323","PSt7-10","171027-008","9/15/2022 2:43:31 PM","0000-00","0","no battery","V","","µV","","µV"
"10/14/2022","12:26:49","7","default","171425599","OXY_CH7","29.619","min","204.140","μmol/L","Humid","20.680","deg","93606","µV","27.165","°C","1020.000","hPa","36.0","pmil","0","55.700","deg","20.000","°C","100.000","%a.s.","22.210","deg","20.000","°C","971.000","hPa","0.826","-0.01532","0.000401","-0.00012","0","11.08","Humid","30.45","0","49.40","253457.64","SABD0002000012","AAV2.0.0.13","4.0.0.2323","PSt7-10","171027-008","9/15/2022 2:43:31 PM","0000-00","0","no battery","V","","µV","","µV"
"10/14/2022","12:26:50","7","default","171425599","OXY_CH7","29.636","min","204.066","μmol/L","Humid","20.682","deg","93608","µV","27.171","°C","1020.000","hPa","36.0","pmil","0","55.700","deg","20.000","°C","100.000","%a.s.","22.210","deg","20.000","°C","971.000","hPa","0.826","-0.01532","0.000401","-0.00012","0","11.08","Humid","30.45","0","49.40","253464.86","SABD0002000012","AAV2.0.0.13","4.0.0.2323","PSt7-10","171027-008","9/15/2022 2:43:31 PM","0000-00","0","no battery","V","","µV","","µV"
"10/14/2022","12:26:51","7","default","171425599","OXY_CH7","29.653","min","204.085","μmol/L","Humid","20.683","deg","93606","µV","27.165","°C","1020.000","hPa","36.0","pmil","0","55.700","deg","20.000","°C","100.000","%a.s.","22.210","deg","20.000","°C","971.000","hPa","0.826","-0.01532","0.000401","-0.00012","0","11.08","Humid","30.45","0","49.40","253469.60","SABD0002000012","AAV2.0.0.13","4.0.0.2323","PSt7-10","171027-008","9/15/2022 2:43:31 PM","0000-00","0","no battery","V","","µV","","µV"
"10/14/2022","12:26:52","7","default","171425599","OXY_CH7","29.669","min","204.028","μmol/L","Humid","20.682","deg","93614","µV","27.178","°C","1020.000","hPa","36.0","pmil","0","55.700","deg","20.000","°C","100.000","%a.s.","22.210","deg","20.000","°C","971.000","hPa","0.826","-0.01532","0.000401","-0.00012","0","11.08","Humid","30.45","0","49.40","253470.96","SABD0002000012","AAV2.0.0.13","4.0.0.2323","PSt7-10","171027-008","9/15/2022 2:43:31 PM","0000-00","0","no battery","V","","µV","","µV"
"10/14/2022","12:26:53","7","default","171425599","OXY_CH7","29.686","min","204.084","μmol/L","Humid","20.681","deg","93620","µV","27.171","°C","1020.000","hPa","36.0","pmil","0","55.700","deg","20.000","°C","100.000","%a.s.","22.210","deg","20.000","°C","971.000","hPa","0.826","-0.01532","0.000401","-0.00012","0","11.08","Humid","30.45","0","49.40","253473.06","SABD0002000012","AAV2.0.0.13","4.0.0.2323","PSt7-10","171027-008","9/15/2022 2:43:31 PM","0000-00","0","no battery","V","","µV","","µV"
"10/14/2022","12:26:54","7","default","171425599","OXY_CH7","29.703","min","203.992","μmol/L","Humid","20.684","deg","93620","µV","27.178","°C","1020.000","hPa","36.0","pmil","0","55.700","deg","20.000","°C","100.000","%a.s.","22.210","deg","20.000","°C","971.000","hPa","0.826","-0.01532","0.000401","-0.00012","0","11.08","Humid","30.45","0","49.40","253465.28","SABD0002000012","AAV2.0.0.13","4.0.0.2323","PSt7-10","171027-008","9/15/2022 2:43:31 PM","0000-00","0","no battery","V","","µV","","µV"
"10/14/2022","12:26:55","7","default","171425599","OXY_CH7","29.720","min","204.047","μmol/L","Humid","20.681","deg","93617","µV","27.178","°C","1020.000","hPa","36.0","pmil","0","55.700","deg","20.000","°C","100.000","%a.s.","22.210","deg","20.000","°C","971.000","hPa","0.826","-0.01532","0.000401","-0.00012","0","11.08","Humid","30.45","0","49.40","253460.14","SABD0002000012","AAV2.0.0.13","4.0.0.2323","PSt7-10","171027-008","9/15/2022 2:43:31 PM","0000-00","0","no battery","V","","µV","","µV"
"10/14/2022","12:26:56","7","default","171425599","OXY_CH7","29.736","min","204.029","μmol/L","Humid","20.684","deg","93620","µV","27.171","°C","1020.000","hPa","36.0","pmil","0","55.700","deg","20.000","°C","100.000","%a.s.","22.210","deg","20.000","°C","971.000","hPa","0.826","-0.01532","0.000401","-0.00012","0","11.08","Humid","30.45","0","49.40","253454.66","SABD0002000012","AAV2.0.0.13","4.0.0.2323","PSt7-10","171027-008","9/15/2022 2:43:31 PM","0000-00","0","no battery","V","","µV","","µV"
"10/14/2022","12:26:57","7","default","171425599","OXY_CH7","29.753","min","204.011","μmol/L","Humid","20.685","deg","93622","µV","27.171","°C","1020.000","hPa","36.0","pmil","0","55.700","deg","20.000","°C","100.000","%a.s.","22.210","deg","20.000","°C","971.000","hPa","0.826","-0.01532","0.000401","-0.00012","0","11.08","Humid","30.45","0","49.40","253468.55","SABD0002000012","AAV2.0.0.13","4.0.0.2323","PSt7-10","171027-008","9/15/2022 2:43:31 PM","0000-00","0","no battery","V","","µV","","µV"
"10/14/2022","12:26:58","7","default","171425599","OXY_CH7","29.769","min","204.084","μmol/L","Humid","20.681","deg","93619","µV","27.171","°C","1020.000","hPa","36.0","pmil","0","55.700","deg","20.000","°C","100.000","%a.s.","22.210","deg","20.000","°C","971.000","hPa","0.826","-0.01532","0.000401","-0.00012","0","11.08","Humid","30.45","0","49.40","253461.46","SABD0002000012","AAV2.0.0.13","4.0.0.2323","PSt7-10","171027-008","9/15/2022 2:43:31 PM","0000-00","0","no battery","V","","µV","","µV"
"10/14/2022","12:26:59","7","default","171425599","OXY_CH7","29.786","min","204.066","μmol/L","Humid","20.682","deg","93626","µV","27.171","°C","1020.000","hPa","36.0","pmil","0","55.700","deg","20.000","°C","100.000","%a.s.","22.210","deg","20.000","°C","971.000","hPa","0.826","-0.01532","0.000401","-0.00012","0","11.08","Humid","30.45","0","49.40","253465.92","SABD0002000012","AAV2.0.0.13","4.0.0.2323","PSt7-10","171027-008","9/15/2022 2:43:31 PM","0000-00","0","no battery","V","","µV","","µV"
"10/14/2022","12:27:00","7","default","171425599","OXY_CH7","29.803","min","204.012","μmol/L","Humid","20.687","deg","93625","µV","27.165","°C","1020.000","hPa","36.0","pmil","0","55.700","deg","20.000","°C","100.000","%a.s.","22.210","deg","20.000","°C","971.000","hPa","0.826","-0.01532","0.000401","-0.00012","0","11.08","Humid","30.45","0","49.40","253464.01","SABD0002000012","AAV2.0.0.13","4.0.0.2323","PSt7-10","171027-008","9/15/2022 2:43:31 PM","0000-00","0","no battery","V","","µV","","µV"
"10/14/2022","12:27:01","7","default","171425599","OXY_CH7","29.819","min","204.012","μmol/L","Humid","20.687","deg","93627","µV","27.165","°C","1020.000","hPa","36.0","pmil","0","55.700","deg","20.000","°C","100.000","%a.s.","22.210","deg","20.000","°C","971.000","hPa","0.826","-0.01532","0.000401","-0.00012","0","11.08","Humid","30.45","0","49.40","253460.84","SABD0002000012","AAV2.0.0.13","4.0.0.2323","PSt7-10","171027-008","9/15/2022 2:43:31 PM","0000-00","0","no battery","V","","µV","","µV"
"10/14/2022","12:27:02","7","default","171425599","OXY_CH7","29.836","min","203.938","μmol/L","Humid","20.689","deg","93629","µV","27.171","°C","1020.000","hPa","36.0","pmil","0","55.700","deg","20.000","°C","100.000","%a.s.","22.210","deg","20.000","°C","971.000","hPa","0.826","-0.01532","0.000401","-0.00012","0","11.08","Humid","30.45","0","49.40","253465.26","SABD0002000012","AAV2.0.0.13","4.0.0.2323","PSt7-10","171027-008","9/15/2022 2:43:31 PM","0000-00","0","no battery","V","","µV","","µV"
"10/14/2022","12:27:03","7","default","171425599","OXY_CH7","29.853","min","203.956","μmol/L","Humid","20.688","deg","93638","µV","27.171","°C","1020.000","hPa","36.0","pmil","0","55.700","deg","20.000","°C","100.000","%a.s.","22.210","deg","20.000","°C","971.000","hPa","0.826","-0.01532","0.000401","-0.00012","0","11.08","Humid","30.45","0","49.40","253458.63","SABD0002000012","AAV2.0.0.13","4.0.0.2323","PSt7-10","171027-008","9/15/2022 2:43:31 PM","0000-00","0","no battery","V","","µV","","µV"
"10/14/2022","12:27:04","7","default","171425599","OXY_CH7","29.870","min","203.937","μmol/L","Humid","20.687","deg","93635","µV","27.178","°C","1020.000","hPa","36.0","pmil","0","55.700","deg","20.000","°C","100.000","%a.s.","22.210","deg","20.000","°C","971.000","hPa","0.826","-0.01532","0.000401","-0.00012","0","11.08","Humid","30.45","0","49.40","253446.50","SABD0002000012","AAV2.0.0.13","4.0.0.2323","PSt7-10","171027-008","9/15/2022 2:43:31 PM","0000-00","0","no battery","V","","µV","","µV"
"10/14/2022","12:27:05","7","default","171425599","OXY_CH7","29.886","min","203.994","μmol/L","Humid","20.688","deg","93629","µV","27.165","°C","1020.000","hPa","36.0","pmil","0","55.700","deg","20.000","°C","100.000","%a.s.","22.210","deg","20.000","°C","971.000","hPa","0.826","-0.01532","0.000401","-0.00012","0","11.08","Humid","30.45","0","49.40","253448.40","SABD0002000012","AAV2.0.0.13","4.0.0.2323","PSt7-10","171027-008","9/15/2022 2:43:31 PM","0000-00","0","no battery","V","","µV","","µV"
"10/14/2022","12:27:06","7","default","171425599","OXY_CH7","29.903","min","204.012","μmol/L","Humid","20.687","deg","93630","µV","27.165","°C","1020.000","hPa","36.0","pmil","0","55.700","deg","20.000","°C","100.000","%a.s.","22.210","deg","20.000","°C","971.000","hPa","0.826","-0.01532","0.000401","-0.00012","0","11.08","Humid","30.45","0","49.40","253448.07","SABD0002000012","AAV2.0.0.13","4.0.0.2323","PSt7-10","171027-008","9/15/2022 2:43:31 PM","0000-00","0","no battery","V","","µV","","µV"
"10/14/2022","12:27:07","7","default","171425599","OXY_CH7","29.920","min","203.975","μmol/L","Humid","20.689","deg","93639","µV","27.165","°C","1020.000","hPa","36.0","pmil","0","55.700","deg","20.000","°C","100.000","%a.s.","22.210","deg","20.000","°C","971.000","hPa","0.826","-0.01532","0.000401","-0.00012","0","11.08","Humid","30.45","0","49.40","253445.47","SABD0002000012","AAV2.0.0.13","4.0.0.2323","PSt7-10","171027-008","9/15/2022 2:43:31 PM","0000-00","0","no battery","V","","µV","","µV"
"10/14/2022","12:27:08","7","default","171425599","OXY_CH7","29.936","min","203.956","μmol/L","Humid","20.688","deg","93636","µV","27.171","°C","1020.000","hPa","36.0","pmil","0","55.700","deg","20.000","°C","100.000","%a.s.","22.210","deg","20.000","°C","971.000","hPa","0.826","-0.01532","0.000401","-0.00012","0","11.08","Humid","30.45","0","49.40","253458.65","SABD0002000012","AAV2.0.0.13","4.0.0.2323","PSt7-10","171027-008","9/15/2022 2:43:31 PM","0000-00","0","no battery","V","","µV","","µV"
"10/14/2022","12:27:09","7","default","171425599","OXY_CH7","29.953","min","203.809","μmol/L","Humid","20.694","deg","93638","µV","27.178","°C","1020.000","hPa","36.0","pmil","0","55.700","deg","20.000","°C","100.000","%a.s.","22.210","deg","20.000","°C","971.000","hPa","0.826","-0.01532","0.000401","-0.00012","0","11.08","Humid","30.45","0","49.40","253452.34","SABD0002000012","AAV2.0.0.13","4.0.0.2323","PSt7-10","171027-008","9/15/2022 2:43:31 PM","0000-00","0","no battery","V","","µV","","µV"
"10/14/2022","12:27:10","7","default","171425599","OXY_CH7","29.969","min","203.919","μmol/L","Humid","20.688","deg","93646","µV","27.178","°C","1020.000","hPa","36.0","pmil","0","55.700","deg","20.000","°C","100.000","%a.s.","22.210","deg","20.000","°C","971.000","hPa","0.826","-0.01532","0.000401","-0.00012","0","11.08","Humid","30.45","0","49.40","253455.19","SABD0002000012","AAV2.0.0.13","4.0.0.2323","PSt7-10","171027-008","9/15/2022 2:43:31 PM","0000-00","0","no battery","V","","µV","","µV"
"10/14/2022","12:27:11","7","default","171425599","OXY_CH7","29.986","min","203.883","μmol/L","Humid","20.692","deg","93644","µV","27.171","°C","1020.000","hPa","36.0","pmil","0","55.700","deg","20.000","°C","100.000","%a.s.","22.210","deg","20.000","°C","971.000","hPa","0.826","-0.01532","0.000401","-0.00012","0","11.08","Humid","30.45","0","49.40","253462.40","SABD0002000012","AAV2.0.0.13","4.0.0.2323","PSt7-10","171027-008","9/15/2022 2:43:31 PM","0000-00","0","no battery","V","","µV","","µV"
"10/14/2022","12:27:12","7","default","171425599","OXY_CH7","30.003","min","203.939","μmol/L","Humid","20.691","deg","93644","µV","27.165","°C","1020.000","hPa","36.0","pmil","0","55.700","deg","20.000","°C","100.000","%a.s.","22.210","deg","20.000","°C","971.000","hPa","0.826","-0.01532","0.000401","-0.00012","0","11.08","Humid","30.45","0","49.40","253452.77","SABD0002000012","AAV2.0.0.13","4.0.0.2323","PSt7-10","171027-008","9/15/2022 2:43:31 PM","0000-00","0","no battery","V","","µV","","µV"
"10/14/2022","12:27:13","7","default","171425599","OXY_CH7","30.020","min","203.847","μmol/L","Humid","20.694","deg","93653","µV","27.171","°C","1020.000","hPa","36.0","pmil","0","55.700","deg","20.000","°C","100.000","%a.s.","22.210","deg","20.000","°C","971.000","hPa","0.826","-0.01532","0.000401","-0.00012","0","11.08","Humid","30.45","0","49.40","253456.46","SABD0002000012","AAV2.0.0.13","4.0.0.2323","PSt7-10","171027-008","9/15/2022 2:43:31 PM","0000-00","0","no battery","V","","µV","","µV"
"10/14/2022","12:27:14","7","default","171425599","OXY_CH7","30.036","min","203.846","μmol/L","Humid","20.692","deg","93645","µV","27.178","°C","1020.000","hPa","36.0","pmil","0","55.700","deg","20.000","°C","100.000","%a.s.","22.210","deg","20.000","°C","971.000","hPa","0.826","-0.01532","0.000401","-0.00012","0","11.08","Humid","30.45","0","49.40","253460.26","SABD0002000012","AAV2.0.0.13","4.0.0.2323","PSt7-10","171027-008","9/15/2022 2:43:31 PM","0000-00","0","no battery","V","","µV","","µV"
"10/14/2022","12:27:15","7","default","171425599","OXY_CH7","30.053","min","203.847","μmol/L","Humid","20.696","deg","93653","µV","27.165","°C","1020.000","hPa","36.0","pmil","0","55.700","deg","20.000","°C","100.000","%a.s.","22.210","deg","20.000","°C","971.000","hPa","0.826","-0.01532","0.000401","-0.00012","0","11.08","Humid","30.45","0","49.40","253467.18","SABD0002000012","AAV2.0.0.13","4.0.0.2323","PSt7-10","171027-008","9/15/2022 2:43:31 PM","0000-00","0","no battery","V","","µV","","µV"
"10/14/2022","12:27:16","7","default","171425599","OXY_CH7","30.069","min","203.866","μmol/L","Humid","20.695","deg","93648","µV","27.165","°C","1020.000","hPa","36.0","pmil","0","55.700","deg","20.000","°C","100.000","%a.s.","22.210","deg","20.000","°C","971.000","hPa","0.826","-0.01532","0.000401","-0.00012","0","11.08","Humid","30.45","0","49.40","253468.74","SABD0002000012","AAV2.0.0.13","4.0.0.2323","PSt7-10","171027-008","9/15/2022 2:43:31 PM","0000-00","0","no battery","V","","µV","","µV"
"10/14/2022","12:27:17","7","default","171425599","OXY_CH7","30.086","min","203.847","μmol/L","Humid","20.694","deg","93650","µV","27.171","°C","1020.000","hPa","36.0","pmil","0","55.700","deg","20.000","°C","100.000","%a.s.","22.210","deg","20.000","°C","971.000","hPa","0.826","-0.01532","0.000401","-0.00012","0","11.08","Humid","30.45","0","49.40","253446.87","SABD0002000012","AAV2.0.0.13","4.0.0.2323","PSt7-10","171027-008","9/15/2022 2:43:31 PM","0000-00","0","no battery","V","","µV","","µV"
"10/14/2022","12:27:18","7","default","171425599","OXY_CH7","30.102","min","203.811","μmol/L","Humid","20.698","deg","93662","µV","27.165","°C","1020.000","hPa","36.0","pmil","0","55.700","deg","20.000","°C","100.000","%a.s.","22.210","deg","20.000","°C","971.000","hPa","0.826","-0.01532","0.000401","-0.00012","0","11.08","Humid","30.45","0","49.40","253459.12","SABD0002000012","AAV2.0.0.13","4.0.0.2323","PSt7-10","171027-008","9/15/2022 2:43:31 PM","0000-00","0","no battery","V","","µV","","µV"
"10/14/2022","12:27:19","7","default","171425599","OXY_CH7","30.119","min","203.829","μmol/L","Humid","20.697","deg","93650","µV","27.165","°C","1020.000","hPa","36.0","pmil","0","55.700","deg","20.000","°C","100.000","%a.s.","22.210","deg","20.000","°C","971.000","hPa","0.826","-0.01532","0.000401","-0.00012","0","11.08","Humid","30.45","0","49.40","253449.32","SABD0002000012","AAV2.0.0.13","4.0.0.2323","PSt7-10","171027-008","9/15/2022 2:43:31 PM","0000-00","0","no battery","V","","µV","","µV"
"10/14/2022","12:27:20","7","default","171425599","OXY_CH7","30.136","min","203.828","μmol/L","Humid","20.695","deg","93658","µV","27.171","°C","1020.000","hPa","36.0","pmil","0","55.700","deg","20.000","°C","100.000","%a.s.","22.210","deg","20.000","°C","971.000","hPa","0.826","-0.01532","0.000401","-0.00012","0","11.08","Humid","30.45","0","49.40","253459.97","SABD0002000012","AAV2.0.0.13","4.0.0.2323","PSt7-10","171027-008","9/15/2022 2:43:31 PM","0000-00","0","no battery","V","","µV","","µV"
"10/14/2022","12:27:21","7","default","171425599","OXY_CH7","30.153","min","203.754","μmol/L","Humid","20.697","deg","93658","µV","27.178","°C","1020.000","hPa","36.0","pmil","0","55.700","deg","20.000","°C","100.000","%a.s.","22.210","deg","20.000","°C","971.000","hPa","0.826","-0.01532","0.000401","-0.00012","0","11.08","Humid","30.45","0","49.40","253460.05","SABD0002000012","AAV2.0.0.13","4.0.0.2323","PSt7-10","171027-008","9/15/2022 2:43:31 PM","0000-00","0","no battery","V","","µV","","µV"
"10/14/2022","12:27:22","7","default","171425599","OXY_CH7","30.169","min","203.828","μmol/L","Humid","20.695","deg","93658","µV","27.171","°C","1020.000","hPa","36.0","pmil","0","55.700","deg","20.000","°C","100.000","%a.s.","22.210","deg","20.000","°C","971.000","hPa","0.826","-0.01532","0.000401","-0.00012","0","11.08","Humid","30.45","0","49.40","253452.30","SABD0002000012","AAV2.0.0.13","4.0.0.2323","PSt7-10","171027-008","9/15/2022 2:43:31 PM","0000-00","0","no battery","V","","µV","","µV"
"10/14/2022","12:27:23","7","default","171425599","OXY_CH7","30.186","min","203.791","μmol/L","Humid","20.695","deg","93661","µV","27.178","°C","1020.000","hPa","36.0","pmil","0","55.700","deg","20.000","°C","100.000","%a.s.","22.210","deg","20.000","°C","971.000","hPa","0.826","-0.01532","0.000401","-0.00012","0","11.08","Humid","30.45","0","49.40","253445.43","SABD0002000012","AAV2.0.0.13","4.0.0.2323","PSt7-10","171027-008","9/15/2022 2:43:31 PM","0000-00","0","no battery","V","","µV","","µV"
"10/14/2022","12:27:24","7","default","171425599","OXY_CH7","30.203","min","203.792","μmol/L","Humid","20.697","deg","93667","µV","27.171","°C","1020.000","hPa","36.0","pmil","0","55.700","deg","20.000","°C","100.000","%a.s.","22.210","deg","20.000","°C","971.000","hPa","0.826","-0.01532","0.000401","-0.00012","0","11.08","Humid","30.45","0","49.40","253459.38","SABD0002000012","AAV2.0.0.13","4.0.0.2323","PSt7-10","171027-008","9/15/2022 2:43:31 PM","0000-00","0","no battery","V","","µV","","µV"
"10/14/2022","12:27:25","7","default","171425599","OXY_CH7","30.220","min","203.755","μmol/L","Humid","20.699","deg","93665","µV","27.171","°C","1020.000","hPa","36.0","pmil","0","55.700","deg","20.000","°C","100.000","%a.s.","22.210","deg","20.000","°C","971.000","hPa","0.826","-0.01532","0.000401","-0.00012","0","11.08","Humid","30.45","0","49.40","253461.76","SABD0002000012","AAV2.0.0.13","4.0.0.2323","PSt7-10","171027-008","9/15/2022 2:43:31 PM","0000-00","0","no battery","V","","µV","","µV"
"10/14/2022","12:27:26","7","default","171425599","OXY_CH7","30.236","min","203.811","μmol/L","Humid","20.698","deg","93670","µV","27.165","°C","1020.000","hPa","36.0","pmil","0","55.700","deg","20.000","°C","100.000","%a.s.","22.210","deg","20.000","°C","971.000","hPa","0.826","-0.01532","0.000401","-0.00012","0","11.08","Humid","30.45","0","49.40","253455.24","SABD0002000012","AAV2.0.0.13","4.0.0.2323","PSt7-10","171027-008","9/15/2022 2:43:31 PM","0000-00","0","no battery","V","","µV","","µV"
"10/14/2022","12:27:27","7","default","171425599","OXY_CH7","30.253","min","203.755","μmol/L","Humid","20.699","deg","93671","µV","27.171","°C","1020.000","hPa","36.0","pmil","0","55.700","deg","20.000","°C","100.000","%a.s.","22.210","deg","20.000","°C","971.000","hPa","0.826","-0.01532","0.000401","-0.00012","0","11.08","Humid","30.45","0","49.40","253451.16","SABD0002000012","AAV2.0.0.13","4.0.0.2323","PSt7-10","171027-008","9/15/2022 2:43:31 PM","0000-00","0","no battery","V","","µV","","µV"
"10/14/2022","12:27:28","7","default","171425599","OXY_CH7","30.269","min","203.738","μmol/L","Humid","20.702","deg","93673","µV","27.165","°C","1020.000","hPa","36.0","pmil","0","55.700","deg","20.000","°C","100.000","%a.s.","22.210","deg","20.000","°C","971.000","hPa","0.826","-0.01532","0.000401","-0.00012","0","11.08","Humid","30.45","0","49.40","253438.93","SABD0002000012","AAV2.0.0.13","4.0.0.2323","PSt7-10","171027-008","9/15/2022 2:43:31 PM","0000-00","0","no battery","V","","µV","","µV"
"10/14/2022","12:27:29","7","default","171425599","OXY_CH7","30.286","min","203.627","μmol/L","Humid","20.706","deg","93671","µV","27.171","°C","1020.000","hPa","36.0","pmil","0","55.700","deg","20.000","°C","100.000","%a.s.","22.210","deg","20.000","°C","971.000","hPa","0.826","-0.01532","0.000401","-0.00012","0","11.08","Humid","30.45","0","49.40","253449.16","SABD0002000012","AAV2.0.0.13","4.0.0.2323","PSt7-10","171027-008","9/15/2022 2:43:31 PM","0000-00","0","no battery","V","","µV","","µV"
"10/14/2022","12:27:30","7","default","171425599","OXY_CH7","30.303","min","203.700","μmol/L","Humid","20.702","deg","93676","µV","27.171","°C","1020.000","hPa","36.0","pmil","0","55.700","deg","20.000","°C","100.000","%a.s.","22.210","deg","20.000","°C","971.000","hPa","0.826","-0.01532","0.000401","-0.00012","0","11.08","Humid","30.45","0","49.40","253447.86","SABD0002000012","AAV2.0.0.13","4.0.0.2323","PSt7-10","171027-008","9/15/2022 2:43:31 PM","0000-00","0","no battery","V","","µV","","µV"
"10/14/2022","12:27:31","7","default","171425599","OXY_CH7","30.319","min","203.700","μmol/L","Humid","20.700","deg","93669","µV","27.178","°C","1020.000","hPa","36.0","pmil","0","55.700","deg","20.000","°C","100.000","%a.s.","22.210","deg","20.000","°C","971.000","hPa","0.826","-0.01532","0.000401","-0.00012","0","11.08","Humid","30.45","0","49.40","253437.58","SABD0002000012","AAV2.0.0.13","4.0.0.2323","PSt7-10","171027-008","9/15/2022 2:43:31 PM","0000-00","0","no battery","V","","µV","","µV"
"10/14/2022","12:27:32","7","default","171425599","OXY_CH7","30.336","min","203.720","μmol/L","Humid","20.703","deg","93674","µV","27.165","°C","1020.000","hPa","36.0","pmil","0","55.700","deg","20.000","°C","100.000","%a.s.","22.210","deg","20.000","°C","971.000","hPa","0.826","-0.01532","0.000401","-0.00012","0","11.08","Humid","30.45","0","49.40","253451.11","SABD0002000012","AAV2.0.0.13","4.0.0.2323","PSt7-10","171027-008","9/15/2022 2:43:31 PM","0000-00","0","no battery","V","","µV","","µV"
"10/14/2022","12:27:33","7","default","171425599","OXY_CH7","30.353","min","203.665","μmol/L","Humid","20.706","deg","93673","µV","27.165","°C","1020.000","hPa","36.0","pmil","0","55.700","deg","20.000","°C","100.000","%a.s.","22.210","deg","20.000","°C","971.000","hPa","0.826","-0.01532","0.000401","-0.00012","0","11.08","Humid","30.45","0","49.40","253444.48","SABD0002000012","AAV2.0.0.13","4.0.0.2323","PSt7-10","171027-008","9/15/2022 2:43:31 PM","0000-00","0","no battery","V","","µV","","µV"
"10/14/2022","12:27:34","7","default","171425599","OXY_CH7","30.370","min","203.664","μmol/L","Humid","20.704","deg","93678","µV","27.171","°C","1020.000","hPa","36.0","pmil","0","55.700","deg","20.000","°C","100.000","%a.s.","22.210","deg","20.000","°C","971.000","hPa","0.826","-0.01532","0.000401","-0.00012","0","11.08","Humid","30.45","0","49.40","253445.79","SABD0002000012","AAV2.0.0.13","4.0.0.2323","PSt7-10","171027-008","9/15/2022 2:43:31 PM","0000-00","0","no battery","V","","µV","","µV"
"10/14/2022","12:27:35","7","default","171425599","OXY_CH7","30.387","min","203.757","μmol/L","Humid","20.703","deg","93681","µV","27.159","°C","1020.000","hPa","36.0","pmil","0","55.700","deg","20.000","°C","100.000","%a.s.","22.210","deg","20.000","°C","971.000","hPa","0.826","-0.01532","0.000401","-0.00012","0","11.08","Humid","30.45","0","49.40","253432.28","SABD0002000012","AAV2.0.0.13","4.0.0.2323","PSt7-10","171027-008","9/15/2022 2:43:31 PM","0000-00","0","no battery","V","","µV","","µV"
"10/14/2022","12:27:36","7","default","171425599","OXY_CH7","30.403","min","203.682","μmol/L","Humid","20.703","deg","93672","µV","27.171","°C","1020.000","hPa","36.0","pmil","0","55.700","deg","20.000","°C","100.000","%a.s.","22.210","deg","20.000","°C","971.000","hPa","0.826","-0.01532","0.000401","-0.00012","0","11.08","Humid","30.45","0","49.40","253430.82","SABD0002000012","AAV2.0.0.13","4.0.0.2323","PSt7-10","171027-008","9/15/2022 2:43:31 PM","0000-00","0","no battery","V","","µV","","µV"
"10/14/2022","12:27:37","7","default","171425599","OXY_CH7","30.419","min","203.665","μmol/L","Humid","20.706","deg","93684","µV","27.165","°C","1020.000","hPa","36.0","pmil","0","55.700","deg","20.000","°C","100.000","%a.s.","22.210","deg","20.000","°C","971.000","hPa","0.826","-0.01532","0.000401","-0.00012","0","11.08","Humid","30.45","0","49.40","253428.91","SABD0002000012","AAV2.0.0.13","4.0.0.2323","PSt7-10","171027-008","9/15/2022 2:43:31 PM","0000-00","0","no battery","V","","µV","","µV"
"10/14/2022","12:27:38","7","default","171425599","OXY_CH7","30.436","min","203.646","μmol/L","Humid","20.705","deg","93676","µV","27.171","°C","1020.000","hPa","36.0","pmil","0","55.700","deg","20.000","°C","100.000","%a.s.","22.210","deg","20.000","°C","971.000","hPa","0.826","-0.01532","0.000401","-0.00012","0","11.08","Humid","30.45","0","49.40","253430.57","SABD0002000012","AAV2.0.0.13","4.0.0.2323","PSt7-10","171027-008","9/15/2022 2:43:31 PM","0000-00","0","no battery","V","","µV","","µV"
"10/14/2022","12:27:39","7","default","171425599","OXY_CH7","30.453","min","203.664","μmol/L","Humid","20.704","deg","93682","µV","27.171","°C","1020.000","hPa","36.0","pmil","0","55.700","deg","20.000","°C","100.000","%a.s.","22.210","deg","20.000","°C","971.000","hPa","0.826","-0.01532","0.000401","-0.00012","0","11.08","Humid","30.45","0","49.40","253424.49","SABD0002000012","AAV2.0.0.13","4.0.0.2323","PSt7-10","171027-008","9/15/2022 2:43:31 PM","0000-00","0","no battery","V","","µV","","µV"
"10/14/2022","12:27:40","7","default","171425599","OXY_CH7","30.469","min","203.682","μmol/L","Humid","20.703","deg","93681","µV","27.171","°C","1020.000","hPa","36.0","pmil","0","55.700","deg","20.000","°C","100.000","%a.s.","22.210","deg","20.000","°C","971.000","hPa","0.826","-0.01532","0.000401","-0.00012","0","11.08","Humid","30.45","0","49.40","253433.49","SABD0002000012","AAV2.0.0.13","4.0.0.2323","PSt7-10","171027-008","9/15/2022 2:43:31 PM","0000-00","0","no battery","V","","µV","","µV"
"10/14/2022","12:27:41","7","default","171425599","OXY_CH7","30.486","min","203.627","μmol/L","Humid","20.706","deg","93687","µV","27.171","°C","1020.000","hPa","36.0","pmil","0","55.700","deg","20.000","°C","100.000","%a.s.","22.210","deg","20.000","°C","971.000","hPa","0.826","-0.01532","0.000401","-0.00012","0","11.08","Humid","30.45","0","49.40","253438.93","SABD0002000012","AAV2.0.0.13","4.0.0.2323","PSt7-10","171027-008","9/15/2022 2:43:31 PM","0000-00","0","no battery","V","","µV","","µV"
"10/14/2022","12:27:42","7","default","171425599","OXY_CH7","30.503","min","203.609","μmol/L","Humid","20.707","deg","93684","µV","27.171","°C","1020.000","hPa","36.0","pmil","0","55.700","deg","20.000","°C","100.000","%a.s.","22.210","deg","20.000","°C","971.000","hPa","0.826","-0.01532","0.000401","-0.00012","0","11.08","Humid","30.45","0","49.40","253424.27","SABD0002000012","AAV2.0.0.13","4.0.0.2323","PSt7-10","171027-008","9/15/2022 2:43:31 PM","0000-00","0","no battery","V","","µV","","µV"
"10/14/2022","12:27:43","7","default","171425599","OXY_CH7","30.520","min","203.627","μmol/L","Humid","20.706","deg","93689","µV","27.171","°C","1020.000","hPa","36.0","pmil","0","55.700","deg","20.000","°C","100.000","%a.s.","22.210","deg","20.000","°C","971.000","hPa","0.826","-0.01532","0.000401","-0.00012","0","11.08","Humid","30.45","0","49.40","253427.02","SABD0002000012","AAV2.0.0.13","4.0.0.2323","PSt7-10","171027-008","9/15/2022 2:43:31 PM","0000-00","0","no battery","V","","µV","","µV"
"10/14/2022","12:27:44","7","default","171425599","OXY_CH7","30.536","min","203.555","μmol/L","Humid","20.712","deg","93689","µV","27.165","°C","1020.000","hPa","36.0","pmil","0","55.700","deg","20.000","°C","100.000","%a.s.","22.210","deg","20.000","°C","971.000","hPa","0.826","-0.01532","0.000401","-0.00012","0","11.08","Humid","30.45","0","49.40","253430.79","SABD0002000012","AAV2.0.0.13","4.0.0.2323","PSt7-10","171027-008","9/15/2022 2:43:31 PM","0000-00","0","no battery","V","","µV","","µV"
"10/14/2022","12:27:45","7","default","171425599","OXY_CH7","30.553","min","203.592","μmol/L","Humid","20.710","deg","93683","µV","27.165","°C","1020.000","hPa","36.0","pmil","0","55.700","deg","20.000","°C","100.000","%a.s.","22.210","deg","20.000","°C","971.000","hPa","0.826","-0.01532","0.000401","-0.00012","0","11.08","Humid","30.45","0","49.40","253423.12","SABD0002000012","AAV2.0.0.13","4.0.0.2323","PSt7-10","171027-008","9/15/2022 2:43:31 PM","0000-00","0","no battery","V","","µV","","µV"
"10/14/2022","12:27:46","7","default","171425599","OXY_CH7","30.570","min","203.573","μmol/L","Humid","20.709","deg","93694","µV","27.171","°C","1020.000","hPa","36.0","pmil","0","55.700","deg","20.000","°C","100.000","%a.s.","22.210","deg","20.000","°C","971.000","hPa","0.826","-0.01532","0.000401","-0.00012","0","11.08","Humid","30.45","0","49.40","253425.85","SABD0002000012","AAV2.0.0.13","4.0.0.2323","PSt7-10","171027-008","9/15/2022 2:43:31 PM","0000-00","0","no battery","V","","µV","","µV"
"10/14/2022","12:27:47","7","default","171425599","OXY_CH7","30.586","min","203.536","μmol/L","Humid","20.711","deg","93701","µV","27.171","°C","1020.000","hPa","36.0","pmil","0","55.700","deg","20.000","°C","100.000","%a.s.","22.210","deg","20.000","°C","971.000","hPa","0.826","-0.01532","0.000401","-0.00012","0","11.08","Humid","30.45","0","49.40","253423.85","SABD0002000012","AAV2.0.0.13","4.0.0.2323","PSt7-10","171027-008","9/15/2022 2:43:31 PM","0000-00","0","no battery","V","","µV","","µV"
"10/14/2022","12:27:48","7","default","171425599","OXY_CH7","30.602","min","203.610","μmol/L","Humid","20.709","deg","93695","µV","27.165","°C","1020.000","hPa","36.0","pmil","0","55.700","deg","20.000","°C","100.000","%a.s.","22.210","deg","20.000","°C","971.000","hPa","0.826","-0.01532","0.000401","-0.00012","0","11.08","Humid","30.45","0","49.40","253432.29","SABD0002000012","AAV2.0.0.13","4.0.0.2323","PSt7-10","171027-008","9/15/2022 2:43:31 PM","0000-00","0","no battery","V","","µV","","µV"
"10/14/2022","12:27:49","7","default","171425599","OXY_CH7","30.619","min","203.610","μmol/L","Humid","20.709","deg","93706","µV","27.165","°C","1020.000","hPa","36.0","pmil","0","55.700","deg","20.000","°C","100.000","%a.s.","22.210","deg","20.000","°C","971.000","hPa","0.826","-0.01532","0.000401","-0.00012","0","11.08","Humid","30.45","0","49.40","253429.81","SABD0002000012","AAV2.0.0.13","4.0.0.2323","PSt7-10","171027-008","9/15/2022 2:43:31 PM","0000-00","0","no battery","V","","µV","","µV"
"10/14/2022","12:27:50","7","default","171425599","OXY_CH7","30.636","min","203.628","μmol/L","Humid","20.708","deg","93702","µV","27.165","°C","1020.000","hPa","36.0","pmil","0","55.700","deg","20.000","°C","100.000","%a.s.","22.210","deg","20.000","°C","971.000","hPa","0.826","-0.01532","0.000401","-0.00012","0","11.08","Humid","30.45","0","49.40","253427.27","SABD0002000012","AAV2.0.0.13","4.0.0.2323","PSt7-10","171027-008","9/15/2022 2:43:31 PM","0000-00","0","no battery","V","","µV","","µV"
"10/14/2022","12:27:51","7","default","171425599","OXY_CH7","30.653","min","203.501","μmol/L","Humid","20.715","deg","93699","µV","27.165","°C","1020.000","hPa","36.0","pmil","0","55.700","deg","20.000","°C","100.000","%a.s.","22.210","deg","20.000","°C","971.000","hPa","0.826","-0.01532","0.000401","-0.00012","0","11.08","Humid","30.45","0","49.40","253416.13","SABD0002000012","AAV2.0.0.13","4.0.0.2323","PSt7-10","171027-008","9/15/2022 2:43:31 PM","0000-00","0","no battery","V","","µV","","µV"
"10/14/2022","12:27:52","7","default","171425599","OXY_CH7","30.669","min","203.573","μmol/L","Humid","20.709","deg","93705","µV","27.171","°C","1020.000","hPa","36.0","pmil","0","55.700","deg","20.000","°C","100.000","%a.s.","22.210","deg","20.000","°C","971.000","hPa","0.826","-0.01532","0.000401","-0.00012","0","11.08","Humid","30.45","0","49.40","253416.68","SABD0002000012","AAV2.0.0.13","4.0.0.2323","PSt7-10","171027-008","9/15/2022 2:43:31 PM","0000-00","0","no battery","V","","µV","","µV"
"10/14/2022","12:27:53","7","default","171425599","OXY_CH7","30.686","min","203.537","μmol/L","Humid","20.713","deg","93704","µV","27.165","°C","1020.000","hPa","36.0","pmil","0","55.700","deg","20.000","°C","100.000","%a.s.","22.210","deg","20.000","°C","971.000","hPa","0.826","-0.01532","0.000401","-0.00012","0","11.08","Humid","30.45","0","49.40","253425.06","SABD0002000012","AAV2.0.0.13","4.0.0.2323","PSt7-10","171027-008","9/15/2022 2:43:31 PM","0000-00","0","no battery","V","","µV","","µV"
"10/14/2022","12:27:54","7","default","171425599","OXY_CH7","30.703","min","203.555","μmol/L","Humid","20.712","deg","93712","µV","27.165","°C","1020.000","hPa","36.0","pmil","0","55.700","deg","20.000","°C","100.000","%a.s.","22.210","deg","20.000","°C","971.000","hPa","0.826","-0.01532","0.000401","-0.00012","0","11.08","Humid","30.45","0","49.40","253413.94","SABD0002000012","AAV2.0.0.13","4.0.0.2323","PSt7-10","171027-008","9/15/2022 2:43:31 PM","0000-00","0","no battery","V","","µV","","µV"
"10/14/2022","12:27:55","7","default","171425599","OXY_CH7","30.720","min","203.463","μmol/L","Humid","20.715","deg","93704","µV","27.171","°C","1020.000","hPa","36.0","pmil","0","55.700","deg","20.000","°C","100.000","%a.s.","22.210","deg","20.000","°C","971.000","hPa","0.826","-0.01532","0.000401","-0.00012","0","11.08","Humid","30.45","0","49.40","253416.36","SABD0002000012","AAV2.0.0.13","4.0.0.2323","PSt7-10","171027-008","9/15/2022 2:43:31 PM","0000-00","0","no battery","V","","µV","","µV"
"10/14/2022","12:27:56","7","default","171425599","OXY_CH7","30.737","min","203.536","μmol/L","Humid","20.711","deg","93711","µV","27.171","°C","1020.000","hPa","36.0","pmil","0","55.700","deg","20.000","°C","100.000","%a.s.","22.210","deg","20.000","°C","971.000","hPa","0.826","-0.01532","0.000401","-0.00012","0","11.08","Humid","30.45","0","49.40","253417.92","SABD0002000012","AAV2.0.0.13","4.0.0.2323","PSt7-10","171027-008","9/15/2022 2:43:31 PM","0000-00","0","no battery","V","","µV","","µV"
"10/14/2022","12:27:57","7","default","171425599","OXY_CH7","30.752","min","203.409","μmol/L","Humid","20.718","deg","93718","µV","27.171","°C","1020.000","hPa","36.0","pmil","0","55.700","deg","20.000","°C","100.000","%a.s.","22.210","deg","20.000","°C","971.000","hPa","0.826","-0.01532","0.000401","-0.00012","0","11.08","Humid","30.45","0","49.40","253420.30","SABD0002000012","AAV2.0.0.13","4.0.0.2323","PSt7-10","171027-008","9/15/2022 2:43:31 PM","0000-00","0","no battery","V","","µV","","µV"
"10/14/2022","12:27:58","7","default","171425599","OXY_CH7","30.769","min","203.481","μmol/L","Humid","20.712","deg","93721","µV","27.178","°C","1020.000","hPa","36.0","pmil","0","55.700","deg","20.000","°C","100.000","%a.s.","22.210","deg","20.000","°C","971.000","hPa","0.826","-0.01532","0.000401","-0.00012","0","11.08","Humid","30.45","0","49.40","253414.30","SABD0002000012","AAV2.0.0.13","4.0.0.2323","PSt7-10","171027-008","9/15/2022 2:43:31 PM","0000-00","0","no battery","V","","µV","","µV"
"10/14/2022","12:27:59","7","default","171425599","OXY_CH7","30.786","min","203.390","μmol/L","Humid","20.719","deg","93717","µV","27.171","°C","1020.000","hPa","36.0","pmil","0","55.700","deg","20.000","°C","100.000","%a.s.","22.210","deg","20.000","°C","971.000","hPa","0.826","-0.01532","0.000401","-0.00012","0","11.08","Humid","30.45","0","49.40","253413.08","SABD0002000012","AAV2.0.0.13","4.0.0.2323","PSt7-10","171027-008","9/15/2022 2:43:31 PM","0000-00","0","no battery","V","","µV","","µV"
"10/14/2022","12:28:00","7","default","171425599","OXY_CH7","30.803","min","203.520","μmol/L","Humid","20.716","deg","93718","µV","27.159","°C","1020.000","hPa","36.0","pmil","0","55.700","deg","20.000","°C","100.000","%a.s.","22.210","deg","20.000","°C","971.000","hPa","0.826","-0.01532","0.000401","-0.00012","0","11.08","Humid","30.45","0","49.40","253412.27","SABD0002000012","AAV2.0.0.13","4.0.0.2323","PSt7-10","171027-008","9/15/2022 2:43:31 PM","0000-00","0","no battery","V","","µV","","µV"
"10/14/2022","12:28:01","7","default","171425599","OXY_CH7","30.819","min","203.354","μmol/L","Humid","20.721","deg","93724","µV","27.171","°C","1020.000","hPa","36.0","pmil","0","55.700","deg","20.000","°C","100.000","%a.s.","22.210","deg","20.000","°C","971.000","hPa","0.826","-0.01532","0.000401","-0.00012","0","11.08","Humid","30.45","0","49.40","253415.89","SABD0002000012","AAV2.0.0.13","4.0.0.2323","PSt7-10","171027-008","9/15/2022 2:43:31 PM","0000-00","0","no battery","V","","µV","","µV"
"10/14/2022","12:28:02","7","default","171425599","OXY_CH7","30.836","min","203.409","μmol/L","Humid","20.718","deg","93717","µV","27.171","°C","1020.000","hPa","36.0","pmil","0","55.700","deg","20.000","°C","100.000","%a.s.","22.210","deg","20.000","°C","971.000","hPa","0.826","-0.01532","0.000401","-0.00012","0","11.08","Humid","30.45","0","49.40","253419.23","SABD0002000012","AAV2.0.0.13","4.0.0.2323","PSt7-10","171027-008","9/15/2022 2:43:31 PM","0000-00","0","no battery","V","","µV","","µV"
"10/14/2022","12:28:03","7","default","171425599","OXY_CH7","30.853","min","203.409","μmol/L","Humid","20.718","deg","93723","µV","27.171","°C","1020.000","hPa","36.0","pmil","0","55.700","deg","20.000","°C","100.000","%a.s.","22.210","deg","20.000","°C","971.000","hPa","0.826","-0.01532","0.000401","-0.00012","0","11.08","Humid","30.45","0","49.40","253418.88","SABD0002000012","AAV2.0.0.13","4.0.0.2323","PSt7-10","171027-008","9/15/2022 2:43:31 PM","0000-00","0","no battery","V","","µV","","µV"
"10/14/2022","12:28:04","7","default","171425599","OXY_CH7","30.870","min","203.409","μmol/L","Humid","20.718","deg","93725","µV","27.171","°C","1020.000","hPa","36.0","pmil","0","55.700","deg","20.000","°C","100.000","%a.s.","22.210","deg","20.000","°C","971.000","hPa","0.826","-0.01532","0.000401","-0.00012","0","11.08","Humid","30.45","0","49.40","253416.04","SABD0002000012","AAV2.0.0.13","4.0.0.2323","PSt7-10","171027-008","9/15/2022 2:43:31 PM","0000-00","0","no battery","V","","µV","","µV"
"10/14/2022","12:28:05","7","default","171425599","OXY_CH7","30.886","min","203.390","μmol/L","Humid","20.719","deg","93724","µV","27.171","°C","1020.000","hPa","36.0","pmil","0","55.700","deg","20.000","°C","100.000","%a.s.","22.210","deg","20.000","°C","971.000","hPa","0.826","-0.01532","0.000401","-0.00012","0","11.08","Humid","30.45","0","49.40","253414.49","SABD0002000012","AAV2.0.0.13","4.0.0.2323","PSt7-10","171027-008","9/15/2022 2:43:31 PM","0000-00","0","no battery","V","","µV","","µV"
"10/14/2022","12:28:06","7","default","171425599","OXY_CH7","30.902","min","203.318","μmol/L","Humid","20.723","deg","93727","µV","27.171","°C","1020.000","hPa","36.0","pmil","0","55.700","deg","20.000","°C","100.000","%a.s.","22.210","deg","20.000","°C","971.000","hPa","0.826","-0.01532","0.000401","-0.00012","0","11.08","Humid","30.45","0","49.40","253407.18","SABD0002000012","AAV2.0.0.13","4.0.0.2323","PSt7-10","171027-008","9/15/2022 2:43:31 PM","0000-00","0","no battery","V","","µV","","µV"
"10/14/2022","12:28:07","7","default","171425599","OXY_CH7","30.919","min","203.428","μmol/L","Humid","20.719","deg","93728","µV","27.165","°C","1020.000","hPa","36.0","pmil","0","55.700","deg","20.000","°C","100.000","%a.s.","22.210","deg","20.000","°C","971.000","hPa","0.826","-0.01532","0.000401","-0.00012","0","11.08","Humid","30.45","0","49.40","253405.98","SABD0002000012","AAV2.0.0.13","4.0.0.2323","PSt7-10","171027-008","9/15/2022 2:43:31 PM","0000-00","0","no battery","V","","µV","","µV"
"10/14/2022","12:28:08","7","default","171425599","OXY_CH7","30.936","min","203.427","μmol/L","Humid","20.717","deg","93724","µV","27.171","°C","1020.000","hPa","36.0","pmil","0","55.700","deg","20.000","°C","100.000","%a.s.","22.210","deg","20.000","°C","971.000","hPa","0.826","-0.01532","0.000401","-0.00012","0","11.08","Humid","30.45","0","49.40","253415.09","SABD0002000012","AAV2.0.0.13","4.0.0.2323","PSt7-10","171027-008","9/15/2022 2:43:31 PM","0000-00","0","no battery","V","","µV","","µV"
"10/14/2022","12:28:09","7","default","171425599","OXY_CH7","30.953","min","203.427","μmol/L","Humid","20.717","deg","93726","µV","27.171","°C","1020.000","hPa","36.0","pmil","0","55.700","deg","20.000","°C","100.000","%a.s.","22.210","deg","20.000","°C","971.000","hPa","0.826","-0.01532","0.000401","-0.00012","0","11.08","Humid","30.45","0","49.40","253418.48","SABD0002000012","AAV2.0.0.13","4.0.0.2323","PSt7-10","171027-008","9/15/2022 2:43:31 PM","0000-00","0","no battery","V","","µV","","µV"
"10/14/2022","12:28:10","7","default","171425599","OXY_CH7","30.970","min","203.355","μmol/L","Humid","20.723","deg","93734","µV","27.165","°C","1020.000","hPa","36.0","pmil","0","55.700","deg","20.000","°C","100.000","%a.s.","22.210","deg","20.000","°C","971.000","hPa","0.826","-0.01532","0.000401","-0.00012","0","11.08","Humid","30.45","0","49.40","253404.91","SABD0002000012","AAV2.0.0.13","4.0.0.2323","PSt7-10","171027-008","9/15/2022 2:43:31 PM","0000-00","0","no battery","V","","µV","","µV"
"10/14/2022","12:28:11","7","default","171425599","OXY_CH7","30.986","min","203.373","μmol/L","Humid","20.722","deg","93727","µV","27.165","°C","1020.000","hPa","36.0","pmil","0","55.700","deg","20.000","°C","100.000","%a.s.","22.210","deg","20.000","°C","971.000","hPa","0.826","-0.01532","0.000401","-0.00012","0","11.08","Humid","30.45","0","49.40","253414.89","SABD0002000012","AAV2.0.0.13","4.0.0.2323","PSt7-10","171027-008","9/15/2022 2:43:31 PM","0000-00","0","no battery","V","","µV","","µV"
"10/14/2022","12:28:12","7","default","171425599","OXY_CH7","31.003","min","203.372","μmol/L","Humid","20.720","deg","93734","µV","27.171","°C","1020.000","hPa","36.0","pmil","0","55.700","deg","20.000","°C","100.000","%a.s.","22.210","deg","20.000","°C","971.000","hPa","0.826","-0.01532","0.000401","-0.00012","0","11.08","Humid","30.45","0","49.40","253418.22","SABD0002000012","AAV2.0.0.13","4.0.0.2323","PSt7-10","171027-008","9/15/2022 2:43:31 PM","0000-00","0","no battery","V","","µV","","µV"
"10/14/2022","12:28:13","7","default","171425599","OXY_CH7","31.020","min","203.336","μmol/L","Humid","20.722","deg","93734","µV","27.171","°C","1020.000","hPa","36.0","pmil","0","55.700","deg","20.000","°C","100.000","%a.s.","22.210","deg","20.000","°C","971.000","hPa","0.826","-0.01532","0.000401","-0.00012","0","11.08","Humid","30.45","0","49.40","253410.95","SABD0002000012","AAV2.0.0.13","4.0.0.2323","PSt7-10","171027-008","9/15/2022 2:43:31 PM","0000-00","0","no battery","V","","µV","","µV"
"10/14/2022","12:28:14","7","default","171425599","OXY_CH7","31.036","min","203.336","μmol/L","Humid","20.722","deg","93738","µV","27.171","°C","1020.000","hPa","36.0","pmil","0","55.700","deg","20.000","°C","100.000","%a.s.","22.210","deg","20.000","°C","971.000","hPa","0.826","-0.01532","0.000401","-0.00012","0","11.08","Humid","30.45","0","49.40","253400.92","SABD0002000012","AAV2.0.0.13","4.0.0.2323","PSt7-10","171027-008","9/15/2022 2:43:31 PM","0000-00","0","no battery","V","","µV","","µV"
"10/14/2022","12:28:15","7","default","171425599","OXY_CH7","31.052","min","203.299","μmol/L","Humid","20.724","deg","93737","µV","27.171","°C","1020.000","hPa","36.0","pmil","0","55.700","deg","20.000","°C","100.000","%a.s.","22.210","deg","20.000","°C","971.000","hPa","0.826","-0.01532","0.000401","-0.00012","0","11.08","Humid","30.45","0","49.40","253410.09","SABD0002000012","AAV2.0.0.13","4.0.0.2323","PSt7-10","171027-008","9/15/2022 2:43:31 PM","0000-00","0","no battery","V","","µV","","µV"
"10/14/2022","12:28:16","7","default","171425599","OXY_CH7","31.069","min","203.263","μmol/L","Humid","20.726","deg","93735","µV","27.171","°C","1020.000","hPa","36.0","pmil","0","55.700","deg","20.000","°C","100.000","%a.s.","22.210","deg","20.000","°C","971.000","hPa","0.826","-0.01532","0.000401","-0.00012","0","11.08","Humid","30.45","0","49.40","253411.53","SABD0002000012","AAV2.0.0.13","4.0.0.2323","PSt7-10","171027-008","9/15/2022 2:43:31 PM","0000-00","0","no battery","V","","µV","","µV"
"10/14/2022","12:28:17","7","default","171425599","OXY_CH7","31.086","min","203.300","μmol/L","Humid","20.726","deg","93743","µV","27.165","°C","1020.000","hPa","36.0","pmil","0","55.700","deg","20.000","°C","100.000","%a.s.","22.210","deg","20.000","°C","971.000","hPa","0.826","-0.01532","0.000401","-0.00012","0","11.08","Humid","30.45","0","49.40","253404.30","SABD0002000012","AAV2.0.0.13","4.0.0.2323","PSt7-10","171027-008","9/15/2022 2:43:31 PM","0000-00","0","no battery","V","","µV","","µV"
"10/14/2022","12:28:18","7","default","171425599","OXY_CH7","31.103","min","203.300","μmol/L","Humid","20.726","deg","93746","µV","27.165","°C","1020.000","hPa","36.0","pmil","0","55.700","deg","20.000","°C","100.000","%a.s.","22.210","deg","20.000","°C","971.000","hPa","0.826","-0.01532","0.000401","-0.00012","0","11.08","Humid","30.45","0","49.40","253410.07","SABD0002000012","AAV2.0.0.13","4.0.0.2323","PSt7-10","171027-008","9/15/2022 2:43:31 PM","0000-00","0","no battery","V","","µV","","µV"
"10/14/2022","12:28:19","7","default","171425599","OXY_CH7","31.120","min","203.189","μmol/L","Humid","20.728","deg","93747","µV","27.178","°C","1020.000","hPa","36.0","pmil","0","55.700","deg","20.000","°C","100.000","%a.s.","22.210","deg","20.000","°C","971.000","hPa","0.826","-0.01532","0.000401","-0.00012","0","11.08","Humid","30.45","0","49.40","253393.84","SABD0002000012","AAV2.0.0.13","4.0.0.2323","PSt7-10","171027-008","9/15/2022 2:43:31 PM","0000-00","0","no battery","V","","µV","","µV"
"10/14/2022","12:28:20","7","default","171425599","OXY_CH7","31.136","min","203.300","μmol/L","Humid","20.726","deg","93744","µV","27.165","°C","1020.000","hPa","36.0","pmil","0","55.700","deg","20.000","°C","100.000","%a.s.","22.210","deg","20.000","°C","971.000","hPa","0.826","-0.01532","0.000401","-0.00012","0","11.08","Humid","30.45","0","49.40","253397.43","SABD0002000012","AAV2.0.0.13","4.0.0.2323","PSt7-10","171027-008","9/15/2022 2:43:31 PM","0000-00","0","no battery","V","","µV","","µV"
"10/14/2022","12:28:21","7","default","171425599","OXY_CH7","31.153","min","203.373","μmol/L","Humid","20.722","deg","93751","µV","27.165","°C","1020.000","hPa","36.0","pmil","0","55.700","deg","20.000","°C","100.000","%a.s.","22.210","deg","20.000","°C","971.000","hPa","0.826","-0.01532","0.000401","-0.00012","0","11.08","Humid","30.45","0","49.40","253401.11","SABD0002000012","AAV2.0.0.13","4.0.0.2323","PSt7-10","171027-008","9/15/2022 2:43:31 PM","0000-00","0","no battery","V","","µV","","µV"
"10/14/2022","12:28:22","7","default","171425599","OXY_CH7","31.170","min","203.263","μmol/L","Humid","20.726","deg","93753","µV","27.171","°C","1020.000","hPa","36.0","pmil","0","55.700","deg","20.000","°C","100.000","%a.s.","22.210","deg","20.000","°C","971.000","hPa","0.826","-0.01532","0.000401","-0.00012","0","11.08","Humid","30.45","0","49.40","253402.02","SABD0002000012","AAV2.0.0.13","4.0.0.2323","PSt7-10","171027-008","9/15/2022 2:43:31 PM","0000-00","0","no battery","V","","µV","","µV"
"10/14/2022","12:28:23","7","default","171425599","OXY_CH7","31.186","min","203.246","μmol/L","Humid","20.729","deg","93751","µV","27.165","°C","1020.000","hPa","36.0","pmil","0","55.700","deg","20.000","°C","100.000","%a.s.","22.210","deg","20.000","°C","971.000","hPa","0.826","-0.01532","0.000401","-0.00012","0","11.08","Humid","30.45","0","49.40","253401.51","SABD0002000012","AAV2.0.0.13","4.0.0.2323","PSt7-10","171027-008","9/15/2022 2:43:31 PM","0000-00","0","no battery","V","","µV","","µV"
"10/14/2022","12:28:24","7","default","171425599","OXY_CH7","31.203","min","203.228","μmol/L","Humid","20.730","deg","93750","µV","27.165","°C","1020.000","hPa","36.0","pmil","0","55.700","deg","20.000","°C","100.000","%a.s.","22.210","deg","20.000","°C","971.000","hPa","0.826","-0.01532","0.000401","-0.00012","0","11.08","Humid","30.45","0","49.40","253400.91","SABD0002000012","AAV2.0.0.13","4.0.0.2323","PSt7-10","171027-008","9/15/2022 2:43:31 PM","0000-00","0","no battery","V","","µV","","µV"
"10/14/2022","12:28:25","7","default","171425599","OXY_CH7","31.219","min","203.301","μmol/L","Humid","20.728","deg","93755","µV","27.159","°C","1020.000","hPa","36.0","pmil","0","55.700","deg","20.000","°C","100.000","%a.s.","22.210","deg","20.000","°C","971.000","hPa","0.826","-0.01532","0.000401","-0.00012","0","11.08","Humid","30.45","0","49.40","253402.39","SABD0002000012","AAV2.0.0.13","4.0.0.2323","PSt7-10","171027-008","9/15/2022 2:43:31 PM","0000-00","0","no battery","V","","µV","","µV"
"10/14/2022","12:28:26","7","default","171425599","OXY_CH7","31.236","min","203.228","μmol/L","Humid","20.732","deg","93752","µV","27.159","°C","1020.000","hPa","36.0","pmil","0","55.700","deg","20.000","°C","100.000","%a.s.","22.210","deg","20.000","°C","971.000","hPa","0.826","-0.01532","0.000401","-0.00012","0","11.08","Humid","30.45","0","49.40","253400.67","SABD0002000012","AAV2.0.0.13","4.0.0.2323","PSt7-10","171027-008","9/15/2022 2:43:31 PM","0000-00","0","no battery","V","","µV","","µV"
"10/14/2022","12:28:27","7","default","171425599","OXY_CH7","31.253","min","203.246","μmol/L","Humid","20.729","deg","93756","µV","27.165","°C","1020.000","hPa","36.0","pmil","0","55.700","deg","20.000","°C","100.000","%a.s.","22.210","deg","20.000","°C","971.000","hPa","0.826","-0.01532","0.000401","-0.00012","0","11.08","Humid","30.45","0","49.40","253398.23","SABD0002000012","AAV2.0.0.13","4.0.0.2323","PSt7-10","171027-008","9/15/2022 2:43:31 PM","0000-00","0","no battery","V","","µV","","µV"
"10/14/2022","12:28:28","7","default","171425599","OXY_CH7","31.270","min","203.282","μmol/L","Humid","20.727","deg","93756","µV","27.165","°C","1020.000","hPa","36.0","pmil","0","55.700","deg","20.000","°C","100.000","%a.s.","22.210","deg","20.000","°C","971.000","hPa","0.826","-0.01532","0.000401","-0.00012","0","11.08","Humid","30.45","0","49.40","253385.90","SABD0002000012","AAV2.0.0.13","4.0.0.2323","PSt7-10","171027-008","9/15/2022 2:43:31 PM","0000-00","0","no battery","V","","µV","","µV"
"10/14/2022","12:28:29","7","default","171425599","OXY_CH7","31.286","min","203.209","μmol/L","Humid","20.731","deg","93757","µV","27.165","°C","1020.000","hPa","36.0","pmil","0","55.700","deg","20.000","°C","100.000","%a.s.","22.210","deg","20.000","°C","971.000","hPa","0.826","-0.01532","0.000401","-0.00012","0","11.08","Humid","30.45","0","49.40","253383.35","SABD0002000012","AAV2.0.0.13","4.0.0.2323","PSt7-10","171027-008","9/15/2022 2:43:31 PM","0000-00","0","no battery","V","","µV","","µV"
"10/14/2022","12:28:30","7","default","171425599","OXY_CH7","31.303","min","203.228","μmol/L","Humid","20.730","deg","93762","µV","27.165","°C","1020.000","hPa","36.0","pmil","0","55.700","deg","20.000","°C","100.000","%a.s.","22.210","deg","20.000","°C","971.000","hPa","0.826","-0.01532","0.000401","-0.00012","0","11.08","Humid","30.45","0","49.40","253385.97","SABD0002000012","AAV2.0.0.13","4.0.0.2323","PSt7-10","171027-008","9/15/2022 2:43:31 PM","0000-00","0","no battery","V","","µV","","µV"
"10/14/2022","12:28:31","7","default","171425599","OXY_CH7","31.319","min","203.246","μmol/L","Humid","20.729","deg","93763","µV","27.165","°C","1020.000","hPa","36.0","pmil","0","55.700","deg","20.000","°C","100.000","%a.s.","22.210","deg","20.000","°C","971.000","hPa","0.826","-0.01532","0.000401","-0.00012","0","11.08","Humid","30.45","0","49.40","253394.88","SABD0002000012","AAV2.0.0.13","4.0.0.2323","PSt7-10","171027-008","9/15/2022 2:43:31 PM","0000-00","0","no battery","V","","µV","","µV"
"10/14/2022","12:28:32","7","default","171425599","OXY_CH7","31.336","min","203.228","μmol/L","Humid","20.730","deg","93759","µV","27.165","°C","1020.000","hPa","36.0","pmil","0","55.700","deg","20.000","°C","100.000","%a.s.","22.210","deg","20.000","°C","971.000","hPa","0.826","-0.01532","0.000401","-0.00012","0","11.08","Humid","30.45","0","49.40","253380.96","SABD0002000012","AAV2.0.0.13","4.0.0.2323","PSt7-10","171027-008","9/15/2022 2:43:31 PM","0000-00","0","no battery","V","","µV","","µV"
"10/14/2022","12:28:33","7","default","171425599","OXY_CH7","31.352","min","203.227","μmol/L","Humid","20.728","deg","93766","µV","27.171","°C","1020.000","hPa","36.0","pmil","0","55.700","deg","20.000","°C","100.000","%a.s.","22.210","deg","20.000","°C","971.000","hPa","0.826","-0.01532","0.000401","-0.00012","0","11.08","Humid","30.45","0","49.40","253387.58","SABD0002000012","AAV2.0.0.13","4.0.0.2323","PSt7-10","171027-008","9/15/2022 2:43:31 PM","0000-00","0","no battery","V","","µV","","µV"
"10/14/2022","12:28:34","7","default","171425599","OXY_CH7","31.369","min","203.173","μmol/L","Humid","20.733","deg","93766","µV","27.165","°C","1020.000","hPa","36.0","pmil","0","55.700","deg","20.000","°C","100.000","%a.s.","22.210","deg","20.000","°C","971.000","hPa","0.826","-0.01532","0.000401","-0.00012","0","11.08","Humid","30.45","0","49.40","253378.50","SABD0002000012","AAV2.0.0.13","4.0.0.2323","PSt7-10","171027-008","9/15/2022 2:43:31 PM","0000-00","0","no battery","V","","µV","","µV"
"10/14/2022","12:28:35","7","default","171425599","OXY_CH7","31.386","min","203.118","μmol/L","Humid","20.736","deg","93767","µV","27.165","°C","1020.000","hPa","36.0","pmil","0","55.700","deg","20.000","°C","100.000","%a.s.","22.210","deg","20.000","°C","971.000","hPa","0.826","-0.01532","0.000401","-0.00012","0","11.08","Humid","30.45","0","49.40","253385.80","SABD0002000012","AAV2.0.0.13","4.0.0.2323","PSt7-10","171027-008","9/15/2022 2:43:31 PM","0000-00","0","no battery","V","","µV","","µV"
"10/14/2022","12:28:36","7","default","171425599","OXY_CH7","31.403","min","203.155","μmol/L","Humid","20.734","deg","93772","µV","27.165","°C","1020.000","hPa","36.0","pmil","0","55.700","deg","20.000","°C","100.000","%a.s.","22.210","deg","20.000","°C","971.000","hPa","0.826","-0.01532","0.000401","-0.00012","0","11.08","Humid","30.45","0","49.40","253385.27","SABD0002000012","AAV2.0.0.13","4.0.0.2323","PSt7-10","171027-008","9/15/2022 2:43:31 PM","0000-00","0","no battery","V","","µV","","µV"
"10/14/2022","12:28:37","7","default","171425599","OXY_CH7","31.420","min","203.099","μmol/L","Humid","20.735","deg","93770","µV","27.171","°C","1020.000","hPa","36.0","pmil","0","55.700","deg","20.000","°C","100.000","%a.s.","22.210","deg","20.000","°C","971.000","hPa","0.826","-0.01532","0.000401","-0.00012","0","11.08","Humid","30.45","0","49.40","253390.50","SABD0002000012","AAV2.0.0.13","4.0.0.2323","PSt7-10","171027-008","9/15/2022 2:43:31 PM","0000-00","0","no battery","V","","µV","","µV"
"10/14/2022","12:28:38","7","default","171425599","OXY_CH7","31.436","min","203.118","μmol/L","Humid","20.736","deg","93773","µV","27.165","°C","1020.000","hPa","36.0","pmil","0","55.700","deg","20.000","°C","100.000","%a.s.","22.210","deg","20.000","°C","971.000","hPa","0.826","-0.01532","0.000401","-0.00012","0","11.08","Humid","30.45","0","49.40","253395.74","SABD0002000012","AAV2.0.0.13","4.0.0.2323","PSt7-10","171027-008","9/15/2022 2:43:31 PM","0000-00","0","no battery","V","","µV","","µV"
"10/14/2022","12:28:39","7","default","171425599","OXY_CH7","31.453","min","203.082","μmol/L","Humid","20.738","deg","93778","µV","27.165","°C","1020.000","hPa","36.0","pmil","0","55.700","deg","20.000","°C","100.000","%a.s.","22.210","deg","20.000","°C","971.000","hPa","0.826","-0.01532","0.000401","-0.00012","0","11.08","Humid","30.45","0","49.40","253398.06","SABD0002000012","AAV2.0.0.13","4.0.0.2323","PSt7-10","171027-008","9/15/2022 2:43:31 PM","0000-00","0","no battery","V","","µV","","µV"
"10/14/2022","12:28:40","7","default","171425599","OXY_CH7","31.469","min","203.137","μmol/L","Humid","20.735","deg","93786","µV","27.165","°C","1020.000","hPa","36.0","pmil","0","55.700","deg","20.000","°C","100.000","%a.s.","22.210","deg","20.000","°C","971.000","hPa","0.826","-0.01532","0.000401","-0.00012","0","11.08","Humid","30.45","0","49.40","253406.37","SABD0002000012","AAV2.0.0.13","4.0.0.2323","PSt7-10","171027-008","9/15/2022 2:43:31 PM","0000-00","0","no battery","V","","µV","","µV"
"10/14/2022","12:28:41","7","default","171425599","OXY_CH7","31.486","min","203.099","μmol/L","Humid","20.735","deg","93785","µV","27.171","°C","1020.000","hPa","36.0","pmil","0","55.700","deg","20.000","°C","100.000","%a.s.","22.210","deg","20.000","°C","971.000","hPa","0.826","-0.01532","0.000401","-0.00012","0","11.08","Humid","30.45","0","49.40","253402.69","SABD0002000012","AAV2.0.0.13","4.0.0.2323","PSt7-10","171027-008","9/15/2022 2:43:31 PM","0000-00","0","no battery","V","","µV","","µV"
"10/14/2022","12:28:42","7","default","171425599","OXY_CH7","31.502","min","203.026","μmol/L","Humid","20.739","deg","93789","µV","27.171","°C","1020.000","hPa","36.0","pmil","0","55.700","deg","20.000","°C","100.000","%a.s.","22.210","deg","20.000","°C","971.000","hPa","0.826","-0.01532","0.000401","-0.00012","0","11.08","Humid","30.45","0","49.40","253384.00","SABD0002000012","AAV2.0.0.13","4.0.0.2323","PSt7-10","171027-008","9/15/2022 2:43:31 PM","0000-00","0","no battery","V","","µV","","µV"
"10/14/2022","12:28:43","7","default","171425599","OXY_CH7","31.519","min","203.118","μmol/L","Humid","20.736","deg","93787","µV","27.165","°C","1020.000","hPa","36.0","pmil","0","55.700","deg","20.000","°C","100.000","%a.s.","22.210","deg","20.000","°C","971.000","hPa","0.826","-0.01532","0.000401","-0.00012","0","11.08","Humid","30.45","0","49.40","253394.07","SABD0002000012","AAV2.0.0.13","4.0.0.2323","PSt7-10","171027-008","9/15/2022 2:43:31 PM","0000-00","0","no battery","V","","µV","","µV"
"10/14/2022","12:28:44","7","default","171425599","OXY_CH7","31.536","min","202.972","μmol/L","Humid","20.742","deg","93785","µV","27.171","°C","1020.000","hPa","36.0","pmil","0","55.700","deg","20.000","°C","100.000","%a.s.","22.210","deg","20.000","°C","971.000","hPa","0.826","-0.01532","0.000401","-0.00012","0","11.08","Humid","30.45","0","49.40","253399.00","SABD0002000012","AAV2.0.0.13","4.0.0.2323","PSt7-10","171027-008","9/15/2022 2:43:31 PM","0000-00","0","no battery","V","","µV","","µV"
"10/14/2022","12:28:45","7","default","171425599","OXY_CH7","31.553","min","203.009","μmol/L","Humid","20.742","deg","93793","µV","27.165","°C","1020.000","hPa","36.0","pmil","0","55.700","deg","20.000","°C","100.000","%a.s.","22.210","deg","20.000","°C","971.000","hPa","0.826","-0.01532","0.000401","-0.00012","0","11.08","Humid","30.45","0","49.40","253391.22","SABD0002000012","AAV2.0.0.13","4.0.0.2323","PSt7-10","171027-008","9/15/2022 2:43:31 PM","0000-00","0","no battery","V","","µV","","µV"
"10/14/2022","12:28:46","7","default","171425599","OXY_CH7","31.569","min","203.064","μmol/L","Humid","20.739","deg","93787","µV","27.165","°C","1020.000","hPa","36.0","pmil","0","55.700","deg","20.000","°C","100.000","%a.s.","22.210","deg","20.000","°C","971.000","hPa","0.826","-0.01532","0.000401","-0.00012","0","11.08","Humid","30.45","0","49.40","253391.13","SABD0002000012","AAV2.0.0.13","4.0.0.2323","PSt7-10","171027-008","9/15/2022 2:43:31 PM","0000-00","0","no battery","V","","µV","","µV"
"10/14/2022","12:28:47","7","default","171425599","OXY_CH7","31.586","min","203.082","μmol/L","Humid","20.738","deg","93792","µV","27.165","°C","1020.000","hPa","36.0","pmil","0","55.700","deg","20.000","°C","100.000","%a.s.","22.210","deg","20.000","°C","971.000","hPa","0.826","-0.01532","0.000401","-0.00012","0","11.08","Humid","30.45","0","49.40","253387.93","SABD0002000012","AAV2.0.0.13","4.0.0.2323","PSt7-10","171027-008","9/15/2022 2:43:31 PM","0000-00","0","no battery","V","","µV","","µV"
"10/14/2022","12:28:48","7","default","171425599","OXY_CH7","31.603","min","203.045","μmol/L","Humid","20.738","deg","93790","µV","27.171","°C","1020.000","hPa","36.0","pmil","0","55.700","deg","20.000","°C","100.000","%a.s.","22.210","deg","20.000","°C","971.000","hPa","0.826","-0.01532","0.000401","-0.00012","0","11.08","Humid","30.45","0","49.40","253390.27","SABD0002000012","AAV2.0.0.13","4.0.0.2323","PSt7-10","171027-008","9/15/2022 2:43:31 PM","0000-00","0","no battery","V","","µV","","µV"
"10/14/2022","12:28:49","7","default","171425599","OXY_CH7","31.620","min","203.009","μmol/L","Humid","20.742","deg","93802","µV","27.165","°C","1020.000","hPa","36.0","pmil","0","55.700","deg","20.000","°C","100.000","%a.s.","22.210","deg","20.000","°C","971.000","hPa","0.826","-0.01532","0.000401","-0.00012","0","11.08","Humid","30.45","0","49.40","253389.13","SABD0002000012","AAV2.0.0.13","4.0.0.2323","PSt7-10","171027-008","9/15/2022 2:43:31 PM","0000-00","0","no battery","V","","µV","","µV"
"10/14/2022","12:28:50","7","default","171425599","OXY_CH7","31.636","min","203.008","μmol/L","Humid","20.740","deg","93795","µV","27.171","°C","1020.000","hPa","36.0","pmil","0","55.700","deg","20.000","°C","100.000","%a.s.","22.210","deg","20.000","°C","971.000","hPa","0.826","-0.01532","0.000401","-0.00012","0","11.08","Humid","30.45","0","49.40","253389.16","SABD0002000012","AAV2.0.0.13","4.0.0.2323","PSt7-10","171027-008","9/15/2022 2:43:31 PM","0000-00","0","no battery","V","","µV","","µV"
"10/14/2022","12:28:51","7","default","171425599","OXY_CH7","31.652","min","203.009","μmol/L","Humid","20.742","deg","93802","µV","27.165","°C","1020.000","hPa","36.0","pmil","0","55.700","deg","20.000","°C","100.000","%a.s.","22.210","deg","20.000","°C","971.000","hPa","0.826","-0.01532","0.000401","-0.00012","0","11.08","Humid","30.45","0","49.40","253390.49","SABD0002000012","AAV2.0.0.13","4.0.0.2323","PSt7-10","171027-008","9/15/2022 2:43:31 PM","0000-00","0","no battery","V","","µV","","µV"
"10/14/2022","12:28:52","7","default","171425599","OXY_CH7","31.669","min","202.936","μmol/L","Humid","20.744","deg","93797","µV","27.171","°C","1020.000","hPa","36.0","pmil","0","55.700","deg","20.000","°C","100.000","%a.s.","22.210","deg","20.000","°C","971.000","hPa","0.826","-0.01532","0.000401","-0.00012","0","11.08","Humid","30.45","0","49.40","253386.13","SABD0002000012","AAV2.0.0.13","4.0.0.2323","PSt7-10","171027-008","9/15/2022 2:43:31 PM","0000-00","0","no battery","V","","µV","","µV"
"10/14/2022","12:28:53","7","default","171425599","OXY_CH7","31.686","min","203.009","μmol/L","Humid","20.742","deg","93803","µV","27.165","°C","1020.000","hPa","36.0","pmil","0","55.700","deg","20.000","°C","100.000","%a.s.","22.210","deg","20.000","°C","971.000","hPa","0.826","-0.01532","0.000401","-0.00012","0","11.08","Humid","30.45","0","49.40","253383.39","SABD0002000012","AAV2.0.0.13","4.0.0.2323","PSt7-10","171027-008","9/15/2022 2:43:31 PM","0000-00","0","no battery","V","","µV","","µV"
"10/14/2022","12:28:54","7","default","171425599","OXY_CH7","31.703","min","202.936","μmol/L","Humid","20.744","deg","93802","µV","27.171","°C","1020.000","hPa","36.0","pmil","0","55.700","deg","20.000","°C","100.000","%a.s.","22.210","deg","20.000","°C","971.000","hPa","0.826","-0.01532","0.000401","-0.00012","0","11.08","Humid","30.45","0","49.40","253390.35","SABD0002000012","AAV2.0.0.13","4.0.0.2323","PSt7-10","171027-008","9/15/2022 2:43:31 PM","0000-00","0","no battery","V","","µV","","µV"
"10/14/2022","12:28:55","7","default","171425599","OXY_CH7","31.719","min","202.899","μmol/L","Humid","20.746","deg","93812","µV","27.171","°C","1020.000","hPa","36.0","pmil","0","55.700","deg","20.000","°C","100.000","%a.s.","22.210","deg","20.000","°C","971.000","hPa","0.826","-0.01532","0.000401","-0.00012","0","11.08","Humid","30.45","0","49.40","253387.66","SABD0002000012","AAV2.0.0.13","4.0.0.2323","PSt7-10","171027-008","9/15/2022 2:43:31 PM","0000-00","0","no battery","V","","µV","","µV"
"10/14/2022","12:28:56","7","default","171425599","OXY_CH7","31.736","min","202.918","μmol/L","Humid","20.747","deg","93818","µV","27.165","°C","1020.000","hPa","36.0","pmil","0","55.700","deg","20.000","°C","100.000","%a.s.","22.210","deg","20.000","°C","971.000","hPa","0.826","-0.01532","0.000401","-0.00012","0","11.08","Humid","30.45","0","49.40","253403.22","SABD0002000012","AAV2.0.0.13","4.0.0.2323","PSt7-10","171027-008","9/15/2022 2:43:31 PM","0000-00","0","no battery","V","","µV","","µV"
"10/14/2022","12:28:57","7","default","171425599","OXY_CH7","31.753","min","202.809","μmol/L","Humid","20.753","deg","93813","µV","27.165","°C","1020.000","hPa","36.0","pmil","0","55.700","deg","20.000","°C","100.000","%a.s.","22.210","deg","20.000","°C","971.000","hPa","0.826","-0.01532","0.000401","-0.00012","0","11.08","Humid","30.45","0","49.40","253388.83","SABD0002000012","AAV2.0.0.13","4.0.0.2323","PSt7-10","171027-008","9/15/2022 2:43:31 PM","0000-00","0","no battery","V","","µV","","µV"
"10/14/2022","12:28:58","7","default","171425599","OXY_CH7","31.770","min","202.900","μmol/L","Humid","20.748","deg","93821","µV","27.165","°C","1020.000","hPa","36.0","pmil","0","55.700","deg","20.000","°C","100.000","%a.s.","22.210","deg","20.000","°C","971.000","hPa","0.826","-0.01532","0.000401","-0.00012","0","11.08","Humid","30.45","0","49.40","253383.91","SABD0002000012","AAV2.0.0.13","4.0.0.2323","PSt7-10","171027-008","9/15/2022 2:43:31 PM","0000-00","0","no battery","V","","µV","","µV"
"10/14/2022","12:28:59","7","default","171425599","OXY_CH7","31.786","min","202.845","μmol/L","Humid","20.749","deg","93821","µV","27.171","°C","1020.000","hPa","36.0","pmil","0","55.700","deg","20.000","°C","100.000","%a.s.","22.210","deg","20.000","°C","971.000","hPa","0.826","-0.01532","0.000401","-0.00012","0","11.08","Humid","30.45","0","49.40","253385.87","SABD0002000012","AAV2.0.0.13","4.0.0.2323","PSt7-10","171027-008","9/15/2022 2:43:31 PM","0000-00","0","no battery","V","","µV","","µV"
"10/14/2022","12:29:00","7","default","171425599","OXY_CH7","31.802","min","202.991","μmol/L","Humid","20.743","deg","93814","µV","27.165","°C","1020.000","hPa","36.0","pmil","0","55.700","deg","20.000","°C","100.000","%a.s.","22.210","deg","20.000","°C","971.000","hPa","0.826","-0.01532","0.000401","-0.00012","0","11.08","Humid","30.45","0","49.40","253382.85","SABD0002000012","AAV2.0.0.13","4.0.0.2323","PSt7-10","171027-008","9/15/2022 2:43:31 PM","0000-00","0","no battery","V","","µV","","µV"
"10/14/2022","12:29:01","7","default","171425599","OXY_CH7","31.819","min","202.864","μmol/L","Humid","20.750","deg","93823","µV","27.165","°C","1020.000","hPa","36.0","pmil","0","55.700","deg","20.000","°C","100.000","%a.s.","22.210","deg","20.000","°C","971.000","hPa","0.826","-0.01532","0.000401","-0.00012","0","11.08","Humid","30.45","0","49.40","253390.20","SABD0002000012","AAV2.0.0.13","4.0.0.2323","PSt7-10","171027-008","9/15/2022 2:43:31 PM","0000-00","0","no battery","V","","µV","","µV"
"10/14/2022","12:29:02","7","default","171425599","OXY_CH7","31.836","min","202.918","μmol/L","Humid","20.747","deg","93827","µV","27.165","°C","1020.000","hPa","36.0","pmil","0","55.700","deg","20.000","°C","100.000","%a.s.","22.210","deg","20.000","°C","971.000","hPa","0.826","-0.01532","0.000401","-0.00012","0","11.08","Humid","30.45","0","49.40","253382.19","SABD0002000012","AAV2.0.0.13","4.0.0.2323","PSt7-10","171027-008","9/15/2022 2:43:31 PM","0000-00","0","no battery","V","","µV","","µV"
"10/14/2022","12:29:03","7","default","171425599","OXY_CH7","31.853","min","202.864","μmol/L","Humid","20.750","deg","93825","µV","27.165","°C","1020.000","hPa","36.0","pmil","0","55.700","deg","20.000","°C","100.000","%a.s.","22.210","deg","20.000","°C","971.000","hPa","0.826","-0.01532","0.000401","-0.00012","0","11.08","Humid","30.45","0","49.40","253383.38","SABD0002000012","AAV2.0.0.13","4.0.0.2323","PSt7-10","171027-008","9/15/2022 2:43:31 PM","0000-00","0","no battery","V","","µV","","µV"
"10/14/2022","12:29:04","7","default","171425599","OXY_CH7","31.870","min","202.881","μmol/L","Humid","20.747","deg","93826","µV","27.171","°C","1020.000","hPa","36.0","pmil","0","55.700","deg","20.000","°C","100.000","%a.s.","22.210","deg","20.000","°C","971.000","hPa","0.826","-0.01532","0.000401","-0.00012","0","11.08","Humid","30.45","0","49.40","253384.37","SABD0002000012","AAV2.0.0.13","4.0.0.2323","PSt7-10","171027-008","9/15/2022 2:43:31 PM","0000-00","0","no battery","V","","µV","","µV"
"10/14/2022","12:29:05","7","default","171425599","OXY_CH7","31.886","min","202.864","μmol/L","Humid","20.750","deg","93827","µV","27.165","°C","1020.000","hPa","36.0","pmil","0","55.700","deg","20.000","°C","100.000","%a.s.","22.210","deg","20.000","°C","971.000","hPa","0.826","-0.01532","0.000401","-0.00012","0","11.08","Humid","30.45","0","49.40","253385.27","SABD0002000012","AAV2.0.0.13","4.0.0.2323","PSt7-10","171027-008","9/15/2022 2:43:31 PM","0000-00","0","no battery","V","","µV","","µV"
"10/14/2022","12:29:06","7","default","171425599","OXY_CH7","31.903","min","202.901","μmol/L","Humid","20.750","deg","93827","µV","27.159","°C","1020.000","hPa","36.0","pmil","0","55.700","deg","20.000","°C","100.000","%a.s.","22.210","deg","20.000","°C","971.000","hPa","0.826","-0.01532","0.000401","-0.00012","0","11.08","Humid","30.45","0","49.40","253383.44","SABD0002000012","AAV2.0.0.13","4.0.0.2323","PSt7-10","171027-008","9/15/2022 2:43:31 PM","0000-00","0","no battery","V","","µV","","µV"
"10/14/2022","12:29:07","7","default","171425599","OXY_CH7","31.920","min","202.847","μmol/L","Humid","20.753","deg","93827","µV","27.159","°C","1020.000","hPa","36.0","pmil","0","55.700","deg","20.000","°C","100.000","%a.s.","22.210","deg","20.000","°C","971.000","hPa","0.826","-0.01532","0.000401","-0.00012","0","11.08","Humid","30.45","0","49.40","253388.98","SABD0002000012","AAV2.0.0.13","4.0.0.2323","PSt7-10","171027-008","9/15/2022 2:43:31 PM","0000-00","0","no battery","V","","µV","","µV"
"10/14/2022","12:29:08","7","default","171425599","OXY_CH7","31.936","min","202.829","μmol/L","Humid","20.754","deg","93831","µV","27.159","°C","1020.000","hPa","36.0","pmil","0","55.700","deg","20.000","°C","100.000","%a.s.","22.210","deg","20.000","°C","971.000","hPa","0.826","-0.01532","0.000401","-0.00012","0","11.08","Humid","30.45","0","49.40","253380.97","SABD0002000012","AAV2.0.0.13","4.0.0.2323","PSt7-10","171027-008","9/15/2022 2:43:31 PM","0000-00","0","no battery","V","","µV","","µV"
"10/14/2022","12:29:09","7","default","171425599","OXY_CH7","31.952","min","202.828","μmol/L","Humid","20.752","deg","93822","µV","27.165","°C","1020.000","hPa","36.0","pmil","0","55.700","deg","20.000","°C","100.000","%a.s.","22.210","deg","20.000","°C","971.000","hPa","0.826","-0.01532","0.000401","-0.00012","0","11.08","Humid","30.45","0","49.40","253391.07","SABD0002000012","AAV2.0.0.13","4.0.0.2323","PSt7-10","171027-008","9/15/2022 2:43:31 PM","0000-00","0","no battery","V","","µV","","µV"
"10/14/2022","12:29:10","7","default","171425599","OXY_CH7","31.969","min","202.755","μmol/L","Humid","20.756","deg","93835","µV","27.165","°C","1020.000","hPa","36.0","pmil","0","55.700","deg","20.000","°C","100.000","%a.s.","22.210","deg","20.000","°C","971.000","hPa","0.826","-0.01532","0.000401","-0.00012","0","11.08","Humid","30.45","0","49.40","253383.06","SABD0002000012","AAV2.0.0.13","4.0.0.2323","PSt7-10","171027-008","9/15/2022 2:43:31 PM","0000-00","0","no battery","V","","µV","","µV"
"10/14/2022","12:29:11","7","default","171425599","OXY_CH7","31.986","min","202.773","μmol/L","Humid","20.755","deg","93830","µV","27.165","°C","1020.000","hPa","36.0","pmil","0","55.700","deg","20.000","°C","100.000","%a.s.","22.210","deg","20.000","°C","971.000","hPa","0.826","-0.01532","0.000401","-0.00012","0","11.08","Humid","30.45","0","49.40","253377.33","SABD0002000012","AAV2.0.0.13","4.0.0.2323","PSt7-10","171027-008","9/15/2022 2:43:31 PM","0000-00","0","no battery","V","","µV","","µV"
"10/14/2022","12:29:12","7","default","171425599","OXY_CH7","32.003","min","202.865","μmol/L","Humid","20.752","deg","93838","µV","27.159","°C","1020.000","hPa","36.0","pmil","0","55.700","deg","20.000","°C","100.000","%a.s.","22.210","deg","20.000","°C","971.000","hPa","0.826","-0.01532","0.000401","-0.00012","0","11.08","Humid","30.45","0","49.40","253380.11","SABD0002000012","AAV2.0.0.13","4.0.0.2323","PSt7-10","171027-008","9/15/2022 2:43:31 PM","0000-00","0","no battery","V","","µV","","µV"
"10/14/2022","12:29:13","7","default","171425599","OXY_CH7","32.020","min","202.773","μmol/L","Humid","20.755","deg","93836","µV","27.165","°C","1020.000","hPa","36.0","pmil","0","55.700","deg","20.000","°C","100.000","%a.s.","22.210","deg","20.000","°C","971.000","hPa","0.826","-0.01532","0.000401","-0.00012","0","11.08","Humid","30.45","0","49.40","253374.51","SABD0002000012","AAV2.0.0.13","4.0.0.2323","PSt7-10","171027-008","9/15/2022 2:43:31 PM","0000-00","0","no battery","V","","µV","","µV"
"10/14/2022","12:29:14","7","default","171425599","OXY_CH7","32.036","min","202.791","μmol/L","Humid","20.754","deg","93843","µV","27.165","°C","1020.000","hPa","36.0","pmil","0","55.700","deg","20.000","°C","100.000","%a.s.","22.210","deg","20.000","°C","971.000","hPa","0.826","-0.01532","0.000401","-0.00012","0","11.08","Humid","30.45","0","49.40","253380.56","SABD0002000012","AAV2.0.0.13","4.0.0.2323","PSt7-10","171027-008","9/15/2022 2:43:31 PM","0000-00","0","no battery","V","","µV","","µV"
"10/14/2022","12:29:15","7","default","171425599","OXY_CH7","32.053","min","202.828","μmol/L","Humid","20.752","deg","93844","µV","27.165","°C","1020.000","hPa","36.0","pmil","0","55.700","deg","20.000","°C","100.000","%a.s.","22.210","deg","20.000","°C","971.000","hPa","0.826","-0.01532","0.000401","-0.00012","0","11.08","Humid","30.45","0","49.40","253370.90","SABD0002000012","AAV2.0.0.13","4.0.0.2323","PSt7-10","171027-008","9/15/2022 2:43:31 PM","0000-00","0","no battery","V","","µV","","µV"
"10/14/2022","12:29:16","7","default","171425599","OXY_CH7","32.069","min","202.719","μmol/L","Humid","20.758","deg","93843","µV","27.165","°C","1020.000","hPa","36.0","pmil","0","55.700","deg","20.000","°C","100.000","%a.s.","22.210","deg","20.000","°C","971.000","hPa","0.826","-0.01532","0.000401","-0.00012","0","11.08","Humid","30.45","0","49.40","253378.35","SABD0002000012","AAV2.0.0.13","4.0.0.2323","PSt7-10","171027-008","9/15/2022 2:43:31 PM","0000-00","0","no battery","V","","µV","","µV"
"10/14/2022","12:29:17","7","default","171425599","OXY_CH7","32.086","min","202.645","μmol/L","Humid","20.760","deg","93850","µV","27.171","°C","1020.000","hPa","36.0","pmil","0","55.700","deg","20.000","°C","100.000","%a.s.","22.210","deg","20.000","°C","971.000","hPa","0.826","-0.01532","0.000401","-0.00012","0","11.08","Humid","30.45","0","49.40","253373.81","SABD0002000012","AAV2.0.0.13","4.0.0.2323","PSt7-10","171027-008","9/15/2022 2:43:31 PM","0000-00","0","no battery","V","","µV","","µV"
"10/14/2022","12:29:18","7","default","171425599","OXY_CH7","32.103","min","202.773","μmol/L","Humid","20.755","deg","93848","µV","27.165","°C","1020.000","hPa","36.0","pmil","0","55.700","deg","20.000","°C","100.000","%a.s.","22.210","deg","20.000","°C","971.000","hPa","0.826","-0.01532","0.000401","-0.00012","0","11.08","Humid","30.45","0","49.40","253371.16","SABD0002000012","AAV2.0.0.13","4.0.0.2323","PSt7-10","171027-008","9/15/2022 2:43:31 PM","0000-00","0","no battery","V","","µV","","µV"
"10/14/2022","12:29:19","7","default","171425599","OXY_CH7","32.119","min","202.737","μmol/L","Humid","20.757","deg","93850","µV","27.165","°C","1020.000","hPa","36.0","pmil","0","55.700","deg","20.000","°C","100.000","%a.s.","22.210","deg","20.000","°C","971.000","hPa","0.826","-0.01532","0.000401","-0.00012","0","11.08","Humid","30.45","0","49.40","253377.20","SABD0002000012","AAV2.0.0.13","4.0.0.2323","PSt7-10","171027-008","9/15/2022 2:43:31 PM","0000-00","0","no battery","V","","µV","","µV"
"10/14/2022","12:29:20","7","default","171425599","OXY_CH7","32.136","min","202.738","μmol/L","Humid","20.759","deg","93847","µV","27.159","°C","1020.000","hPa","36.0","pmil","0","55.700","deg","20.000","°C","100.000","%a.s.","22.210","deg","20.000","°C","971.000","hPa","0.826","-0.01532","0.000401","-0.00012","0","11.08","Humid","30.45","0","49.40","253379.60","SABD0002000012","AAV2.0.0.13","4.0.0.2323","PSt7-10","171027-008","9/15/2022 2:43:31 PM","0000-00","0","no battery","V","","µV","","µV"
"10/14/2022","12:29:21","7","default","171425599","OXY_CH7","32.153","min","202.737","μmol/L","Humid","20.757","deg","93855","µV","27.165","°C","1020.000","hPa","36.0","pmil","0","55.700","deg","20.000","°C","100.000","%a.s.","22.210","deg","20.000","°C","971.000","hPa","0.826","-0.01532","0.000401","-0.00012","0","11.08","Humid","30.45","0","49.40","253382.89","SABD0002000012","AAV2.0.0.13","4.0.0.2323","PSt7-10","171027-008","9/15/2022 2:43:31 PM","0000-00","0","no battery","V","","µV","","µV"
"10/14/2022","12:29:22","7","default","171425599","OXY_CH7","32.170","min","202.719","μmol/L","Humid","20.758","deg","93856","µV","27.165","°C","1020.000","hPa","36.0","pmil","0","55.700","deg","20.000","°C","100.000","%a.s.","22.210","deg","20.000","°C","971.000","hPa","0.826","-0.01532","0.000401","-0.00012","0","11.08","Humid","30.45","0","49.40","253370.81","SABD0002000012","AAV2.0.0.13","4.0.0.2323","PSt7-10","171027-008","9/15/2022 2:43:31 PM","0000-00","0","no battery","V","","µV","","µV"
"10/14/2022","12:29:23","7","default","171425599","OXY_CH7","32.186","min","202.702","μmol/L","Humid","20.761","deg","93848","µV","27.159","°C","1020.000","hPa","36.0","pmil","0","55.700","deg","20.000","°C","100.000","%a.s.","22.210","deg","20.000","°C","971.000","hPa","0.826","-0.01532","0.000401","-0.00012","0","11.08","Humid","30.45","0","49.40","253366.83","SABD0002000012","AAV2.0.0.13","4.0.0.2323","PSt7-10","171027-008","9/15/2022 2:43:31 PM","0000-00","0","no battery","V","","µV","","µV"
"10/14/2022","12:29:24","7","default","171425599","OXY_CH7","32.203","min","202.755","μmol/L","Humid","20.756","deg","93854","µV","27.165","°C","1020.000","hPa","36.0","pmil","0","55.700","deg","20.000","°C","100.000","%a.s.","22.210","deg","20.000","°C","971.000","hPa","0.826","-0.01532","0.000401","-0.00012","0","11.08","Humid","30.45","0","49.40","253378.19","SABD0002000012","AAV2.0.0.13","4.0.0.2323","PSt7-10","171027-008","9/15/2022 2:43:31 PM","0000-00","0","no battery","V","","µV","","µV"
"10/14/2022","12:29:25","7","default","171425599","OXY_CH7","32.219","min","202.646","μmol/L","Humid","20.762","deg","93850","µV","27.165","°C","1020.000","hPa","36.0","pmil","0","55.700","deg","20.000","°C","100.000","%a.s.","22.210","deg","20.000","°C","971.000","hPa","0.826","-0.01532","0.000401","-0.00012","0","11.08","Humid","30.45","0","49.40","253369.13","SABD0002000012","AAV2.0.0.13","4.0.0.2323","PSt7-10","171027-008","9/15/2022 2:43:31 PM","0000-00","0","no battery","V","","µV","","µV"
"10/14/2022","12:29:26","7","default","171425599","OXY_CH7","32.236","min","202.665","μmol/L","Humid","20.763","deg","93850","µV","27.159","°C","1020.000","hPa","36.0","pmil","0","55.700","deg","20.000","°C","100.000","%a.s.","22.210","deg","20.000","°C","971.000","hPa","0.826","-0.01532","0.000401","-0.00012","0","11.08","Humid","30.45","0","49.40","253362.61","SABD0002000012","AAV2.0.0.13","4.0.0.2323","PSt7-10","171027-008","9/15/2022 2:43:31 PM","0000-00","0","no battery","V","","µV","","µV"
"10/14/2022","12:29:27","7","default","171425599","OXY_CH7","32.253","min","202.720","μmol/L","Humid","20.760","deg","93851","µV","27.159","°C","1020.000","hPa","36.0","pmil","0","55.700","deg","20.000","°C","100.000","%a.s.","22.210","deg","20.000","°C","971.000","hPa","0.826","-0.01532","0.000401","-0.00012","0","11.08","Humid","30.45","0","49.40","253361.56","SABD0002000012","AAV2.0.0.13","4.0.0.2323","PSt7-10","171027-008","9/15/2022 2:43:31 PM","0000-00","0","no battery","V","","µV","","µV"
"10/14/2022","12:29:28","7","default","171425599","OXY_CH7","32.269","min","202.702","μmol/L","Humid","20.761","deg","93865","µV","27.159","°C","1020.000","hPa","36.0","pmil","0","55.700","deg","20.000","°C","100.000","%a.s.","22.210","deg","20.000","°C","971.000","hPa","0.826","-0.01532","0.000401","-0.00012","0","11.08","Humid","30.45","0","49.40","253369.09","SABD0002000012","AAV2.0.0.13","4.0.0.2323","PSt7-10","171027-008","9/15/2022 2:43:31 PM","0000-00","0","no battery","V","","µV","","µV"
"10/14/2022","12:29:29","7","default","171425599","OXY_CH7","32.286","min","202.646","μmol/L","Humid","20.762","deg","93859","µV","27.165","°C","1020.000","hPa","36.0","pmil","0","55.700","deg","20.000","°C","100.000","%a.s.","22.210","deg","20.000","°C","971.000","hPa","0.826","-0.01532","0.000401","-0.00012","0","11.08","Humid","30.45","0","49.40","253370.11","SABD0002000012","AAV2.0.0.13","4.0.0.2323","PSt7-10","171027-008","9/15/2022 2:43:31 PM","0000-00","0","no battery","V","","µV","","µV"
"10/14/2022","12:29:30","7","default","171425599","OXY_CH7","32.303","min","202.720","μmol/L","Humid","20.760","deg","93850","µV","27.159","°C","1020.000","hPa","36.0","pmil","0","55.700","deg","20.000","°C","100.000","%a.s.","22.210","deg","20.000","°C","971.000","hPa","0.826","-0.01532","0.000401","-0.00012","0","11.08","Humid","30.45","0","49.40","253372.21","SABD0002000012","AAV2.0.0.13","4.0.0.2323","PSt7-10","171027-008","9/15/2022 2:43:31 PM","0000-00","0","no battery","V","","µV","","µV"
"10/14/2022","12:29:31","7","default","171425599","OXY_CH7","32.320","min","202.610","μmol/L","Humid","20.764","deg","93868","µV","27.165","°C","1020.000","hPa","36.0","pmil","0","55.700","deg","20.000","°C","100.000","%a.s.","22.210","deg","20.000","°C","971.000","hPa","0.826","-0.01532","0.000401","-0.00012","0","11.08","Humid","30.45","0","49.40","253378.12","SABD0002000012","AAV2.0.0.13","4.0.0.2323","PSt7-10","171027-008","9/15/2022 2:43:31 PM","0000-00","0","no battery","V","","µV","","µV"
"10/14/2022","12:29:32","7","default","171425599","OXY_CH7","32.336","min","202.592","μmol/L","Humid","20.765","deg","93854","µV","27.165","°C","1020.000","hPa","36.0","pmil","0","55.700","deg","20.000","°C","100.000","%a.s.","22.210","deg","20.000","°C","971.000","hPa","0.826","-0.01532","0.000401","-0.00012","0","11.08","Humid","30.45","0","49.40","253358.72","SABD0002000012","AAV2.0.0.13","4.0.0.2323","PSt7-10","171027-008","9/15/2022 2:43:31 PM","0000-00","0","no battery","V","","µV","","µV"
"10/14/2022","12:29:33","7","default","171425599","OXY_CH7","32.353","min","202.574","μmol/L","Humid","20.766","deg","93861","µV","27.165","°C","1020.000","hPa","36.0","pmil","0","55.700","deg","20.000","°C","100.000","%a.s.","22.210","deg","20.000","°C","971.000","hPa","0.826","-0.01532","0.000401","-0.00012","0","11.08","Humid","30.45","0","49.40","253374.87","SABD0002000012","AAV2.0.0.13","4.0.0.2323","PSt7-10","171027-008","9/15/2022 2:43:31 PM","0000-00","0","no battery","V","","µV","","µV"
"10/14/2022","12:29:34","7","default","171425599","OXY_CH7","32.369","min","202.556","μmol/L","Humid","20.767","deg","93865","µV","27.165","°C","1020.000","hPa","36.0","pmil","0","55.700","deg","20.000","°C","100.000","%a.s.","22.210","deg","20.000","°C","971.000","hPa","0.826","-0.01532","0.000401","-0.00012","0","11.08","Humid","30.45","0","49.40","253381.74","SABD0002000012","AAV2.0.0.13","4.0.0.2323","PSt7-10","171027-008","9/15/2022 2:43:31 PM","0000-00","0","no battery","V","","µV","","µV"
"10/14/2022","12:29:35","7","default","171425599","OXY_CH7","32.386","min","202.592","μmol/L","Humid","20.765","deg","93868","µV","27.165","°C","1020.000","hPa","36.0","pmil","0","55.700","deg","20.000","°C","100.000","%a.s.","22.210","deg","20.000","°C","971.000","hPa","0.826","-0.01532","0.000401","-0.00012","0","11.08","Humid","30.45","0","49.40","253381.70","SABD0002000012","AAV2.0.0.13","4.0.0.2323","PSt7-10","171027-008","9/15/2022 2:43:31 PM","0000-00","0","no battery","V","","µV","","µV"
"10/14/2022","12:29:36","7","default","171425599","OXY_CH7","32.403","min","202.556","μmol/L","Humid","20.767","deg","93864","µV","27.165","°C","1020.000","hPa","36.0","pmil","0","55.700","deg","20.000","°C","100.000","%a.s.","22.210","deg","20.000","°C","971.000","hPa","0.826","-0.01532","0.000401","-0.00012","0","11.08","Humid","30.45","0","49.40","253375.95","SABD0002000012","AAV2.0.0.13","4.0.0.2323","PSt7-10","171027-008","9/15/2022 2:43:31 PM","0000-00","0","no battery","V","","µV","","µV"
"10/14/2022","12:29:37","7","default","171425599","OXY_CH7","32.419","min","202.535","μmol/L","Humid","20.764","deg","93866","µV","27.178","°C","1020.000","hPa","36.0","pmil","0","55.700","deg","20.000","°C","100.000","%a.s.","22.210","deg","20.000","°C","971.000","hPa","0.826","-0.01532","0.000401","-0.00012","0","11.08","Humid","30.45","0","49.40","253377.11","SABD0002000012","AAV2.0.0.13","4.0.0.2323","PSt7-10","171027-008","9/15/2022 2:43:31 PM","0000-00","0","no battery","V","","µV","","µV"
"10/14/2022","12:29:38","7","default","171425599","OXY_CH7","32.436","min","202.500","μmol/L","Humid","20.768","deg","93871","µV","27.171","°C","1020.000","hPa","36.0","pmil","0","55.700","deg","20.000","°C","100.000","%a.s.","22.210","deg","20.000","°C","971.000","hPa","0.826","-0.01532","0.000401","-0.00012","0","11.08","Humid","30.45","0","49.40","253371.80","SABD0002000012","AAV2.0.0.13","4.0.0.2323","PSt7-10","171027-008","9/15/2022 2:43:31 PM","0000-00","0","no battery","V","","µV","","µV"
"10/14/2022","12:29:39","7","default","171425599","OXY_CH7","32.453","min","202.556","μmol/L","Humid","20.767","deg","93873","µV","27.165","°C","1020.000","hPa","36.0","pmil","0","55.700","deg","20.000","°C","100.000","%a.s.","22.210","deg","20.000","°C","971.000","hPa","0.826","-0.01532","0.000401","-0.00012","0","11.08","Humid","30.45","0","49.40","253378.21","SABD0002000012","AAV2.0.0.13","4.0.0.2323","PSt7-10","171027-008","9/15/2022 2:43:31 PM","0000-00","0","no battery","V","","µV","","µV"
"10/14/2022","12:29:40","7","default","171425599","OXY_CH7","32.470","min","202.574","μmol/L","Humid","20.766","deg","93872","µV","27.165","°C","1020.000","hPa","36.0","pmil","0","55.700","deg","20.000","°C","100.000","%a.s.","22.210","deg","20.000","°C","971.000","hPa","0.826","-0.01532","0.000401","-0.00012","0","11.08","Humid","30.45","0","49.40","253363.43","SABD0002000012","AAV2.0.0.13","4.0.0.2323","PSt7-10","171027-008","9/15/2022 2:43:31 PM","0000-00","0","no battery","V","","µV","","µV"
"10/14/2022","12:29:41","7","default","171425599","OXY_CH7","32.486","min","202.500","μmol/L","Humid","20.768","deg","93875","µV","27.171","°C","1020.000","hPa","36.0","pmil","0","55.700","deg","20.000","°C","100.000","%a.s.","22.210","deg","20.000","°C","971.000","hPa","0.826","-0.01532","0.000401","-0.00012","0","11.08","Humid","30.45","0","49.40","253361.96","SABD0002000012","AAV2.0.0.13","4.0.0.2323","PSt7-10","171027-008","9/15/2022 2:43:31 PM","0000-00","0","no battery","V","","µV","","µV"
"10/14/2022","12:29:42","7","default","171425599","OXY_CH7","32.502","min","202.518","μmol/L","Humid","20.767","deg","93875","µV","27.171","°C","1020.000","hPa","36.0","pmil","0","55.700","deg","20.000","°C","100.000","%a.s.","22.210","deg","20.000","°C","971.000","hPa","0.826","-0.01532","0.000401","-0.00012","0","11.08","Humid","30.45","0","49.40","253355.09","SABD0002000012","AAV2.0.0.13","4.0.0.2323","PSt7-10","171027-008","9/15/2022 2:43:31 PM","0000-00","0","no battery","V","","µV","","µV"
"10/14/2022","12:29:43","7","default","171425599","OXY_CH7","32.519","min","202.483","μmol/L","Humid","20.771","deg","93884","µV","27.165","°C","1020.000","hPa","36.0","pmil","0","55.700","deg","20.000","°C","100.000","%a.s.","22.210","deg","20.000","°C","971.000","hPa","0.826","-0.01532","0.000401","-0.00012","0","11.08","Humid","30.45","0","49.40","253362.94","SABD0002000012","AAV2.0.0.13","4.0.0.2323","PSt7-10","171027-008","9/15/2022 2:43:31 PM","0000-00","0","no battery","V","","µV","","µV"
"10/14/2022","12:29:44","7","default","171425599","OXY_CH7","32.536","min","202.574","μmol/L","Humid","20.766","deg","93883","µV","27.165","°C","1020.000","hPa","36.0","pmil","0","55.700","deg","20.000","°C","100.000","%a.s.","22.210","deg","20.000","°C","971.000","hPa","0.826","-0.01532","0.000401","-0.00012","0","11.08","Humid","30.45","0","49.40","253361.28","SABD0002000012","AAV2.0.0.13","4.0.0.2323","PSt7-10","171027-008","9/15/2022 2:43:31 PM","0000-00","0","no battery","V","","µV","","µV"
"10/14/2022","12:29:45","7","default","171425599","OXY_CH7","32.553","min","202.483","μmol/L","Humid","20.771","deg","93885","µV","27.165","°C","1020.000","hPa","36.0","pmil","0","55.700","deg","20.000","°C","100.000","%a.s.","22.210","deg","20.000","°C","971.000","hPa","0.826","-0.01532","0.000401","-0.00012","0","11.08","Humid","30.45","0","49.40","253367.56","SABD0002000012","AAV2.0.0.13","4.0.0.2323","PSt7-10","171027-008","9/15/2022 2:43:31 PM","0000-00","0","no battery","V","","µV","","µV"
"10/14/2022","12:29:46","7","default","171425599","OXY_CH7","32.570","min","202.538","μmol/L","Humid","20.770","deg","93882","µV","27.159","°C","1020.000","hPa","36.0","pmil","0","55.700","deg","20.000","°C","100.000","%a.s.","22.210","deg","20.000","°C","971.000","hPa","0.826","-0.01532","0.000401","-0.00012","0","11.08","Humid","30.45","0","49.40","253367.51","SABD0002000012","AAV2.0.0.13","4.0.0.2323","PSt7-10","171027-008","9/15/2022 2:43:31 PM","0000-00","0","no battery","V","","µV","","µV"
"10/14/2022","12:29:47","7","default","171425599","OXY_CH7","32.586","min","202.428","μmol/L","Humid","20.772","deg","93892","µV","27.171","°C","1020.000","hPa","36.0","pmil","0","55.700","deg","20.000","°C","100.000","%a.s.","22.210","deg","20.000","°C","971.000","hPa","0.826","-0.01532","0.000401","-0.00012","0","11.08","Humid","30.45","0","49.40","253373.41","SABD0002000012","AAV2.0.0.13","4.0.0.2323","PSt7-10","171027-008","9/15/2022 2:43:31 PM","0000-00","0","no battery","V","","µV","","µV"
"10/14/2022","12:29:48","7","default","171425599","OXY_CH7","32.603","min","202.410","μmol/L","Humid","20.773","deg","93886","µV","27.171","°C","1020.000","hPa","36.0","pmil","0","55.700","deg","20.000","°C","100.000","%a.s.","22.210","deg","20.000","°C","971.000","hPa","0.826","-0.01532","0.000401","-0.00012","0","11.08","Humid","30.45","0","49.40","253368.62","SABD0002000012","AAV2.0.0.13","4.0.0.2323","PSt7-10","171027-008","9/15/2022 2:43:31 PM","0000-00","0","no battery","V","","µV","","µV"
"10/14/2022","12:29:49","7","default","171425599","OXY_CH7","32.620","min","202.447","μmol/L","Humid","20.773","deg","93895","µV","27.165","°C","1020.000","hPa","36.0","pmil","0","55.700","deg","20.000","°C","100.000","%a.s.","22.210","deg","20.000","°C","971.000","hPa","0.826","-0.01532","0.000401","-0.00012","0","11.08","Humid","30.45","0","49.40","253372.83","SABD0002000012","AAV2.0.0.13","4.0.0.2323","PSt7-10","171027-008","9/15/2022 2:43:31 PM","0000-00","0","no battery","V","","µV","","µV"
"10/14/2022","12:29:50","7","default","171425599","OXY_CH7","32.636","min","202.447","μmol/L","Humid","20.773","deg","93893","µV","27.165","°C","1020.000","hPa","36.0","pmil","0","55.700","deg","20.000","°C","100.000","%a.s.","22.210","deg","20.000","°C","971.000","hPa","0.826","-0.01532","0.000401","-0.00012","0","11.08","Humid","30.45","0","49.40","253364.61","SABD0002000012","AAV2.0.0.13","4.0.0.2323","PSt7-10","171027-008","9/15/2022 2:43:31 PM","0000-00","0","no battery","V","","µV","","µV"
"10/14/2022","12:29:51","7","default","171425599","OXY_CH7","32.652","min","202.484","μmol/L","Humid","20.773","deg","93900","µV","27.159","°C","1020.000","hPa","36.0","pmil","0","55.700","deg","20.000","°C","100.000","%a.s.","22.210","deg","20.000","°C","971.000","hPa","0.826","-0.01532","0.000401","-0.00012","0","11.08","Humid","30.45","0","49.40","253365.90","SABD0002000012","AAV2.0.0.13","4.0.0.2323","PSt7-10","171027-008","9/15/2022 2:43:31 PM","0000-00","0","no battery","V","","µV","","µV"
"10/14/2022","12:29:52","7","default","171425599","OXY_CH7","32.669","min","202.484","μmol/L","Humid","20.773","deg","93899","µV","27.159","°C","1020.000","hPa","36.0","pmil","0","55.700","deg","20.000","°C","100.000","%a.s.","22.210","deg","20.000","°C","971.000","hPa","0.826","-0.01532","0.000401","-0.00012","0","11.08","Humid","30.45","0","49.40","253367.67","SABD0002000012","AAV2.0.0.13","4.0.0.2323","PSt7-10","171027-008","9/15/2022 2:43:31 PM","0000-00","0","no battery","V","","µV","","µV"
"10/14/2022","12:29:53","7","default","171425599","OXY_CH7","32.686","min","202.447","μmol/L","Humid","20.773","deg","93903","µV","27.165","°C","1020.000","hPa","36.0","pmil","0","55.700","deg","20.000","°C","100.000","%a.s.","22.210","deg","20.000","°C","971.000","hPa","0.826","-0.01532","0.000401","-0.00012","0","11.08","Humid","30.45","0","49.40","253369.22","SABD0002000012","AAV2.0.0.13","4.0.0.2323","PSt7-10","171027-008","9/15/2022 2:43:31 PM","0000-00","0","no battery","V","","µV","","µV"
"10/14/2022","12:29:54","7","default","171425599","OXY_CH7","32.703","min","202.465","μmol/L","Humid","20.772","deg","93907","µV","27.165","°C","1020.000","hPa","36.0","pmil","0","55.700","deg","20.000","°C","100.000","%a.s.","22.210","deg","20.000","°C","971.000","hPa","0.826","-0.01532","0.000401","-0.00012","0","11.08","Humid","30.45","0","49.40","253363.75","SABD0002000012","AAV2.0.0.13","4.0.0.2323","PSt7-10","171027-008","9/15/2022 2:43:31 PM","0000-00","0","no battery","V","","µV","","µV"
"10/14/2022","12:29:55","7","default","171425599","OXY_CH7","32.720","min","202.466","μmol/L","Humid","20.774","deg","93908","µV","27.159","°C","1020.000","hPa","36.0","pmil","0","55.700","deg","20.000","°C","100.000","%a.s.","22.210","deg","20.000","°C","971.000","hPa","0.826","-0.01532","0.000401","-0.00012","0","11.08","Humid","30.45","0","49.40","253374.41","SABD0002000012","AAV2.0.0.13","4.0.0.2323","PSt7-10","171027-008","9/15/2022 2:43:31 PM","0000-00","0","no battery","V","","µV","","µV"
"10/14/2022","12:29:56","7","default","171425599","OXY_CH7","32.736","min","202.337","μmol/L","Humid","20.777","deg","93907","µV","27.171","°C","1020.000","hPa","36.0","pmil","0","55.700","deg","20.000","°C","100.000","%a.s.","22.210","deg","20.000","°C","971.000","hPa","0.826","-0.01532","0.000401","-0.00012","0","11.08","Humid","30.45","0","49.40","253365.58","SABD0002000012","AAV2.0.0.13","4.0.0.2323","PSt7-10","171027-008","9/15/2022 2:43:31 PM","0000-00","0","no battery","V","","µV","","µV"
"10/14/2022","12:29:57","7","default","171425599","OXY_CH7","32.753","min","202.375","μmol/L","Humid","20.779","deg","93907","µV","27.159","°C","1020.000","hPa","36.0","pmil","0","55.700","deg","20.000","°C","100.000","%a.s.","22.210","deg","20.000","°C","971.000","hPa","0.826","-0.01532","0.000401","-0.00012","0","11.08","Humid","30.45","0","49.40","253380.78","SABD0002000012","AAV2.0.0.13","4.0.0.2323","PSt7-10","171027-008","9/15/2022 2:43:31 PM","0000-00","0","no battery","V","","µV","","µV"
"10/14/2022","12:29:58","7","default","171425599","OXY_CH7","32.770","min","202.374","μmol/L","Humid","20.777","deg","93907","µV","27.165","°C","1020.000","hPa","36.0","pmil","0","55.700","deg","20.000","°C","100.000","%a.s.","22.210","deg","20.000","°C","971.000","hPa","0.826","-0.01532","0.000401","-0.00012","0","11.08","Humid","30.45","0","49.40","253361.67","SABD0002000012","AAV2.0.0.13","4.0.0.2323","PSt7-10","171027-008","9/15/2022 2:43:31 PM","0000-00","0","no battery","V","","µV","","µV"
"10/14/2022","12:29:59","7","default","171425599","OXY_CH7","32.786","min","202.320","μmol/L","Humid","20.780","deg","93910","µV","27.165","°C","1020.000","hPa","36.0","pmil","0","55.700","deg","20.000","°C","100.000","%a.s.","22.210","deg","20.000","°C","971.000","hPa","0.826","-0.01532","0.000401","-0.00012","0","11.08","Humid","30.45","0","49.40","253348.28","SABD0002000012","AAV2.0.0.13","4.0.0.2323","PSt7-10","171027-008","9/15/2022 2:43:31 PM","0000-00","0","no battery","V","","µV","","µV"
"10/14/2022","12:30:00","7","default","171425599","OXY_CH7","32.802","min","202.320","μmol/L","Humid","20.780","deg","93907","µV","27.165","°C","1020.000","hPa","36.0","pmil","0","55.700","deg","20.000","°C","100.000","%a.s.","22.210","deg","20.000","°C","971.000","hPa","0.826","-0.01532","0.000401","-0.00012","0","11.08","Humid","30.45","0","49.40","253354.32","SABD0002000012","AAV2.0.0.13","4.0.0.2323","PSt7-10","171027-008","9/15/2022 2:43:31 PM","0000-00","0","no battery","V","","µV","","µV"
"10/14/2022","12:30:01","7","default","171425599","OXY_CH7","32.819","min","202.338","μmol/L","Humid","20.779","deg","93912","µV","27.165","°C","1020.000","hPa","36.0","pmil","0","55.700","deg","20.000","°C","100.000","%a.s.","22.210","deg","20.000","°C","971.000","hPa","0.826","-0.01532","0.000401","-0.00012","0","11.08","Humid","30.45","0","49.40","253345.10","SABD0002000012","AAV2.0.0.13","4.0.0.2323","PSt7-10","171027-008","9/15/2022 2:43:31 PM","0000-00","0","no battery","V","","µV","","µV"
"10/14/2022","12:30:02","7","default","171425599","OXY_CH7","32.836","min","202.302","μmol/L","Humid","20.781","deg","93924","µV","27.165","°C","1020.000","hPa","36.0","pmil","0","55.700","deg","20.000","°C","100.000","%a.s.","22.210","deg","20.000","°C","971.000","hPa","0.826","-0.01532","0.000401","-0.00012","0","11.08","Humid","30.45","0","49.40","253368.11","SABD0002000012","AAV2.0.0.13","4.0.0.2323","PSt7-10","171027-008","9/15/2022 2:43:31 PM","0000-00","0","no battery","V","","µV","","µV"
"10/14/2022","12:30:03","7","default","171425599","OXY_CH7","32.853","min","202.285","μmol/L","Humid","20.784","deg","93916","µV","27.159","°C","1020.000","hPa","36.0","pmil","0","55.700","deg","20.000","°C","100.000","%a.s.","22.210","deg","20.000","°C","971.000","hPa","0.826","-0.01532","0.000401","-0.00012","0","11.08","Humid","30.45","0","49.40","253372.40","SABD0002000012","AAV2.0.0.13","4.0.0.2323","PSt7-10","171027-008","9/15/2022 2:43:31 PM","0000-00","0","no battery","V","","µV","","µV"
"10/14/2022","12:30:04","7","default","171425599","OXY_CH7","32.870","min","202.265","μmol/L","Humid","20.781","deg","93918","µV","27.171","°C","1020.000","hPa","36.0","pmil","0","55.700","deg","20.000","°C","100.000","%a.s.","22.210","deg","20.000","°C","971.000","hPa","0.826","-0.01532","0.000401","-0.00012","0","11.08","Humid","30.45","0","49.40","253366.24","SABD0002000012","AAV2.0.0.13","4.0.0.2323","PSt7-10","171027-008","9/15/2022 2:43:31 PM","0000-00","0","no battery","V","","µV","","µV"
"10/14/2022","12:30:05","7","default","171425599","OXY_CH7","32.886","min","202.339","μmol/L","Humid","20.781","deg","93918","µV","27.159","°C","1020.000","hPa","36.0","pmil","0","55.700","deg","20.000","°C","100.000","%a.s.","22.210","deg","20.000","°C","971.000","hPa","0.826","-0.01532","0.000401","-0.00012","0","11.08","Humid","30.45","0","49.40","253360.52","SABD0002000012","AAV2.0.0.13","4.0.0.2323","PSt7-10","171027-008","9/15/2022 2:43:31 PM","0000-00","0","no battery","V","","µV","","µV"
"10/14/2022","12:30:06","7","default","171425599","OXY_CH7","32.903","min","202.357","μmol/L","Humid","20.780","deg","93928","µV","27.159","°C","1020.000","hPa","36.0","pmil","0","55.700","deg","20.000","°C","100.000","%a.s.","22.210","deg","20.000","°C","971.000","hPa","0.826","-0.01532","0.000401","-0.00012","0","11.08","Humid","30.45","0","49.40","253353.26","SABD0002000012","AAV2.0.0.13","4.0.0.2323","PSt7-10","171027-008","9/15/2022 2:43:31 PM","0000-00","0","no battery","V","","µV","","µV"
"10/14/2022","12:30:07","7","default","171425599","OXY_CH7","32.919","min","202.193","μmol/L","Humid","20.787","deg","93927","µV","27.165","°C","1020.000","hPa","36.0","pmil","0","55.700","deg","20.000","°C","100.000","%a.s.","22.210","deg","20.000","°C","971.000","hPa","0.826","-0.01532","0.000401","-0.00012","0","11.08","Humid","30.45","0","49.40","253352.92","SABD0002000012","AAV2.0.0.13","4.0.0.2323","PSt7-10","171027-008","9/15/2022 2:43:31 PM","0000-00","0","no battery","V","","µV","","µV"
"10/14/2022","12:30:08","7","default","171425599","OXY_CH7","32.936","min","202.230","μmol/L","Humid","20.785","deg","93927","µV","27.165","°C","1020.000","hPa","36.0","pmil","0","55.700","deg","20.000","°C","100.000","%a.s.","22.210","deg","20.000","°C","971.000","hPa","0.826","-0.01532","0.000401","-0.00012","0","11.08","Humid","30.45","0","49.40","253357.01","SABD0002000012","AAV2.0.0.13","4.0.0.2323","PSt7-10","171027-008","9/15/2022 2:43:31 PM","0000-00","0","no battery","V","","µV","","µV"
"10/14/2022","12:30:09","7","default","171425599","OXY_CH7","32.953","min","202.285","μmol/L","Humid","20.784","deg","93933","µV","27.159","°C","1020.000","hPa","36.0","pmil","0","55.700","deg","20.000","°C","100.000","%a.s.","22.210","deg","20.000","°C","971.000","hPa","0.826","-0.01532","0.000401","-0.00012","0","11.08","Humid","30.45","0","49.40","253364.39","SABD0002000012","AAV2.0.0.13","4.0.0.2323","PSt7-10","171027-008","9/15/2022 2:43:31 PM","0000-00","0","no battery","V","","µV","","µV"
"10/14/2022","12:30:10","7","default","171425599","OXY_CH7","32.969","min","202.175","μmol/L","Humid","20.788","deg","93933","µV","27.165","°C","1020.000","hPa","36.0","pmil","0","55.700","deg","20.000","°C","100.000","%a.s.","22.210","deg","20.000","°C","971.000","hPa","0.826","-0.01532","0.000401","-0.00012","0","11.08","Humid","30.45","0","49.40","253354.72","SABD0002000012","AAV2.0.0.13","4.0.0.2323","PSt7-10","171027-008","9/15/2022 2:43:31 PM","0000-00","0","no battery","V","","µV","","µV"
"10/14/2022","12:30:11","7","default","171425599","OXY_CH7","32.986","min","202.211","μmol/L","Humid","20.784","deg","93936","µV","27.171","°C","1020.000","hPa","36.0","pmil","0","55.700","deg","20.000","°C","100.000","%a.s.","22.210","deg","20.000","°C","971.000","hPa","0.826","-0.01532","0.000401","-0.00012","0","11.08","Humid","30.45","0","49.40","253350.70","SABD0002000012","AAV2.0.0.13","4.0.0.2323","PSt7-10","171027-008","9/15/2022 2:43:31 PM","0000-00","0","no battery","V","","µV","","µV"
"10/14/2022","12:30:12","7","default","171425599","OXY_CH7","33.003","min","202.230","μmol/L","Humid","20.785","deg","93938","µV","27.165","°C","1020.000","hPa","36.0","pmil","0","55.700","deg","20.000","°C","100.000","%a.s.","22.210","deg","20.000","°C","971.000","hPa","0.826","-0.01532","0.000401","-0.00012","0","11.08","Humid","30.45","0","49.40","253350.62","SABD0002000012","AAV2.0.0.13","4.0.0.2323","PSt7-10","171027-008","9/15/2022 2:43:31 PM","0000-00","0","no battery","V","","µV","","µV"
"10/14/2022","12:30:13","7","default","171425599","OXY_CH7","33.020","min","202.230","μmol/L","Humid","20.785","deg","93942","µV","27.165","°C","1020.000","hPa","36.0","pmil","0","55.700","deg","20.000","°C","100.000","%a.s.","22.210","deg","20.000","°C","971.000","hPa","0.826","-0.01532","0.000401","-0.00012","0","11.08","Humid","30.45","0","49.40","253372.22","SABD0002000012","AAV2.0.0.13","4.0.0.2323","PSt7-10","171027-008","9/15/2022 2:43:31 PM","0000-00","0","no battery","V","","µV","","µV"
"10/14/2022","12:30:14","7","default","171425599","OXY_CH7","33.036","min","202.248","μmol/L","Humid","20.784","deg","93939","µV","27.165","°C","1020.000","hPa","36.0","pmil","0","55.700","deg","20.000","°C","100.000","%a.s.","22.210","deg","20.000","°C","971.000","hPa","0.826","-0.01532","0.000401","-0.00012","0","11.08","Humid","30.45","0","49.40","253352.33","SABD0002000012","AAV2.0.0.13","4.0.0.2323","PSt7-10","171027-008","9/15/2022 2:43:31 PM","0000-00","0","no battery","V","","µV","","µV"
"10/14/2022","12:30:15","7","default","171425599","OXY_CH7","33.053","min","202.211","μmol/L","Humid","20.784","deg","93941","µV","27.171","°C","1020.000","hPa","36.0","pmil","0","55.700","deg","20.000","°C","100.000","%a.s.","22.210","deg","20.000","°C","971.000","hPa","0.826","-0.01532","0.000401","-0.00012","0","11.08","Humid","30.45","0","49.40","253342.89","SABD0002000012","AAV2.0.0.13","4.0.0.2323","PSt7-10","171027-008","9/15/2022 2:43:31 PM","0000-00","0","no battery","V","","µV","","µV"
"10/14/2022","12:30:16","7","default","171425599","OXY_CH7","33.069","min","202.249","μmol/L","Humid","20.786","deg","93941","µV","27.159","°C","1020.000","hPa","36.0","pmil","0","55.700","deg","20.000","°C","100.000","%a.s.","22.210","deg","20.000","°C","971.000","hPa","0.826","-0.01532","0.000401","-0.00012","0","11.08","Humid","30.45","0","49.40","253359.70","SABD0002000012","AAV2.0.0.13","4.0.0.2323","PSt7-10","171027-008","9/15/2022 2:43:31 PM","0000-00","0","no battery","V","","µV","","µV"
"10/14/2022","12:30:17","7","default","171425599","OXY_CH7","33.086","min","202.212","μmol/L","Humid","20.786","deg","93942","µV","27.165","°C","1020.000","hPa","36.0","pmil","0","55.700","deg","20.000","°C","100.000","%a.s.","22.210","deg","20.000","°C","971.000","hPa","0.826","-0.01532","0.000401","-0.00012","0","11.08","Humid","30.45","0","49.40","253362.68","SABD0002000012","AAV2.0.0.13","4.0.0.2323","PSt7-10","171027-008","9/15/2022 2:43:31 PM","0000-00","0","no battery","V","","µV","","µV"
"10/14/2022","12:30:18","7","default","171425599","OXY_CH7","33.103","min","202.230","μmol/L","Humid","20.785","deg","93942","µV","27.165","°C","1020.000","hPa","36.0","pmil","0","55.700","deg","20.000","°C","100.000","%a.s.","22.210","deg","20.000","°C","971.000","hPa","0.826","-0.01532","0.000401","-0.00012","0","11.08","Humid","30.45","0","49.40","253344.19","SABD0002000012","AAV2.0.0.13","4.0.0.2323","PSt7-10","171027-008","9/15/2022 2:43:31 PM","0000-00","0","no battery","V","","µV","","µV"
"10/14/2022","12:30:19","7","default","171425599","OXY_CH7","33.119","min","202.249","μmol/L","Humid","20.786","deg","93944","µV","27.159","°C","1020.000","hPa","36.0","pmil","0","55.700","deg","20.000","°C","100.000","%a.s.","22.210","deg","20.000","°C","971.000","hPa","0.826","-0.01532","0.000401","-0.00012","0","11.08","Humid","30.45","0","49.40","253364.55","SABD0002000012","AAV2.0.0.13","4.0.0.2323","PSt7-10","171027-008","9/15/2022 2:43:31 PM","0000-00","0","no battery","V","","µV","","µV"
"10/14/2022","12:30:20","7","default","171425599","OXY_CH7","33.136","min","202.230","μmol/L","Humid","20.785","deg","93945","µV","27.165","°C","1020.000","hPa","36.0","pmil","0","55.700","deg","20.000","°C","100.000","%a.s.","22.210","deg","20.000","°C","971.000","hPa","0.826","-0.01532","0.000401","-0.00012","0","11.08","Humid","30.45","0","49.40","253346.59","SABD0002000012","AAV2.0.0.13","4.0.0.2323","PSt7-10","171027-008","9/15/2022 2:43:31 PM","0000-00","0","no battery","V","","µV","","µV"
"10/14/2022","12:30:21","7","default","171425599","OXY_CH7","33.153","min","202.249","μmol/L","Humid","20.786","deg","93948","µV","27.159","°C","1020.000","hPa","36.0","pmil","0","55.700","deg","20.000","°C","100.000","%a.s.","22.210","deg","20.000","°C","971.000","hPa","0.826","-0.01532","0.000401","-0.00012","0","11.08","Humid","30.45","0","49.40","253353.57","SABD0002000012","AAV2.0.0.13","4.0.0.2323","PSt7-10","171027-008","9/15/2022 2:43:31 PM","0000-00","0","no battery","V","","µV","","µV"
"10/14/2022","12:30:22","7","default","171425599","OXY_CH7","33.170","min","202.103","μmol/L","Humid","20.792","deg","93958","µV","27.165","°C","1020.000","hPa","36.0","pmil","0","55.700","deg","20.000","°C","100.000","%a.s.","22.210","deg","20.000","°C","971.000","hPa","0.826","-0.01532","0.000401","-0.00012","0","11.08","Humid","30.45","0","49.40","253364.78","SABD0002000012","AAV2.0.0.13","4.0.0.2323","PSt7-10","171027-008","9/15/2022 2:43:31 PM","0000-00","0","no battery","V","","µV","","µV"
"10/14/2022","12:30:23","7","default","171425599","OXY_CH7","33.186","min","202.157","μmol/L","Humid","20.789","deg","93946","µV","27.165","°C","1020.000","hPa","36.0","pmil","0","55.700","deg","20.000","°C","100.000","%a.s.","22.210","deg","20.000","°C","971.000","hPa","0.826","-0.01532","0.000401","-0.00012","0","11.08","Humid","30.45","0","49.40","253351.07","SABD0002000012","AAV2.0.0.13","4.0.0.2323","PSt7-10","171027-008","9/15/2022 2:43:31 PM","0000-00","0","no battery","V","","µV","","µV"
"10/14/2022","12:30:24","7","default","171425599","OXY_CH7","33.203","min","202.122","μmol/L","Humid","20.793","deg","93959","µV","27.159","°C","1020.000","hPa","36.0","pmil","0","55.700","deg","20.000","°C","100.000","%a.s.","22.210","deg","20.000","°C","971.000","hPa","0.826","-0.01532","0.000401","-0.00012","0","11.08","Humid","30.45","0","49.40","253349.92","SABD0002000012","AAV2.0.0.13","4.0.0.2323","PSt7-10","171027-008","9/15/2022 2:43:31 PM","0000-00","0","no battery","V","","µV","","µV"
"10/14/2022","12:30:25","7","default","171425599","OXY_CH7","33.220","min","202.139","μmol/L","Humid","20.790","deg","93952","µV","27.165","°C","1020.000","hPa","36.0","pmil","0","55.700","deg","20.000","°C","100.000","%a.s.","22.210","deg","20.000","°C","971.000","hPa","0.826","-0.01532","0.000401","-0.00012","0","11.08","Humid","30.45","0","49.40","253354.81","SABD0002000012","AAV2.0.0.13","4.0.0.2323","PSt7-10","171027-008","9/15/2022 2:43:31 PM","0000-00","0","no battery","V","","µV","","µV"
"10/14/2022","12:30:26","7","default","171425599","OXY_CH7","33.236","min","202.194","μmol/L","Humid","20.789","deg","93957","µV","27.159","°C","1020.000","hPa","36.0","pmil","0","55.700","deg","20.000","°C","100.000","%a.s.","22.210","deg","20.000","°C","971.000","hPa","0.826","-0.01532","0.000401","-0.00012","0","11.08","Humid","30.45","0","49.40","253358.73","SABD0002000012","AAV2.0.0.13","4.0.0.2323","PSt7-10","171027-008","9/15/2022 2:43:31 PM","0000-00","0","no battery","V","","µV","","µV"
"10/14/2022","12:30:27","7","default","171425599","OXY_CH7","33.252","min","202.177","μmol/L","Humid","20.792","deg","93958","µV","27.153","°C","1020.000","hPa","36.0","pmil","0","55.700","deg","20.000","°C","100.000","%a.s.","22.210","deg","20.000","°C","971.000","hPa","0.826","-0.01532","0.000401","-0.00012","0","11.08","Humid","30.45","0","49.40","253349.05","SABD0002000012","AAV2.0.0.13","4.0.0.2323","PSt7-10","171027-008","9/15/2022 2:43:31 PM","0000-00","0","no battery","V","","µV","","µV"
"10/14/2022","12:30:28","7","default","171425599","OXY_CH7","33.269","min","202.066","μmol/L","Humid","20.792","deg","93960","µV","27.171","°C","1020.000","hPa","36.0","pmil","0","55.700","deg","20.000","°C","100.000","%a.s.","22.210","deg","20.000","°C","971.000","hPa","0.826","-0.01532","0.000401","-0.00012","0","11.08","Humid","30.45","0","49.40","253337.02","SABD0002000012","AAV2.0.0.13","4.0.0.2323","PSt7-10","171027-008","9/15/2022 2:43:31 PM","0000-00","0","no battery","V","","µV","","µV"
"10/14/2022","12:30:29","7","default","171425599","OXY_CH7","33.286","min","202.066","μmol/L","Humid","20.792","deg","93964","µV","27.171","°C","1020.000","hPa","36.0","pmil","0","55.700","deg","20.000","°C","100.000","%a.s.","22.210","deg","20.000","°C","971.000","hPa","0.826","-0.01532","0.000401","-0.00012","0","11.08","Humid","30.45","0","49.40","253354.57","SABD0002000012","AAV2.0.0.13","4.0.0.2323","PSt7-10","171027-008","9/15/2022 2:43:31 PM","0000-00","0","no battery","V","","µV","","µV"
"10/14/2022","12:30:30","7","default","171425599","OXY_CH7","33.303","min","202.121","μmol/L","Humid","20.791","deg","93967","µV","27.165","°C","1020.000","hPa","36.0","pmil","0","55.700","deg","20.000","°C","100.000","%a.s.","22.210","deg","20.000","°C","971.000","hPa","0.826","-0.01532","0.000401","-0.00012","0","11.08","Humid","30.45","0","49.40","253352.84","SABD0002000012","AAV2.0.0.13","4.0.0.2323","PSt7-10","171027-008","9/15/2022 2:43:31 PM","0000-00","0","no battery","V","","µV","","µV"
"10/14/2022","12:30:31","7","default","171425599","OXY_CH7","33.319","min","202.122","μmol/L","Humid","20.793","deg","93961","µV","27.159","°C","1020.000","hPa","36.0","pmil","0","55.700","deg","20.000","°C","100.000","%a.s.","22.210","deg","20.000","°C","971.000","hPa","0.826","-0.01532","0.000401","-0.00012","0","11.08","Humid","30.45","0","49.40","253356.13","SABD0002000012","AAV2.0.0.13","4.0.0.2323","PSt7-10","171027-008","9/15/2022 2:43:31 PM","0000-00","0","no battery","V","","µV","","µV"
"10/14/2022","12:30:32","7","default","171425599","OXY_CH7","33.336","min","202.030","μmol/L","Humid","20.794","deg","93974","µV","27.171","°C","1020.000","hPa","36.0","pmil","0","55.700","deg","20.000","°C","100.000","%a.s.","22.210","deg","20.000","°C","971.000","hPa","0.826","-0.01532","0.000401","-0.00012","0","11.08","Humid","30.45","0","49.40","253356.30","SABD0002000012","AAV2.0.0.13","4.0.0.2323","PSt7-10","171027-008","9/15/2022 2:43:31 PM","0000-00","0","no battery","V","","µV","","µV"
"10/14/2022","12:30:33","7","default","171425599","OXY_CH7","33.353","min","202.067","μmol/L","Humid","20.794","deg","93972","µV","27.165","°C","1020.000","hPa","36.0","pmil","0","55.700","deg","20.000","°C","100.000","%a.s.","22.210","deg","20.000","°C","971.000","hPa","0.826","-0.01532","0.000401","-0.00012","0","11.08","Humid","30.45","0","49.40","253349.93","SABD0002000012","AAV2.0.0.13","4.0.0.2323","PSt7-10","171027-008","9/15/2022 2:43:31 PM","0000-00","0","no battery","V","","µV","","µV"
"10/14/2022","12:30:34","7","default","171425599","OXY_CH7","33.370","min","202.031","μmol/L","Humid","20.796","deg","93975","µV","27.165","°C","1020.000","hPa","36.0","pmil","0","55.700","deg","20.000","°C","100.000","%a.s.","22.210","deg","20.000","°C","971.000","hPa","0.826","-0.01532","0.000401","-0.00012","0","11.08","Humid","30.45","0","49.40","253348.32","SABD0002000012","AAV2.0.0.13","4.0.0.2323","PSt7-10","171027-008","9/15/2022 2:43:31 PM","0000-00","0","no battery","V","","µV","","µV"
"10/14/2022","12:30:35","7","default","171425599","OXY_CH7","33.386","min","202.013","μmol/L","Humid","20.797","deg","93976","µV","27.165","°C","1020.000","hPa","36.0","pmil","0","55.700","deg","20.000","°C","100.000","%a.s.","22.210","deg","20.000","°C","971.000","hPa","0.826","-0.01532","0.000401","-0.00012","0","11.08","Humid","30.45","0","49.40","253361.22","SABD0002000012","AAV2.0.0.13","4.0.0.2323","PSt7-10","171027-008","9/15/2022 2:43:31 PM","0000-00","0","no battery","V","","µV","","µV"
"10/14/2022","12:30:36","7","default","171425599","OXY_CH7","33.403","min","201.995","μmol/L","Humid","20.798","deg","93978","µV","27.165","°C","1020.000","hPa","36.0","pmil","0","55.700","deg","20.000","°C","100.000","%a.s.","22.210","deg","20.000","°C","971.000","hPa","0.826","-0.01532","0.000401","-0.00012","0","11.08","Humid","30.45","0","49.40","253346.41","SABD0002000012","AAV2.0.0.13","4.0.0.2323","PSt7-10","171027-008","9/15/2022 2:43:31 PM","0000-00","0","no battery","V","","µV","","µV"
"10/14/2022","12:30:37","7","default","171425599","OXY_CH7","33.419","min","202.068","μmol/L","Humid","20.796","deg","93979","µV","27.159","°C","1020.000","hPa","36.0","pmil","0","55.700","deg","20.000","°C","100.000","%a.s.","22.210","deg","20.000","°C","971.000","hPa","0.826","-0.01532","0.000401","-0.00012","0","11.08","Humid","30.45","0","49.40","253342.82","SABD0002000012","AAV2.0.0.13","4.0.0.2323","PSt7-10","171027-008","9/15/2022 2:43:31 PM","0000-00","0","no battery","V","","µV","","µV"
"10/14/2022","12:30:38","7","default","171425599","OXY_CH7","33.436","min","201.977","μmol/L","Humid","20.799","deg","93982","µV","27.165","°C","1020.000","hPa","36.0","pmil","0","55.700","deg","20.000","°C","100.000","%a.s.","22.210","deg","20.000","°C","971.000","hPa","0.826","-0.01532","0.000401","-0.00012","0","11.08","Humid","30.45","0","49.40","253353.78","SABD0002000012","AAV2.0.0.13","4.0.0.2323","PSt7-10","171027-008","9/15/2022 2:43:31 PM","0000-00","0","no battery","V","","µV","","µV"
"10/14/2022","12:30:39","7","default","171425599","OXY_CH7","33.453","min","202.032","μmol/L","Humid","20.798","deg","93974","µV","27.159","°C","1020.000","hPa","36.0","pmil","0","55.700","deg","20.000","°C","100.000","%a.s.","22.210","deg","20.000","°C","971.000","hPa","0.826","-0.01532","0.000401","-0.00012","0","11.08","Humid","30.45","0","49.40","253342.83","SABD0002000012","AAV2.0.0.13","4.0.0.2323","PSt7-10","171027-008","9/15/2022 2:43:31 PM","0000-00","0","no battery","V","","µV","","µV"
"10/14/2022","12:30:40","7","default","171425599","OXY_CH7","33.469","min","202.014","μmol/L","Humid","20.799","deg","93981","µV","27.159","°C","1020.000","hPa","36.0","pmil","0","55.700","deg","20.000","°C","100.000","%a.s.","22.210","deg","20.000","°C","971.000","hPa","0.826","-0.01532","0.000401","-0.00012","0","11.08","Humid","30.45","0","49.40","253340.21","SABD0002000012","AAV2.0.0.13","4.0.0.2323","PSt7-10","171027-008","9/15/2022 2:43:31 PM","0000-00","0","no battery","V","","µV","","µV"
"10/14/2022","12:30:41","7","default","171425599","OXY_CH7","33.486","min","202.031","μmol/L","Humid","20.796","deg","93982","µV","27.165","°C","1020.000","hPa","36.0","pmil","0","55.700","deg","20.000","°C","100.000","%a.s.","22.210","deg","20.000","°C","971.000","hPa","0.826","-0.01532","0.000401","-0.00012","0","11.08","Humid","30.45","0","49.40","253356.85","SABD0002000012","AAV2.0.0.13","4.0.0.2323","PSt7-10","171027-008","9/15/2022 2:43:31 PM","0000-00","0","no battery","V","","µV","","µV"
"10/14/2022","12:30:42","7","default","171425599","OXY_CH7","33.503","min","202.013","μmol/L","Humid","20.797","deg","93987","µV","27.165","°C","1020.000","hPa","36.0","pmil","0","55.700","deg","20.000","°C","100.000","%a.s.","22.210","deg","20.000","°C","971.000","hPa","0.826","-0.01532","0.000401","-0.00012","0","11.08","Humid","30.45","0","49.40","253346.85","SABD0002000012","AAV2.0.0.13","4.0.0.2323","PSt7-10","171027-008","9/15/2022 2:43:31 PM","0000-00","0","no battery","V","","µV","","µV"
"10/14/2022","12:30:43","7","default","171425599","OXY_CH7","33.519","min","202.014","μmol/L","Humid","20.799","deg","93987","µV","27.159","°C","1020.000","hPa","36.0","pmil","0","55.700","deg","20.000","°C","100.000","%a.s.","22.210","deg","20.000","°C","971.000","hPa","0.826","-0.01532","0.000401","-0.00012","0","11.08","Humid","30.45","0","49.40","253357.40","SABD0002000012","AAV2.0.0.13","4.0.0.2323","PSt7-10","171027-008","9/15/2022 2:43:31 PM","0000-00","0","no battery","V","","µV","","µV"
"10/14/2022","12:30:44","7","default","171425599","OXY_CH7","33.536","min","201.977","μmol/L","Humid","20.799","deg","93985","µV","27.165","°C","1020.000","hPa","36.0","pmil","0","55.700","deg","20.000","°C","100.000","%a.s.","22.210","deg","20.000","°C","971.000","hPa","0.826","-0.01532","0.000401","-0.00012","0","11.08","Humid","30.45","0","49.40","253351.58","SABD0002000012","AAV2.0.0.13","4.0.0.2323","PSt7-10","171027-008","9/15/2022 2:43:31 PM","0000-00","0","no battery","V","","µV","","µV"
"10/14/2022","12:30:45","7","default","171425599","OXY_CH7","33.553","min","201.959","μmol/L","Humid","20.800","deg","93997","µV","27.165","°C","1020.000","hPa","36.0","pmil","0","55.700","deg","20.000","°C","100.000","%a.s.","22.210","deg","20.000","°C","971.000","hPa","0.826","-0.01532","0.000401","-0.00012","0","11.08","Humid","30.45","0","49.40","253347.21","SABD0002000012","AAV2.0.0.13","4.0.0.2323","PSt7-10","171027-008","9/15/2022 2:43:31 PM","0000-00","0","no battery","V","","µV","","µV"
"10/14/2022","12:30:46","7","default","171425599","OXY_CH7","33.570","min","201.943","μmol/L","Humid","20.805","deg","93992","µV","27.153","°C","1020.000","hPa","36.0","pmil","0","55.700","deg","20.000","°C","100.000","%a.s.","22.210","deg","20.000","°C","971.000","hPa","0.826","-0.01532","0.000401","-0.00012","0","11.08","Humid","30.45","0","49.40","253342.21","SABD0002000012","AAV2.0.0.13","4.0.0.2323","PSt7-10","171027-008","9/15/2022 2:43:31 PM","0000-00","0","no battery","V","","µV","","µV"
"10/14/2022","12:30:47","7","default","171425599","OXY_CH7","33.586","min","201.941","μmol/L","Humid","20.801","deg","93992","µV","27.165","°C","1020.000","hPa","36.0","pmil","0","55.700","deg","20.000","°C","100.000","%a.s.","22.210","deg","20.000","°C","971.000","hPa","0.826","-0.01532","0.000401","-0.00012","0","11.08","Humid","30.45","0","49.40","253343.12","SABD0002000012","AAV2.0.0.13","4.0.0.2323","PSt7-10","171027-008","9/15/2022 2:43:31 PM","0000-00","0","no battery","V","","µV","","µV"
"10/14/2022","12:30:48","7","default","171425599","OXY_CH7","33.603","min","201.904","μmol/L","Humid","20.803","deg","93997","µV","27.165","°C","1020.000","hPa","36.0","pmil","0","55.700","deg","20.000","°C","100.000","%a.s.","22.210","deg","20.000","°C","971.000","hPa","0.826","-0.01532","0.000401","-0.00012","0","11.08","Humid","30.45","0","49.40","253344.30","SABD0002000012","AAV2.0.0.13","4.0.0.2323","PSt7-10","171027-008","9/15/2022 2:43:31 PM","0000-00","0","no battery","V","","µV","","µV"
"10/14/2022","12:30:49","7","default","171425599","OXY_CH7","33.619","min","201.921","μmol/L","Humid","20.800","deg","94001","µV","27.171","°C","1020.000","hPa","36.0","pmil","0","55.700","deg","20.000","°C","100.000","%a.s.","22.210","deg","20.000","°C","971.000","hPa","0.826","-0.01532","0.000401","-0.00012","0","11.08","Humid","30.45","0","49.40","253341.85","SABD0002000012","AAV2.0.0.13","4.0.0.2323","PSt7-10","171027-008","9/15/2022 2:43:31 PM","0000-00","0","no battery","V","","µV","","µV"
"10/14/2022","12:30:50","7","default","171425599","OXY_CH7","33.636","min","201.886","μmol/L","Humid","20.804","deg","94001","µV","27.165","°C","1020.000","hPa","36.0","pmil","0","55.700","deg","20.000","°C","100.000","%a.s.","22.210","deg","20.000","°C","971.000","hPa","0.826","-0.01532","0.000401","-0.00012","0","11.08","Humid","30.45","0","49.40","253340.85","SABD0002000012","AAV2.0.0.13","4.0.0.2323","PSt7-10","171027-008","9/15/2022 2:43:31 PM","0000-00","0","no battery","V","","µV","","µV"
"10/14/2022","12:30:51","7","default","171425599","OXY_CH7","33.653","min","201.904","μmol/L","Humid","20.803","deg","93999","µV","27.165","°C","1020.000","hPa","36.0","pmil","0","55.700","deg","20.000","°C","100.000","%a.s.","22.210","deg","20.000","°C","971.000","hPa","0.826","-0.01532","0.000401","-0.00012","0","11.08","Humid","30.45","0","49.40","253330.48","SABD0002000012","AAV2.0.0.13","4.0.0.2323","PSt7-10","171027-008","9/15/2022 2:43:31 PM","0000-00","0","no battery","V","","µV","","µV"
"10/14/2022","12:30:52","7","default","171425599","OXY_CH7","33.669","min","201.868","μmol/L","Humid","20.805","deg","94005","µV","27.165","°C","1020.000","hPa","36.0","pmil","0","55.700","deg","20.000","°C","100.000","%a.s.","22.210","deg","20.000","°C","971.000","hPa","0.826","-0.01532","0.000401","-0.00012","0","11.08","Humid","30.45","0","49.40","253331.40","SABD0002000012","AAV2.0.0.13","4.0.0.2323","PSt7-10","171027-008","9/15/2022 2:43:31 PM","0000-00","0","no battery","V","","µV","","µV"
"10/14/2022","12:30:53","7","default","171425599","OXY_CH7","33.686","min","201.832","μmol/L","Humid","20.807","deg","93998","µV","27.165","°C","1020.000","hPa","36.0","pmil","0","55.700","deg","20.000","°C","100.000","%a.s.","22.210","deg","20.000","°C","971.000","hPa","0.826","-0.01532","0.000401","-0.00012","0","11.08","Humid","30.45","0","49.40","253334.61","SABD0002000012","AAV2.0.0.13","4.0.0.2323","PSt7-10","171027-008","9/15/2022 2:43:31 PM","0000-00","0","no battery","V","","µV","","µV"
"10/14/2022","12:30:54","7","default","171425599","OXY_CH7","33.703","min","201.868","μmol/L","Humid","20.805","deg","94008","µV","27.165","°C","1020.000","hPa","36.0","pmil","0","55.700","deg","20.000","°C","100.000","%a.s.","22.210","deg","20.000","°C","971.000","hPa","0.826","-0.01532","0.000401","-0.00012","0","11.08","Humid","30.45","0","49.40","253329.23","SABD0002000012","AAV2.0.0.13","4.0.0.2323","PSt7-10","171027-008","9/15/2022 2:43:31 PM","0000-00","0","no battery","V","","µV","","µV"
"10/14/2022","12:30:55","7","default","171425599","OXY_CH7","33.720","min","201.742","μmol/L","Humid","20.812","deg","94014","µV","27.165","°C","1020.000","hPa","36.0","pmil","0","55.700","deg","20.000","°C","100.000","%a.s.","22.210","deg","20.000","°C","971.000","hPa","0.826","-0.01532","0.000401","-0.00012","0","11.08","Humid","30.45","0","49.40","253351.47","SABD0002000012","AAV2.0.0.13","4.0.0.2323","PSt7-10","171027-008","9/15/2022 2:43:31 PM","0000-00","0","no battery","V","","µV","","µV"
"10/14/2022","12:30:56","7","default","171425599","OXY_CH7","33.736","min","201.832","μmol/L","Humid","20.807","deg","94018","µV","27.165","°C","1020.000","hPa","36.0","pmil","0","55.700","deg","20.000","°C","100.000","%a.s.","22.210","deg","20.000","°C","971.000","hPa","0.826","-0.01532","0.000401","-0.00012","0","11.08","Humid","30.45","0","49.40","253346.84","SABD0002000012","AAV2.0.0.13","4.0.0.2323","PSt7-10","171027-008","9/15/2022 2:43:31 PM","0000-00","0","no battery","V","","µV","","µV"
"10/14/2022","12:30:57","7","default","171425599","OXY_CH7","33.752","min","201.815","μmol/L","Humid","20.810","deg","94012","µV","27.159","°C","1020.000","hPa","36.0","pmil","0","55.700","deg","20.000","°C","100.000","%a.s.","22.210","deg","20.000","°C","971.000","hPa","0.826","-0.01532","0.000401","-0.00012","0","11.08","Humid","30.45","0","49.40","253345.46","SABD0002000012","AAV2.0.0.13","4.0.0.2323","PSt7-10","171027-008","9/15/2022 2:43:31 PM","0000-00","0","no battery","V","","µV","","µV"
"10/14/2022","12:30:58","7","default","171425599","OXY_CH7","33.769","min","201.796","μmol/L","Humid","20.809","deg","94013","µV","27.165","°C","1020.000","hPa","36.0","pmil","0","55.700","deg","20.000","°C","100.000","%a.s.","22.210","deg","20.000","°C","971.000","hPa","0.826","-0.01532","0.000401","-0.00012","0","11.08","Humid","30.45","0","49.40","253334.28","SABD0002000012","AAV2.0.0.13","4.0.0.2323","PSt7-10","171027-008","9/15/2022 2:43:31 PM","0000-00","0","no battery","V","","µV","","µV"
"10/14/2022","12:30:59","7","default","171425599","OXY_CH7","33.786","min","201.796","μmol/L","Humid","20.809","deg","94014","µV","27.165","°C","1020.000","hPa","36.0","pmil","0","55.700","deg","20.000","°C","100.000","%a.s.","22.210","deg","20.000","°C","971.000","hPa","0.826","-0.01532","0.000401","-0.00012","0","11.08","Humid","30.45","0","49.40","253333.16","SABD0002000012","AAV2.0.0.13","4.0.0.2323","PSt7-10","171027-008","9/15/2022 2:43:31 PM","0000-00","0","no battery","V","","µV","","µV"
"10/14/2022","12:31:00","7","default","171425599","OXY_CH7","33.803","min","201.742","μmol/L","Humid","20.812","deg","94013","µV","27.165","°C","1020.000","hPa","36.0","pmil","0","55.700","deg","20.000","°C","100.000","%a.s.","22.210","deg","20.000","°C","971.000","hPa","0.826","-0.01532","0.000401","-0.00012","0","11.08","Humid","30.45","0","49.40","253328.71","SABD0002000012","AAV2.0.0.13","4.0.0.2323","PSt7-10","171027-008","9/15/2022 2:43:31 PM","0000-00","0","no battery","V","","µV","","µV"
"10/14/2022","12:31:01","7","default","171425599","OXY_CH7","33.819","min","201.815","μmol/L","Humid","20.810","deg","94005","µV","27.159","°C","1020.000","hPa","36.0","pmil","0","55.700","deg","20.000","°C","100.000","%a.s.","22.210","deg","20.000","°C","971.000","hPa","0.826","-0.01532","0.000401","-0.00012","0","11.08","Humid","30.45","0","49.40","253342.53","SABD0002000012","AAV2.0.0.13","4.0.0.2323","PSt7-10","171027-008","9/15/2022 2:43:31 PM","0000-00","0","no battery","V","","µV","","µV"
"10/14/2022","12:31:02","7","default","171425599","OXY_CH7","33.836","min","201.796","μmol/L","Humid","20.809","deg","94019","µV","27.165","°C","1020.000","hPa","36.0","pmil","0","55.700","deg","20.000","°C","100.000","%a.s.","22.210","deg","20.000","°C","971.000","hPa","0.826","-0.01532","0.000401","-0.00012","0","11.08","Humid","30.45","0","49.40","253332.66","SABD0002000012","AAV2.0.0.13","4.0.0.2323","PSt7-10","171027-008","9/15/2022 2:43:31 PM","0000-00","0","no battery","V","","µV","","µV"
"10/14/2022","12:31:03","7","default","171425599","OXY_CH7","33.853","min","201.815","μmol/L","Humid","20.810","deg","94016","µV","27.159","°C","1020.000","hPa","36.0","pmil","0","55.700","deg","20.000","°C","100.000","%a.s.","22.210","deg","20.000","°C","971.000","hPa","0.826","-0.01532","0.000401","-0.00012","0","11.08","Humid","30.45","0","49.40","253328.27","SABD0002000012","AAV2.0.0.13","4.0.0.2323","PSt7-10","171027-008","9/15/2022 2:43:31 PM","0000-00","0","no battery","V","","µV","","µV"
"10/14/2022","12:31:04","7","default","171425599","OXY_CH7","33.870","min","201.814","μmol/L","Humid","20.808","deg","94024","µV","27.165","°C","1020.000","hPa","36.0","pmil","0","55.700","deg","20.000","°C","100.000","%a.s.","22.210","deg","20.000","°C","971.000","hPa","0.826","-0.01532","0.000401","-0.00012","0","11.08","Humid","30.45","0","49.40","253335.43","SABD0002000012","AAV2.0.0.13","4.0.0.2323","PSt7-10","171027-008","9/15/2022 2:43:31 PM","0000-00","0","no battery","V","","µV","","µV"
"10/14/2022","12:31:05","7","default","171425599","OXY_CH7","33.887","min","201.761","μmol/L","Humid","20.813","deg","94027","µV","27.159","°C","1020.000","hPa","36.0","pmil","0","55.700","deg","20.000","°C","100.000","%a.s.","22.210","deg","20.000","°C","971.000","hPa","0.826","-0.01532","0.000401","-0.00012","0","11.08","Humid","30.45","0","49.40","253329.39","SABD0002000012","AAV2.0.0.13","4.0.0.2323","PSt7-10","171027-008","9/15/2022 2:43:31 PM","0000-00","0","no battery","V","","µV","","µV"
"10/14/2022","12:31:06","7","default","171425599","OXY_CH7","33.903","min","201.761","μmol/L","Humid","20.813","deg","94025","µV","27.159","°C","1020.000","hPa","36.0","pmil","0","55.700","deg","20.000","°C","100.000","%a.s.","22.210","deg","20.000","°C","971.000","hPa","0.826","-0.01532","0.000401","-0.00012","0","11.08","Humid","30.45","0","49.40","253322.09","SABD0002000012","AAV2.0.0.13","4.0.0.2323","PSt7-10","171027-008","9/15/2022 2:43:31 PM","0000-00","0","no battery","V","","µV","","µV"
"10/14/2022","12:31:07","7","default","171425599","OXY_CH7","33.919","min","201.668","μmol/L","Humid","20.812","deg","94023","µV","27.178","°C","1020.000","hPa","36.0","pmil","0","55.700","deg","20.000","°C","100.000","%a.s.","22.210","deg","20.000","°C","971.000","hPa","0.826","-0.01532","0.000401","-0.00012","0","11.08","Humid","30.45","0","49.40","253331.46","SABD0002000012","AAV2.0.0.13","4.0.0.2323","PSt7-10","171027-008","9/15/2022 2:43:31 PM","0000-00","0","no battery","V","","µV","","µV"
"10/14/2022","12:31:08","7","default","171425599","OXY_CH7","33.936","min","201.688","μmol/L","Humid","20.815","deg","94032","µV","27.165","°C","1020.000","hPa","36.0","pmil","0","55.700","deg","20.000","°C","100.000","%a.s.","22.210","deg","20.000","°C","971.000","hPa","0.826","-0.01532","0.000401","-0.00012","0","11.08","Humid","30.45","0","49.40","253326.07","SABD0002000012","AAV2.0.0.13","4.0.0.2323","PSt7-10","171027-008","9/15/2022 2:43:31 PM","0000-00","0","no battery","V","","µV","","µV"
"10/14/2022","12:31:09","7","default","171425599","OXY_CH7","33.953","min","201.725","μmol/L","Humid","20.815","deg","94030","µV","27.159","°C","1020.000","hPa","36.0","pmil","0","55.700","deg","20.000","°C","100.000","%a.s.","22.210","deg","20.000","°C","971.000","hPa","0.826","-0.01532","0.000401","-0.00012","0","11.08","Humid","30.45","0","49.40","253344.75","SABD0002000012","AAV2.0.0.13","4.0.0.2323","PSt7-10","171027-008","9/15/2022 2:43:31 PM","0000-00","0","no battery","V","","µV","","µV"
"10/14/2022","12:31:10","7","default","171425599","OXY_CH7","33.969","min","201.652","μmol/L","Humid","20.817","deg","94032","µV","27.165","°C","1020.000","hPa","36.0","pmil","0","55.700","deg","20.000","°C","100.000","%a.s.","22.210","deg","20.000","°C","971.000","hPa","0.826","-0.01532","0.000401","-0.00012","0","11.08","Humid","30.45","0","49.40","253337.85","SABD0002000012","AAV2.0.0.13","4.0.0.2323","PSt7-10","171027-008","9/15/2022 2:43:31 PM","0000-00","0","no battery","V","","µV","","µV"
"10/14/2022","12:31:11","7","default","171425599","OXY_CH7","33.986","min","201.688","μmol/L","Humid","20.815","deg","94037","µV","27.165","°C","1020.000","hPa","36.0","pmil","0","55.700","deg","20.000","°C","100.000","%a.s.","22.210","deg","20.000","°C","971.000","hPa","0.826","-0.01532","0.000401","-0.00012","0","11.08","Humid","30.45","0","49.40","253335.74","SABD0002000012","AAV2.0.0.13","4.0.0.2323","PSt7-10","171027-008","9/15/2022 2:43:31 PM","0000-00","0","no battery","V","","µV","","µV"
"10/14/2022","12:31:12","7","default","171425599","OXY_CH7","34.003","min","201.670","μmol/L","Humid","20.816","deg","94036","µV","27.165","°C","1020.000","hPa","36.0","pmil","0","55.700","deg","20.000","°C","100.000","%a.s.","22.210","deg","20.000","°C","971.000","hPa","0.826","-0.01532","0.000401","-0.00012","0","11.08","Humid","30.45","0","49.40","253336.07","SABD0002000012","AAV2.0.0.13","4.0.0.2323","PSt7-10","171027-008","9/15/2022 2:43:31 PM","0000-00","0","no battery","V","","µV","","µV"
"10/14/2022","12:31:13","7","default","171425599","OXY_CH7","34.020","min","201.634","μmol/L","Humid","20.818","deg","94043","µV","27.165","°C","1020.000","hPa","36.0","pmil","0","55.700","deg","20.000","°C","100.000","%a.s.","22.210","deg","20.000","°C","971.000","hPa","0.826","-0.01532","0.000401","-0.00012","0","11.08","Humid","30.45","0","49.40","253339.42","SABD0002000012","AAV2.0.0.13","4.0.0.2323","PSt7-10","171027-008","9/15/2022 2:43:31 PM","0000-00","0","no battery","V","","µV","","µV"
"10/14/2022","12:31:14","7","default","171425599","OXY_CH7","34.036","min","201.743","μmol/L","Humid","20.814","deg","94041","µV","27.159","°C","1020.000","hPa","36.0","pmil","0","55.700","deg","20.000","°C","100.000","%a.s.","22.210","deg","20.000","°C","971.000","hPa","0.826","-0.01532","0.000401","-0.00012","0","11.08","Humid","30.45","0","49.40","253343.04","SABD0002000012","AAV2.0.0.13","4.0.0.2323","PSt7-10","171027-008","9/15/2022 2:43:31 PM","0000-00","0","no battery","V","","µV","","µV"
"10/14/2022","12:31:15","7","default","171425599","OXY_CH7","34.052","min","201.708","μmol/L","Humid","20.818","deg","94038","µV","27.153","°C","1020.000","hPa","36.0","pmil","0","55.700","deg","20.000","°C","100.000","%a.s.","22.210","deg","20.000","°C","971.000","hPa","0.826","-0.01532","0.000401","-0.00012","0","11.08","Humid","30.45","0","49.40","253332.77","SABD0002000012","AAV2.0.0.13","4.0.0.2323","PSt7-10","171027-008","9/15/2022 2:43:31 PM","0000-00","0","no battery","V","","µV","","µV"
"10/14/2022","12:31:16","7","default","171425599","OXY_CH7","34.069","min","201.600","μmol/L","Humid","20.824","deg","94039","µV","27.153","°C","1020.000","hPa","36.0","pmil","0","55.700","deg","20.000","°C","100.000","%a.s.","22.210","deg","20.000","°C","971.000","hPa","0.826","-0.01532","0.000401","-0.00012","0","11.08","Humid","30.45","0","49.40","253333.65","SABD0002000012","AAV2.0.0.13","4.0.0.2323","PSt7-10","171027-008","9/15/2022 2:43:31 PM","0000-00","0","no battery","V","","µV","","µV"
"10/14/2022","12:31:17","7","default","171425599","OXY_CH7","34.086","min","201.725","μmol/L","Humid","20.815","deg","94045","µV","27.159","°C","1020.000","hPa","36.0","pmil","0","55.700","deg","20.000","°C","100.000","%a.s.","22.210","deg","20.000","°C","971.000","hPa","0.826","-0.01532","0.000401","-0.00012","0","11.08","Humid","30.45","0","49.40","253314.01","SABD0002000012","AAV2.0.0.13","4.0.0.2323","PSt7-10","171027-008","9/15/2022 2:43:31 PM","0000-00","0","no battery","V","","µV","","µV"
"10/14/2022","12:31:18","7","default","171425599","OXY_CH7","34.103","min","201.708","μmol/L","Humid","20.818","deg","94046","µV","27.153","°C","1020.000","hPa","36.0","pmil","0","55.700","deg","20.000","°C","100.000","%a.s.","22.210","deg","20.000","°C","971.000","hPa","0.826","-0.01532","0.000401","-0.00012","0","11.08","Humid","30.45","0","49.40","253326.35","SABD0002000012","AAV2.0.0.13","4.0.0.2323","PSt7-10","171027-008","9/15/2022 2:43:31 PM","0000-00","0","no battery","V","","µV","","µV"
"10/14/2022","12:31:19","7","default","171425599","OXY_CH7","34.120","min","201.617","μmol/L","Humid","20.821","deg","94050","µV","27.159","°C","1020.000","hPa","36.0","pmil","0","55.700","deg","20.000","°C","100.000","%a.s.","22.210","deg","20.000","°C","971.000","hPa","0.826","-0.01532","0.000401","-0.00012","0","11.08","Humid","30.45","0","49.40","253329.86","SABD0002000012","AAV2.0.0.13","4.0.0.2323","PSt7-10","171027-008","9/15/2022 2:43:31 PM","0000-00","0","no battery","V","","µV","","µV"
"10/14/2022","12:31:20","7","default","171425599","OXY_CH7","34.136","min","201.707","μmol/L","Humid","20.816","deg","94050","µV","27.159","°C","1020.000","hPa","36.0","pmil","0","55.700","deg","20.000","°C","100.000","%a.s.","22.210","deg","20.000","°C","971.000","hPa","0.826","-0.01532","0.000401","-0.00012","0","11.08","Humid","30.45","0","49.40","253330.10","SABD0002000012","AAV2.0.0.13","4.0.0.2323","PSt7-10","171027-008","9/15/2022 2:43:31 PM","0000-00","0","no battery","V","","µV","","µV"
"10/14/2022","12:31:21","7","default","171425599","OXY_CH7","34.153","min","201.707","μmol/L","Humid","20.816","deg","94057","µV","27.159","°C","1020.000","hPa","36.0","pmil","0","55.700","deg","20.000","°C","100.000","%a.s.","22.210","deg","20.000","°C","971.000","hPa","0.826","-0.01532","0.000401","-0.00012","0","11.08","Humid","30.45","0","49.40","253327.77","SABD0002000012","AAV2.0.0.13","4.0.0.2323","PSt7-10","171027-008","9/15/2022 2:43:31 PM","0000-00","0","no battery","V","","µV","","µV"
"10/14/2022","12:31:22","7","default","171425599","OXY_CH7","34.170","min","201.616","μmol/L","Humid","20.819","deg","94056","µV","27.165","°C","1020.000","hPa","36.0","pmil","0","55.700","deg","20.000","°C","100.000","%a.s.","22.210","deg","20.000","°C","971.000","hPa","0.826","-0.01532","0.000401","-0.00012","0","11.08","Humid","30.45","0","49.40","253330.07","SABD0002000012","AAV2.0.0.13","4.0.0.2323","PSt7-10","171027-008","9/15/2022 2:43:31 PM","0000-00","0","no battery","V","","µV","","µV"
"10/14/2022","12:31:23","7","default","171425599","OXY_CH7","34.186","min","201.635","μmol/L","Humid","20.820","deg","94059","µV","27.159","°C","1020.000","hPa","36.0","pmil","0","55.700","deg","20.000","°C","100.000","%a.s.","22.210","deg","20.000","°C","971.000","hPa","0.826","-0.01532","0.000401","-0.00012","0","11.08","Humid","30.45","0","49.40","253323.96","SABD0002000012","AAV2.0.0.13","4.0.0.2323","PSt7-10","171027-008","9/15/2022 2:43:31 PM","0000-00","0","no battery","V","","µV","","µV"
"10/14/2022","12:31:24","7","default","171425599","OXY_CH7","34.202","min","201.616","μmol/L","Humid","20.819","deg","94054","µV","27.165","°C","1020.000","hPa","36.0","pmil","0","55.700","deg","20.000","°C","100.000","%a.s.","22.210","deg","20.000","°C","971.000","hPa","0.826","-0.01532","0.000401","-0.00012","0","11.08","Humid","30.45","0","49.40","253321.85","SABD0002000012","AAV2.0.0.13","4.0.0.2323","PSt7-10","171027-008","9/15/2022 2:43:31 PM","0000-00","0","no battery","V","","µV","","µV"
"10/14/2022","12:31:25","7","default","171425599","OXY_CH7","34.219","min","201.562","μmol/L","Humid","20.822","deg","94053","µV","27.165","°C","1020.000","hPa","36.0","pmil","0","55.700","deg","20.000","°C","100.000","%a.s.","22.210","deg","20.000","°C","971.000","hPa","0.826","-0.01532","0.000401","-0.00012","0","11.08","Humid","30.45","0","49.40","253313.30","SABD0002000012","AAV2.0.0.13","4.0.0.2323","PSt7-10","171027-008","9/15/2022 2:43:31 PM","0000-00","0","no battery","V","","µV","","µV"
"10/14/2022","12:31:26","7","default","171425599","OXY_CH7","34.236","min","201.545","μmol/L","Humid","20.825","deg","94059","µV","27.159","°C","1020.000","hPa","36.0","pmil","0","55.700","deg","20.000","°C","100.000","%a.s.","22.210","deg","20.000","°C","971.000","hPa","0.826","-0.01532","0.000401","-0.00012","0","11.08","Humid","30.45","0","49.40","253336.56","SABD0002000012","AAV2.0.0.13","4.0.0.2323","PSt7-10","171027-008","9/15/2022 2:43:31 PM","0000-00","0","no battery","V","","µV","","µV"
"10/14/2022","12:31:27","7","default","171425599","OXY_CH7","34.253","min","201.598","μmol/L","Humid","20.820","deg","94065","µV","27.165","°C","1020.000","hPa","36.0","pmil","0","55.700","deg","20.000","°C","100.000","%a.s.","22.210","deg","20.000","°C","971.000","hPa","0.826","-0.01532","0.000401","-0.00012","0","11.08","Humid","30.45","0","49.40","253331.94","SABD0002000012","AAV2.0.0.13","4.0.0.2323","PSt7-10","171027-008","9/15/2022 2:43:31 PM","0000-00","0","no battery","V","","µV","","µV"
"10/14/2022","12:31:28","7","default","171425599","OXY_CH7","34.269","min","201.545","μmol/L","Humid","20.825","deg","94066","µV","27.159","°C","1020.000","hPa","36.0","pmil","0","55.700","deg","20.000","°C","100.000","%a.s.","22.210","deg","20.000","°C","971.000","hPa","0.826","-0.01532","0.000401","-0.00012","0","11.08","Humid","30.45","0","49.40","253325.99","SABD0002000012","AAV2.0.0.13","4.0.0.2323","PSt7-10","171027-008","9/15/2022 2:43:31 PM","0000-00","0","no battery","V","","µV","","µV"
"10/14/2022","12:31:29","7","default","171425599","OXY_CH7","34.286","min","201.617","μmol/L","Humid","20.821","deg","94065","µV","27.159","°C","1020.000","hPa","36.0","pmil","0","55.700","deg","20.000","°C","100.000","%a.s.","22.210","deg","20.000","°C","971.000","hPa","0.826","-0.01532","0.000401","-0.00012","0","11.08","Humid","30.45","0","49.40","253326.38","SABD0002000012","AAV2.0.0.13","4.0.0.2323","PSt7-10","171027-008","9/15/2022 2:43:31 PM","0000-00","0","no battery","V","","µV","","µV"
"10/14/2022","12:31:30","7","default","171425599","OXY_CH7","34.303","min","201.471","μmol/L","Humid","20.825","deg","94071","µV","27.171","°C","1020.000","hPa","36.0","pmil","0","55.700","deg","20.000","°C","100.000","%a.s.","22.210","deg","20.000","°C","971.000","hPa","0.826","-0.01532","0.000401","-0.00012","0","11.08","Humid","30.45","0","49.40","253333.62","SABD0002000012","AAV2.0.0.13","4.0.0.2323","PSt7-10","171027-008","9/15/2022 2:43:31 PM","0000-00","0","no battery","V","","µV","","µV"
"10/14/2022","12:31:31","7","default","171425599","OXY_CH7","34.320","min","201.526","μmol/L","Humid","20.824","deg","94075","µV","27.165","°C","1020.000","hPa","36.0","pmil","0","55.700","deg","20.000","°C","100.000","%a.s.","22.210","deg","20.000","°C","971.000","hPa","0.826","-0.01532","0.000401","-0.00012","0","11.08","Humid","30.45","0","49.40","253321.80","SABD0002000012","AAV2.0.0.13","4.0.0.2323","PSt7-10","171027-008","9/15/2022 2:43:31 PM","0000-00","0","no battery","V","","µV","","µV"
"10/14/2022","12:31:32","7","default","171425599","OXY_CH7","34.336","min","201.564","μmol/L","Humid","20.826","deg","94066","µV","27.153","°C","1020.000","hPa","36.0","pmil","0","55.700","deg","20.000","°C","100.000","%a.s.","22.210","deg","20.000","°C","971.000","hPa","0.826","-0.01532","0.000401","-0.00012","0","11.08","Humid","30.45","0","49.40","253328.29","SABD0002000012","AAV2.0.0.13","4.0.0.2323","PSt7-10","171027-008","9/15/2022 2:43:31 PM","0000-00","0","no battery","V","","µV","","µV"
"10/14/2022","12:31:33","7","default","171425599","OXY_CH7","34.352","min","201.527","μmol/L","Humid","20.826","deg","94074","µV","27.159","°C","1020.000","hPa","36.0","pmil","0","55.700","deg","20.000","°C","100.000","%a.s.","22.210","deg","20.000","°C","971.000","hPa","0.826","-0.01532","0.000401","-0.00012","0","11.08","Humid","30.45","0","49.40","253324.48","SABD0002000012","AAV2.0.0.13","4.0.0.2323","PSt7-10","171027-008","9/15/2022 2:43:31 PM","0000-00","0","no battery","V","","µV","","µV"
"10/14/2022","12:31:34","7","default","171425599","OXY_CH7","34.369","min","201.507","μmol/L","Humid","20.823","deg","94072","µV","27.171","°C","1020.000","hPa","36.0","pmil","0","55.700","deg","20.000","°C","100.000","%a.s.","22.210","deg","20.000","°C","971.000","hPa","0.826","-0.01532","0.000401","-0.00012","0","11.08","Humid","30.45","0","49.40","253321.31","SABD0002000012","AAV2.0.0.13","4.0.0.2323","PSt7-10","171027-008","9/15/2022 2:43:31 PM","0000-00","0","no battery","V","","µV","","µV"
"10/14/2022","12:31:35","7","default","171425599","OXY_CH7","34.386","min","201.509","μmol/L","Humid","20.827","deg","94070","µV","27.159","°C","1020.000","hPa","36.0","pmil","0","55.700","deg","20.000","°C","100.000","%a.s.","22.210","deg","20.000","°C","971.000","hPa","0.826","-0.01532","0.000401","-0.00012","0","11.08","Humid","30.45","0","49.40","253327.76","SABD0002000012","AAV2.0.0.13","4.0.0.2323","PSt7-10","171027-008","9/15/2022 2:43:31 PM","0000-00","0","no battery","V","","µV","","µV"
"10/14/2022","12:31:36","7","default","171425599","OXY_CH7","34.403","min","201.436","μmol/L","Humid","20.829","deg","94071","µV","27.165","°C","1020.000","hPa","36.0","pmil","0","55.700","deg","20.000","°C","100.000","%a.s.","22.210","deg","20.000","°C","971.000","hPa","0.826","-0.01532","0.000401","-0.00012","0","11.08","Humid","30.45","0","49.40","253323.08","SABD0002000012","AAV2.0.0.13","4.0.0.2323","PSt7-10","171027-008","9/15/2022 2:43:31 PM","0000-00","0","no battery","V","","µV","","µV"
"10/14/2022","12:31:37","7","default","171425599","OXY_CH7","34.419","min","201.527","μmol/L","Humid","20.826","deg","94073","µV","27.159","°C","1020.000","hPa","36.0","pmil","0","55.700","deg","20.000","°C","100.000","%a.s.","22.210","deg","20.000","°C","971.000","hPa","0.826","-0.01532","0.000401","-0.00012","0","11.08","Humid","30.45","0","49.40","253317.37","SABD0002000012","AAV2.0.0.13","4.0.0.2323","PSt7-10","171027-008","9/15/2022 2:43:31 PM","0000-00","0","no battery","V","","µV","","µV"
"10/14/2022","12:31:38","7","default","171425599","OXY_CH7","34.436","min","201.509","μmol/L","Humid","20.827","deg","94081","µV","27.159","°C","1020.000","hPa","36.0","pmil","0","55.700","deg","20.000","°C","100.000","%a.s.","22.210","deg","20.000","°C","971.000","hPa","0.826","-0.01532","0.000401","-0.00012","0","11.08","Humid","30.45","0","49.40","253322.36","SABD0002000012","AAV2.0.0.13","4.0.0.2323","PSt7-10","171027-008","9/15/2022 2:43:31 PM","0000-00","0","no battery","V","","µV","","µV"
"10/14/2022","12:31:39","7","default","171425599","OXY_CH7","34.453","min","201.454","μmol/L","Humid","20.828","deg","94084","µV","27.165","°C","1020.000","hPa","36.0","pmil","0","55.700","deg","20.000","°C","100.000","%a.s.","22.210","deg","20.000","°C","971.000","hPa","0.826","-0.01532","0.000401","-0.00012","0","11.08","Humid","30.45","0","49.40","253333.90","SABD0002000012","AAV2.0.0.13","4.0.0.2323","PSt7-10","171027-008","9/15/2022 2:43:31 PM","0000-00","0","no battery","V","","µV","","µV"
"10/14/2022","12:31:40","7","default","171425599","OXY_CH7","34.470","min","201.382","μmol/L","Humid","20.832","deg","94081","µV","27.165","°C","1020.000","hPa","36.0","pmil","0","55.700","deg","20.000","°C","100.000","%a.s.","22.210","deg","20.000","°C","971.000","hPa","0.826","-0.01532","0.000401","-0.00012","0","11.08","Humid","30.45","0","49.40","253324.77","SABD0002000012","AAV2.0.0.13","4.0.0.2323","PSt7-10","171027-008","9/15/2022 2:43:31 PM","0000-00","0","no battery","V","","µV","","µV"
"10/14/2022","12:31:41","7","default","171425599","OXY_CH7","34.486","min","201.491","μmol/L","Humid","20.828","deg","94085","µV","27.159","°C","1020.000","hPa","36.0","pmil","0","55.700","deg","20.000","°C","100.000","%a.s.","22.210","deg","20.000","°C","971.000","hPa","0.826","-0.01532","0.000401","-0.00012","0","11.08","Humid","30.45","0","49.40","253340.86","SABD0002000012","AAV2.0.0.13","4.0.0.2323","PSt7-10","171027-008","9/15/2022 2:43:31 PM","0000-00","0","no battery","V","","µV","","µV"
"10/14/2022","12:31:42","7","default","171425599","OXY_CH7","34.503","min","201.454","μmol/L","Humid","20.828","deg","94085","µV","27.165","°C","1020.000","hPa","36.0","pmil","0","55.700","deg","20.000","°C","100.000","%a.s.","22.210","deg","20.000","°C","971.000","hPa","0.826","-0.01532","0.000401","-0.00012","0","11.08","Humid","30.45","0","49.40","253324.43","SABD0002000012","AAV2.0.0.13","4.0.0.2323","PSt7-10","171027-008","9/15/2022 2:43:31 PM","0000-00","0","no battery","V","","µV","","µV"
"10/14/2022","12:31:43","7","default","171425599","OXY_CH7","34.519","min","201.509","μmol/L","Humid","20.827","deg","94090","µV","27.159","°C","1020.000","hPa","36.0","pmil","0","55.700","deg","20.000","°C","100.000","%a.s.","22.210","deg","20.000","°C","971.000","hPa","0.826","-0.01532","0.000401","-0.00012","0","11.08","Humid","30.45","0","49.40","253325.73","SABD0002000012","AAV2.0.0.13","4.0.0.2323","PSt7-10","171027-008","9/15/2022 2:43:31 PM","0000-00","0","no battery","V","","µV","","µV"
"10/14/2022","12:31:44","7","default","171425599","OXY_CH7","34.536","min","201.383","μmol/L","Humid","20.834","deg","94090","µV","27.159","°C","1020.000","hPa","36.0","pmil","0","55.700","deg","20.000","°C","100.000","%a.s.","22.210","deg","20.000","°C","971.000","hPa","0.826","-0.01532","0.000401","-0.00012","0","11.08","Humid","30.45","0","49.40","253323.23","SABD0002000012","AAV2.0.0.13","4.0.0.2323","PSt7-10","171027-008","9/15/2022 2:43:31 PM","0000-00","0","no battery","V","","µV","","µV"
"10/14/2022","12:31:45","7","default","171425599","OXY_CH7","34.553","min","201.383","μmol/L","Humid","20.834","deg","94095","µV","27.159","°C","1020.000","hPa","36.0","pmil","0","55.700","deg","20.000","°C","100.000","%a.s.","22.210","deg","20.000","°C","971.000","hPa","0.826","-0.01532","0.000401","-0.00012","0","11.08","Humid","30.45","0","49.40","253334.04","SABD0002000012","AAV2.0.0.13","4.0.0.2323","PSt7-10","171027-008","9/15/2022 2:43:31 PM","0000-00","0","no battery","V","","µV","","µV"
"10/14/2022","12:31:46","7","default","171425599","OXY_CH7","34.569","min","201.292","μmol/L","Humid","20.837","deg","94092","µV","27.165","°C","1020.000","hPa","36.0","pmil","0","55.700","deg","20.000","°C","100.000","%a.s.","22.210","deg","20.000","°C","971.000","hPa","0.826","-0.01532","0.000401","-0.00012","0","11.08","Humid","30.45","0","49.40","253318.18","SABD0002000012","AAV2.0.0.13","4.0.0.2323","PSt7-10","171027-008","9/15/2022 2:43:31 PM","0000-00","0","no battery","V","","µV","","µV"
"10/14/2022","12:31:47","7","default","171425599","OXY_CH7","34.586","min","201.437","μmol/L","Humid","20.831","deg","94099","µV","27.159","°C","1020.000","hPa","36.0","pmil","0","55.700","deg","20.000","°C","100.000","%a.s.","22.210","deg","20.000","°C","971.000","hPa","0.826","-0.01532","0.000401","-0.00012","0","11.08","Humid","30.45","0","49.40","253322.29","SABD0002000012","AAV2.0.0.13","4.0.0.2323","PSt7-10","171027-008","9/15/2022 2:43:31 PM","0000-00","0","no battery","V","","µV","","µV"
"10/14/2022","12:31:48","7","default","171425599","OXY_CH7","34.603","min","201.382","μmol/L","Humid","20.832","deg","94090","µV","27.165","°C","1020.000","hPa","36.0","pmil","0","55.700","deg","20.000","°C","100.000","%a.s.","22.210","deg","20.000","°C","971.000","hPa","0.826","-0.01532","0.000401","-0.00012","0","11.08","Humid","30.45","0","49.40","253309.58","SABD0002000012","AAV2.0.0.13","4.0.0.2323","PSt7-10","171027-008","9/15/2022 2:43:31 PM","0000-00","0","no battery","V","","µV","","µV"
"10/14/2022","12:31:49","7","default","171425599","OXY_CH7","34.620","min","201.419","μmol/L","Humid","20.832","deg","94102","µV","27.159","°C","1020.000","hPa","36.0","pmil","0","55.700","deg","20.000","°C","100.000","%a.s.","22.210","deg","20.000","°C","971.000","hPa","0.826","-0.01532","0.000401","-0.00012","0","11.08","Humid","30.45","0","49.40","253311.16","SABD0002000012","AAV2.0.0.13","4.0.0.2323","PSt7-10","171027-008","9/15/2022 2:43:31 PM","0000-00","0","no battery","V","","µV","","µV"
"10/14/2022","12:31:50","7","default","171425599","OXY_CH7","34.637","min","201.401","μmol/L","Humid","20.833","deg","94101","µV","27.159","°C","1020.000","hPa","36.0","pmil","0","55.700","deg","20.000","°C","100.000","%a.s.","22.210","deg","20.000","°C","971.000","hPa","0.826","-0.01532","0.000401","-0.00012","0","11.08","Humid","30.45","0","49.40","253307.36","SABD0002000012","AAV2.0.0.13","4.0.0.2323","PSt7-10","171027-008","9/15/2022 2:43:31 PM","0000-00","0","no battery","V","","µV","","µV"
"10/14/2022","12:31:51","7","default","171425599","OXY_CH7","34.653","min","201.310","μmol/L","Humid","20.836","deg","94103","µV","27.165","°C","1020.000","hPa","36.0","pmil","0","55.700","deg","20.000","°C","100.000","%a.s.","22.210","deg","20.000","°C","971.000","hPa","0.826","-0.01532","0.000401","-0.00012","0","11.08","Humid","30.45","0","49.40","253327.09","SABD0002000012","AAV2.0.0.13","4.0.0.2323","PSt7-10","171027-008","9/15/2022 2:43:31 PM","0000-00","0","no battery","V","","µV","","µV"
"10/14/2022","12:31:52","7","default","171425599","OXY_CH7","34.669","min","201.329","μmol/L","Humid","20.837","deg","94102","µV","27.159","°C","1020.000","hPa","36.0","pmil","0","55.700","deg","20.000","°C","100.000","%a.s.","22.210","deg","20.000","°C","971.000","hPa","0.826","-0.01532","0.000401","-0.00012","0","11.08","Humid","30.45","0","49.40","253314.94","SABD0002000012","AAV2.0.0.13","4.0.0.2323","PSt7-10","171027-008","9/15/2022 2:43:31 PM","0000-00","0","no battery","V","","µV","","µV"
"10/14/2022","12:31:53","7","default","171425599","OXY_CH7","34.686","min","201.311","μmol/L","Humid","20.838","deg","94099","µV","27.159","°C","1020.000","hPa","36.0","pmil","0","55.700","deg","20.000","°C","100.000","%a.s.","22.210","deg","20.000","°C","971.000","hPa","0.826","-0.01532","0.000401","-0.00012","0","11.08","Humid","30.45","0","49.40","253303.59","SABD0002000012","AAV2.0.0.13","4.0.0.2323","PSt7-10","171027-008","9/15/2022 2:43:31 PM","0000-00","0","no battery","V","","µV","","µV"
"10/14/2022","12:31:54","7","default","171425599","OXY_CH7","34.703","min","201.275","μmol/L","Humid","20.840","deg","94101","µV","27.159","°C","1020.000","hPa","36.0","pmil","0","55.700","deg","20.000","°C","100.000","%a.s.","22.210","deg","20.000","°C","971.000","hPa","0.826","-0.01532","0.000401","-0.00012","0","11.08","Humid","30.45","0","49.40","253313.22","SABD0002000012","AAV2.0.0.13","4.0.0.2323","PSt7-10","171027-008","9/15/2022 2:43:31 PM","0000-00","0","no battery","V","","µV","","µV"
"10/14/2022","12:31:55","7","default","171425599","OXY_CH7","34.719","min","201.293","μmol/L","Humid","20.839","deg","94099","µV","27.159","°C","1020.000","hPa","36.0","pmil","0","55.700","deg","20.000","°C","100.000","%a.s.","22.210","deg","20.000","°C","971.000","hPa","0.826","-0.01532","0.000401","-0.00012","0","11.08","Humid","30.45","0","49.40","253302.60","SABD0002000012","AAV2.0.0.13","4.0.0.2323","PSt7-10","171027-008","9/15/2022 2:43:31 PM","0000-00","0","no battery","V","","µV","","µV"
"10/14/2022","12:31:56","7","default","171425599","OXY_CH7","34.736","min","201.347","μmol/L","Humid","20.836","deg","94104","µV","27.159","°C","1020.000","hPa","36.0","pmil","0","55.700","deg","20.000","°C","100.000","%a.s.","22.210","deg","20.000","°C","971.000","hPa","0.826","-0.01532","0.000401","-0.00012","0","11.08","Humid","30.45","0","49.40","253305.16","SABD0002000012","AAV2.0.0.13","4.0.0.2323","PSt7-10","171027-008","9/15/2022 2:43:31 PM","0000-00","0","no battery","V","","µV","","µV"
"10/14/2022","12:31:57","7","default","171425599","OXY_CH7","34.753","min","201.310","μmol/L","Humid","20.836","deg","94102","µV","27.165","°C","1020.000","hPa","36.0","pmil","0","55.700","deg","20.000","°C","100.000","%a.s.","22.210","deg","20.000","°C","971.000","hPa","0.826","-0.01532","0.000401","-0.00012","0","11.08","Humid","30.45","0","49.40","253315.84","SABD0002000012","AAV2.0.0.13","4.0.0.2323","PSt7-10","171027-008","9/15/2022 2:43:31 PM","0000-00","0","no battery","V","","µV","","µV"
"10/14/2022","12:31:58","7","default","171425599","OXY_CH7","34.770","min","201.292","μmol/L","Humid","20.837","deg","94105","µV","27.165","°C","1020.000","hPa","36.0","pmil","0","55.700","deg","20.000","°C","100.000","%a.s.","22.210","deg","20.000","°C","971.000","hPa","0.826","-0.01532","0.000401","-0.00012","0","11.08","Humid","30.45","0","49.40","253303.84","SABD0002000012","AAV2.0.0.13","4.0.0.2323","PSt7-10","171027-008","9/15/2022 2:43:31 PM","0000-00","0","no battery","V","","µV","","µV"
"10/14/2022","12:31:59","7","default","171425599","OXY_CH7","34.786","min","201.310","μmol/L","Humid","20.836","deg","94116","µV","27.165","°C","1020.000","hPa","36.0","pmil","0","55.700","deg","20.000","°C","100.000","%a.s.","22.210","deg","20.000","°C","971.000","hPa","0.826","-0.01532","0.000401","-0.00012","0","11.08","Humid","30.45","0","49.40","253312.72","SABD0002000012","AAV2.0.0.13","4.0.0.2323","PSt7-10","171027-008","9/15/2022 2:43:31 PM","0000-00","0","no battery","V","","µV","","µV"
"10/14/2022","12:32:00","7","default","171425599","OXY_CH7","34.802","min","201.183","μmol/L","Humid","20.841","deg","94115","µV","27.171","°C","1020.000","hPa","36.0","pmil","0","55.700","deg","20.000","°C","100.000","%a.s.","22.210","deg","20.000","°C","971.000","hPa","0.826","-0.01532","0.000401","-0.00012","0","11.08","Humid","30.45","0","49.40","253310.52","SABD0002000012","AAV2.0.0.13","4.0.0.2323","PSt7-10","171027-008","9/15/2022 2:43:31 PM","0000-00","0","no battery","V","","µV","","µV"
"10/14/2022","12:32:01","7","default","171425599","OXY_CH7","34.819","min","201.238","μmol/L","Humid","20.840","deg","94113","µV","27.165","°C","1020.000","hPa","36.0","pmil","0","55.700","deg","20.000","°C","100.000","%a.s.","22.210","deg","20.000","°C","971.000","hPa","0.826","-0.01532","0.000401","-0.00012","0","11.08","Humid","30.45","0","49.40","253309.42","SABD0002000012","AAV2.0.0.13","4.0.0.2323","PSt7-10","171027-008","9/15/2022 2:43:31 PM","0000-00","0","no battery","V","","µV","","µV"
"10/14/2022","12:32:02","7","default","171425599","OXY_CH7","34.836","min","201.184","μmol/L","Humid","20.843","deg","94115","µV","27.165","°C","1020.000","hPa","36.0","pmil","0","55.700","deg","20.000","°C","100.000","%a.s.","22.210","deg","20.000","°C","971.000","hPa","0.826","-0.01532","0.000401","-0.00012","0","11.08","Humid","30.45","0","49.40","253309.22","SABD0002000012","AAV2.0.0.13","4.0.0.2323","PSt7-10","171027-008","9/15/2022 2:43:31 PM","0000-00","0","no battery","V","","µV","","µV"
"10/14/2022","12:32:03","7","default","171425599","OXY_CH7","34.853","min","201.202","μmol/L","Humid","20.842","deg","94119","µV","27.165","°C","1020.000","hPa","36.0","pmil","0","55.700","deg","20.000","°C","100.000","%a.s.","22.210","deg","20.000","°C","971.000","hPa","0.826","-0.01532","0.000401","-0.00012","0","11.08","Humid","30.45","0","49.40","253313.04","SABD0002000012","AAV2.0.0.13","4.0.0.2323","PSt7-10","171027-008","9/15/2022 2:43:31 PM","0000-00","0","no battery","V","","µV","","µV"
"10/14/2022","12:32:04","7","default","171425599","OXY_CH7","34.870","min","201.238","μmol/L","Humid","20.840","deg","94120","µV","27.165","°C","1020.000","hPa","36.0","pmil","0","55.700","deg","20.000","°C","100.000","%a.s.","22.210","deg","20.000","°C","971.000","hPa","0.826","-0.01532","0.000401","-0.00012","0","11.08","Humid","30.45","0","49.40","253313.02","SABD0002000012","AAV2.0.0.13","4.0.0.2323","PSt7-10","171027-008","9/15/2022 2:43:31 PM","0000-00","0","no battery","V","","µV","","µV"
"10/14/2022","12:32:05","7","default","171425599","OXY_CH7","34.886","min","201.167","μmol/L","Humid","20.846","deg","94118","µV","27.159","°C","1020.000","hPa","36.0","pmil","0","55.700","deg","20.000","°C","100.000","%a.s.","22.210","deg","20.000","°C","971.000","hPa","0.826","-0.01532","0.000401","-0.00012","0","11.08","Humid","30.45","0","49.40","253308.12","SABD0002000012","AAV2.0.0.13","4.0.0.2323","PSt7-10","171027-008","9/15/2022 2:43:31 PM","0000-00","0","no battery","V","","µV","","µV"
"10/14/2022","12:32:06","7","default","171425599","OXY_CH7","34.903","min","201.238","μmol/L","Humid","20.840","deg","94122","µV","27.165","°C","1020.000","hPa","36.0","pmil","0","55.700","deg","20.000","°C","100.000","%a.s.","22.210","deg","20.000","°C","971.000","hPa","0.826","-0.01532","0.000401","-0.00012","0","11.08","Humid","30.45","0","49.40","253314.65","SABD0002000012","AAV2.0.0.13","4.0.0.2323","PSt7-10","171027-008","9/15/2022 2:43:31 PM","0000-00","0","no battery","V","","µV","","µV"
"10/14/2022","12:32:07","7","default","171425599","OXY_CH7","34.920","min","201.184","μmol/L","Humid","20.843","deg","94120","µV","27.165","°C","1020.000","hPa","36.0","pmil","0","55.700","deg","20.000","°C","100.000","%a.s.","22.210","deg","20.000","°C","971.000","hPa","0.826","-0.01532","0.000401","-0.00012","0","11.08","Humid","30.45","0","49.40","253312.86","SABD0002000012","AAV2.0.0.13","4.0.0.2323","PSt7-10","171027-008","9/15/2022 2:43:31 PM","0000-00","0","no battery","V","","µV","","µV"
"10/14/2022","12:32:08","7","default","171425599","OXY_CH7","34.936","min","201.220","μmol/L","Humid","20.841","deg","94131","µV","27.165","°C","1020.000","hPa","36.0","pmil","0","55.700","deg","20.000","°C","100.000","%a.s.","22.210","deg","20.000","°C","971.000","hPa","0.826","-0.01532","0.000401","-0.00012","0","11.08","Humid","30.45","0","49.40","253310.09","SABD0002000012","AAV2.0.0.13","4.0.0.2323","PSt7-10","171027-008","9/15/2022 2:43:31 PM","0000-00","0","no battery","V","","µV","","µV"
"10/14/2022","12:32:09","7","default","171425599","OXY_CH7","34.953","min","201.166","μmol/L","Humid","20.844","deg","94128","µV","27.165","°C","1020.000","hPa","36.0","pmil","0","55.700","deg","20.000","°C","100.000","%a.s.","22.210","deg","20.000","°C","971.000","hPa","0.826","-0.01532","0.000401","-0.00012","0","11.08","Humid","30.45","0","49.40","253306.84","SABD0002000012","AAV2.0.0.13","4.0.0.2323","PSt7-10","171027-008","9/15/2022 2:43:31 PM","0000-00","0","no battery","V","","µV","","µV"
"10/14/2022","12:32:10","7","default","171425599","OXY_CH7","34.969","min","201.167","μmol/L","Humid","20.846","deg","94133","µV","27.159","°C","1020.000","hPa","36.0","pmil","0","55.700","deg","20.000","°C","100.000","%a.s.","22.210","deg","20.000","°C","971.000","hPa","0.826","-0.01532","0.000401","-0.00012","0","11.08","Humid","30.45","0","49.40","253306.10","SABD0002000012","AAV2.0.0.13","4.0.0.2323","PSt7-10","171027-008","9/15/2022 2:43:31 PM","0000-00","0","no battery","V","","µV","","µV"
"10/14/2022","12:32:11","7","default","171425599","OXY_CH7","34.986","min","201.203","μmol/L","Humid","20.844","deg","94132","µV","27.159","°C","1020.000","hPa","36.0","pmil","0","55.700","deg","20.000","°C","100.000","%a.s.","22.210","deg","20.000","°C","971.000","hPa","0.826","-0.01532","0.000401","-0.00012","0","11.08","Humid","30.45","0","49.40","253313.10","SABD0002000012","AAV2.0.0.13","4.0.0.2323","PSt7-10","171027-008","9/15/2022 2:43:31 PM","0000-00","0","no battery","V","","µV","","µV"
"10/14/2022","12:32:12","7","default","171425599","OXY_CH7","35.003","min","201.131","μmol/L","Humid","20.848","deg","94137","µV","27.159","°C","1020.000","hPa","36.0","pmil","0","55.700","deg","20.000","°C","100.000","%a.s.","22.210","deg","20.000","°C","971.000","hPa","0.826","-0.01532","0.000401","-0.00012","0","11.08","Humid","30.45","0","49.40","253323.45","SABD0002000012","AAV2.0.0.13","4.0.0.2323","PSt7-10","171027-008","9/15/2022 2:43:31 PM","0000-00","0","no battery","V","","µV","","µV"
"10/14/2022","12:32:13","7","default","171425599","OXY_CH7","35.019","min","201.094","μmol/L","Humid","20.848","deg","94135","µV","27.165","°C","1020.000","hPa","36.0","pmil","0","55.700","deg","20.000","°C","100.000","%a.s.","22.210","deg","20.000","°C","971.000","hPa","0.826","-0.01532","0.000401","-0.00012","0","11.08","Humid","30.45","0","49.40","253315.88","SABD0002000012","AAV2.0.0.13","4.0.0.2323","PSt7-10","171027-008","9/15/2022 2:43:31 PM","0000-00","0","no battery","V","","µV","","µV"
"10/14/2022","12:32:14","7","default","171425599","OXY_CH7","35.036","min","201.113","μmol/L","Humid","20.849","deg","94136","µV","27.159","°C","1020.000","hPa","36.0","pmil","0","55.700","deg","20.000","°C","100.000","%a.s.","22.210","deg","20.000","°C","971.000","hPa","0.826","-0.01532","0.000401","-0.00012","0","11.08","Humid","30.45","0","49.40","253300.68","SABD0002000012","AAV2.0.0.13","4.0.0.2323","PSt7-10","171027-008","9/15/2022 2:43:31 PM","0000-00","0","no battery","V","","µV","","µV"
"10/14/2022","12:32:15","7","default","171425599","OXY_CH7","35.053","min","201.148","μmol/L","Humid","20.845","deg","94137","µV","27.165","°C","1020.000","hPa","36.0","pmil","0","55.700","deg","20.000","°C","100.000","%a.s.","22.210","deg","20.000","°C","971.000","hPa","0.826","-0.01532","0.000401","-0.00012","0","11.08","Humid","30.45","0","49.40","253314.30","SABD0002000012","AAV2.0.0.13","4.0.0.2323","PSt7-10","171027-008","9/15/2022 2:43:31 PM","0000-00","0","no battery","V","","µV","","µV"
"10/14/2022","12:32:16","7","default","171425599","OXY_CH7","35.070","min","201.076","μmol/L","Humid","20.849","deg","94148","µV","27.165","°C","1020.000","hPa","36.0","pmil","0","55.700","deg","20.000","°C","100.000","%a.s.","22.210","deg","20.000","°C","971.000","hPa","0.826","-0.01532","0.000401","-0.00012","0","11.08","Humid","30.45","0","49.40","253322.19","SABD0002000012","AAV2.0.0.13","4.0.0.2323","PSt7-10","171027-008","9/15/2022 2:43:31 PM","0000-00","0","no battery","V","","µV","","µV"
"10/14/2022","12:32:17","7","default","171425599","OXY_CH7","35.086","min","201.167","μmol/L","Humid","20.846","deg","94143","µV","27.159","°C","1020.000","hPa","36.0","pmil","0","55.700","deg","20.000","°C","100.000","%a.s.","22.210","deg","20.000","°C","971.000","hPa","0.826","-0.01532","0.000401","-0.00012","0","11.08","Humid","30.45","0","49.40","253312.08","SABD0002000012","AAV2.0.0.13","4.0.0.2323","PSt7-10","171027-008","9/15/2022 2:43:31 PM","0000-00","0","no battery","V","","µV","","µV"
"10/14/2022","12:32:18","7","default","171425599","OXY_CH7","35.103","min","201.113","μmol/L","Humid","20.849","deg","94143","µV","27.159","°C","1020.000","hPa","36.0","pmil","0","55.700","deg","20.000","°C","100.000","%a.s.","22.210","deg","20.000","°C","971.000","hPa","0.826","-0.01532","0.000401","-0.00012","0","11.08","Humid","30.45","0","49.40","253314.29","SABD0002000012","AAV2.0.0.13","4.0.0.2323","PSt7-10","171027-008","9/15/2022 2:43:31 PM","0000-00","0","no battery","V","","µV","","µV"
"10/14/2022","12:32:19","7","default","171425599","OXY_CH7","35.119","min","201.113","μmol/L","Humid","20.849","deg","94151","µV","27.159","°C","1020.000","hPa","36.0","pmil","0","55.700","deg","20.000","°C","100.000","%a.s.","22.210","deg","20.000","°C","971.000","hPa","0.826","-0.01532","0.000401","-0.00012","0","11.08","Humid","30.45","0","49.40","253315.56","SABD0002000012","AAV2.0.0.13","4.0.0.2323","PSt7-10","171027-008","9/15/2022 2:43:31 PM","0000-00","0","no battery","V","","µV","","µV"
"10/14/2022","12:32:20","7","default","171425599","OXY_CH7","35.136","min","201.112","μmol/L","Humid","20.847","deg","94149","µV","27.165","°C","1020.000","hPa","36.0","pmil","0","55.700","deg","20.000","°C","100.000","%a.s.","22.210","deg","20.000","°C","971.000","hPa","0.826","-0.01532","0.000401","-0.00012","0","11.08","Humid","30.45","0","49.40","253314.89","SABD0002000012","AAV2.0.0.13","4.0.0.2323","PSt7-10","171027-008","9/15/2022 2:43:31 PM","0000-00","0","no battery","V","","µV","","µV"
"10/14/2022","12:32:21","7","default","171425599","OXY_CH7","35.152","min","201.130","μmol/L","Humid","20.846","deg","94145","µV","27.165","°C","1020.000","hPa","36.0","pmil","0","55.700","deg","20.000","°C","100.000","%a.s.","22.210","deg","20.000","°C","971.000","hPa","0.826","-0.01532","0.000401","-0.00012","0","11.08","Humid","30.45","0","49.40","253304.74","SABD0002000012","AAV2.0.0.13","4.0.0.2323","PSt7-10","171027-008","9/15/2022 2:43:31 PM","0000-00","0","no battery","V","","µV","","µV"
"10/14/2022","12:32:22","7","default","171425599","OXY_CH7","35.169","min","201.003","μmol/L","Humid","20.851","deg","94152","µV","27.171","°C","1020.000","hPa","36.0","pmil","0","55.700","deg","20.000","°C","100.000","%a.s.","22.210","deg","20.000","°C","971.000","hPa","0.826","-0.01532","0.000401","-0.00012","0","11.08","Humid","30.45","0","49.40","253327.21","SABD0002000012","AAV2.0.0.13","4.0.0.2323","PSt7-10","171027-008","9/15/2022 2:43:31 PM","0000-00","0","no battery","V","","µV","","µV"
"10/14/2022","12:32:23","7","default","171425599","OXY_CH7","35.186","min","201.041","μmol/L","Humid","20.853","deg","94155","µV","27.159","°C","1020.000","hPa","36.0","pmil","0","55.700","deg","20.000","°C","100.000","%a.s.","22.210","deg","20.000","°C","971.000","hPa","0.826","-0.01532","0.000401","-0.00012","0","11.08","Humid","30.45","0","49.40","253311.77","SABD0002000012","AAV2.0.0.13","4.0.0.2323","PSt7-10","171027-008","9/15/2022 2:43:31 PM","0000-00","0","no battery","V","","µV","","µV"
"10/14/2022","12:32:24","7","default","171425599","OXY_CH7","35.203","min","201.005","μmol/L","Humid","20.855","deg","94147","µV","27.159","°C","1020.000","hPa","36.0","pmil","0","55.700","deg","20.000","°C","100.000","%a.s.","22.210","deg","20.000","°C","971.000","hPa","0.826","-0.01532","0.000401","-0.00012","0","11.08","Humid","30.45","0","49.40","253308.41","SABD0002000012","AAV2.0.0.13","4.0.0.2323","PSt7-10","171027-008","9/15/2022 2:43:31 PM","0000-00","0","no battery","V","","µV","","µV"
"10/14/2022","12:32:25","7","default","171425599","OXY_CH7","35.220","min","201.041","μmol/L","Humid","20.853","deg","94155","µV","27.159","°C","1020.000","hPa","36.0","pmil","0","55.700","deg","20.000","°C","100.000","%a.s.","22.210","deg","20.000","°C","971.000","hPa","0.826","-0.01532","0.000401","-0.00012","0","11.08","Humid","30.45","0","49.40","253313.15","SABD0002000012","AAV2.0.0.13","4.0.0.2323","PSt7-10","171027-008","9/15/2022 2:43:31 PM","0000-00","0","no battery","V","","µV","","µV"
"10/14/2022","12:32:26","7","default","171425599","OXY_CH7","35.236","min","200.987","μmol/L","Humid","20.854","deg","94155","µV","27.165","°C","1020.000","hPa","36.0","pmil","0","55.700","deg","20.000","°C","100.000","%a.s.","22.210","deg","20.000","°C","971.000","hPa","0.826","-0.01532","0.000401","-0.00012","0","11.08","Humid","30.45","0","49.40","253306.41","SABD0002000012","AAV2.0.0.13","4.0.0.2323","PSt7-10","171027-008","9/15/2022 2:43:31 PM","0000-00","0","no battery","V","","µV","","µV"
"10/14/2022","12:32:27","7","default","171425599","OXY_CH7","35.253","min","201.023","μmol/L","Humid","20.854","deg","94158","µV","27.159","°C","1020.000","hPa","36.0","pmil","0","55.700","deg","20.000","°C","100.000","%a.s.","22.210","deg","20.000","°C","971.000","hPa","0.826","-0.01532","0.000401","-0.00012","0","11.08","Humid","30.45","0","49.40","253306.11","SABD0002000012","AAV2.0.0.13","4.0.0.2323","PSt7-10","171027-008","9/15/2022 2:43:31 PM","0000-00","0","no battery","V","","µV","","µV"
"10/14/2022","12:32:28","7","default","171425599","OXY_CH7","35.270","min","201.041","μmol/L","Humid","20.853","deg","94169","µV","27.159","°C","1020.000","hPa","36.0","pmil","0","55.700","deg","20.000","°C","100.000","%a.s.","22.210","deg","20.000","°C","971.000","hPa","0.826","-0.01532","0.000401","-0.00012","0","11.08","Humid","30.45","0","49.40","253311.40","SABD0002000012","AAV2.0.0.13","4.0.0.2323","PSt7-10","171027-008","9/15/2022 2:43:31 PM","0000-00","0","no battery","V","","µV","","µV"
"10/14/2022","12:32:29","7","default","171425599","OXY_CH7","35.286","min","201.042","μmol/L","Humid","20.855","deg","94160","µV","27.153","°C","1020.000","hPa","36.0","pmil","0","55.700","deg","20.000","°C","100.000","%a.s.","22.210","deg","20.000","°C","971.000","hPa","0.826","-0.01532","0.000401","-0.00012","0","11.08","Humid","30.45","0","49.40","253298.91","SABD0002000012","AAV2.0.0.13","4.0.0.2323","PSt7-10","171027-008","9/15/2022 2:43:31 PM","0000-00","0","no battery","V","","µV","","µV"
"10/14/2022","12:32:30","7","default","171425599","OXY_CH7","35.303","min","200.951","μmol/L","Humid","20.856","deg","94167","µV","27.165","°C","1020.000","hPa","36.0","pmil","0","55.700","deg","20.000","°C","100.000","%a.s.","22.210","deg","20.000","°C","971.000","hPa","0.826","-0.01532","0.000401","-0.00012","0","11.08","Humid","30.45","0","49.40","253314.44","SABD0002000012","AAV2.0.0.13","4.0.0.2323","PSt7-10","171027-008","9/15/2022 2:43:31 PM","0000-00","0","no battery","V","","µV","","µV"
"10/14/2022","12:32:31","7","default","171425599","OXY_CH7","35.319","min","201.005","μmol/L","Humid","20.855","deg","94167","µV","27.159","°C","1020.000","hPa","36.0","pmil","0","55.700","deg","20.000","°C","100.000","%a.s.","22.210","deg","20.000","°C","971.000","hPa","0.826","-0.01532","0.000401","-0.00012","0","11.08","Humid","30.45","0","49.40","253316.24","SABD0002000012","AAV2.0.0.13","4.0.0.2323","PSt7-10","171027-008","9/15/2022 2:43:31 PM","0000-00","0","no battery","V","","µV","","µV"
"10/14/2022","12:32:32","7","default","171425599","OXY_CH7","35.336","min","200.970","μmol/L","Humid","20.857","deg","94171","µV","27.159","°C","1020.000","hPa","36.0","pmil","0","55.700","deg","20.000","°C","100.000","%a.s.","22.210","deg","20.000","°C","971.000","hPa","0.826","-0.01532","0.000401","-0.00012","0","11.08","Humid","30.45","0","49.40","253309.76","SABD0002000012","AAV2.0.0.13","4.0.0.2323","PSt7-10","171027-008","9/15/2022 2:43:31 PM","0000-00","0","no battery","V","","µV","","µV"
"10/14/2022","12:32:33","7","default","171425599","OXY_CH7","35.353","min","201.024","μmol/L","Humid","20.856","deg","94169","µV","27.153","°C","1020.000","hPa","36.0","pmil","0","55.700","deg","20.000","°C","100.000","%a.s.","22.210","deg","20.000","°C","971.000","hPa","0.826","-0.01532","0.000401","-0.00012","0","11.08","Humid","30.45","0","49.40","253321.28","SABD0002000012","AAV2.0.0.13","4.0.0.2323","PSt7-10","171027-008","9/15/2022 2:43:31 PM","0000-00","0","no battery","V","","µV","","µV"
"10/14/2022","12:32:34","7","default","171425599","OXY_CH7","35.369","min","200.970","μmol/L","Humid","20.857","deg","94172","µV","27.159","°C","1020.000","hPa","36.0","pmil","0","55.700","deg","20.000","°C","100.000","%a.s.","22.210","deg","20.000","°C","971.000","hPa","0.826","-0.01532","0.000401","-0.00012","0","11.08","Humid","30.45","0","49.40","253298.70","SABD0002000012","AAV2.0.0.13","4.0.0.2323","PSt7-10","171027-008","9/15/2022 2:43:31 PM","0000-00","0","no battery","V","","µV","","µV"
"10/14/2022","12:32:35","7","default","171425599","OXY_CH7","35.386","min","200.969","μmol/L","Humid","20.855","deg","94168","µV","27.165","°C","1020.000","hPa","36.0","pmil","0","55.700","deg","20.000","°C","100.000","%a.s.","22.210","deg","20.000","°C","971.000","hPa","0.826","-0.01532","0.000401","-0.00012","0","11.08","Humid","30.45","0","49.40","253302.60","SABD0002000012","AAV2.0.0.13","4.0.0.2323","PSt7-10","171027-008","9/15/2022 2:43:31 PM","0000-00","0","no battery","V","","µV","","µV"
"10/14/2022","12:32:36","7","default","171425599","OXY_CH7","35.403","min","200.897","μmol/L","Humid","20.859","deg","94181","µV","27.165","°C","1020.000","hPa","36.0","pmil","0","55.700","deg","20.000","°C","100.000","%a.s.","22.210","deg","20.000","°C","971.000","hPa","0.826","-0.01532","0.000401","-0.00012","0","11.08","Humid","30.45","0","49.40","253321.18","SABD0002000012","AAV2.0.0.13","4.0.0.2323","PSt7-10","171027-008","9/15/2022 2:43:31 PM","0000-00","0","no battery","V","","µV","","µV"
"10/14/2022","12:32:37","7","default","171425599","OXY_CH7","35.420","min","200.916","μmol/L","Humid","20.860","deg","94182","µV","27.159","°C","1020.000","hPa","36.0","pmil","0","55.700","deg","20.000","°C","100.000","%a.s.","22.210","deg","20.000","°C","971.000","hPa","0.826","-0.01532","0.000401","-0.00012","0","11.08","Humid","30.45","0","49.40","253321.51","SABD0002000012","AAV2.0.0.13","4.0.0.2323","PSt7-10","171027-008","9/15/2022 2:43:31 PM","0000-00","0","no battery","V","","µV","","µV"
"10/14/2022","12:32:38","7","default","171425599","OXY_CH7","35.436","min","200.971","μmol/L","Humid","20.859","deg","94179","µV","27.153","°C","1020.000","hPa","36.0","pmil","0","55.700","deg","20.000","°C","100.000","%a.s.","22.210","deg","20.000","°C","971.000","hPa","0.826","-0.01532","0.000401","-0.00012","0","11.08","Humid","30.45","0","49.40","253316.70","SABD0002000012","AAV2.0.0.13","4.0.0.2323","PSt7-10","171027-008","9/15/2022 2:43:31 PM","0000-00","0","no battery","V","","µV","","µV"
"10/14/2022","12:32:39","7","default","171425599","OXY_CH7","35.453","min","200.935","μmol/L","Humid","20.861","deg","94182","µV","27.153","°C","1020.000","hPa","36.0","pmil","0","55.700","deg","20.000","°C","100.000","%a.s.","22.210","deg","20.000","°C","971.000","hPa","0.826","-0.01532","0.000401","-0.00012","0","11.08","Humid","30.45","0","49.40","253303.75","SABD0002000012","AAV2.0.0.13","4.0.0.2323","PSt7-10","171027-008","9/15/2022 2:43:31 PM","0000-00","0","no battery","V","","µV","","µV"
"10/14/2022","12:32:40","7","default","171425599","OXY_CH7","35.469","min","200.862","μmol/L","Humid","20.863","deg","94182","µV","27.159","°C","1020.000","hPa","36.0","pmil","0","55.700","deg","20.000","°C","100.000","%a.s.","22.210","deg","20.000","°C","971.000","hPa","0.826","-0.01532","0.000401","-0.00012","0","11.08","Humid","30.45","0","49.40","253314.52","SABD0002000012","AAV2.0.0.13","4.0.0.2323","PSt7-10","171027-008","9/15/2022 2:43:31 PM","0000-00","0","no battery","V","","µV","","µV"
"10/14/2022","12:32:41","7","default","171425599","OXY_CH7","35.486","min","200.825","μmol/L","Humid","20.863","deg","94191","µV","27.165","°C","1020.000","hPa","36.0","pmil","0","55.700","deg","20.000","°C","100.000","%a.s.","22.210","deg","20.000","°C","971.000","hPa","0.826","-0.01532","0.000401","-0.00012","0","11.08","Humid","30.45","0","49.40","253306.44","SABD0002000012","AAV2.0.0.13","4.0.0.2323","PSt7-10","171027-008","9/15/2022 2:43:31 PM","0000-00","0","no battery","V","","µV","","µV"
"10/14/2022","12:32:42","7","default","171425599","OXY_CH7","35.503","min","200.916","μmol/L","Humid","20.860","deg","94184","µV","27.159","°C","1020.000","hPa","36.0","pmil","0","55.700","deg","20.000","°C","100.000","%a.s.","22.210","deg","20.000","°C","971.000","hPa","0.826","-0.01532","0.000401","-0.00012","0","11.08","Humid","30.45","0","49.40","253303.52","SABD0002000012","AAV2.0.0.13","4.0.0.2323","PSt7-10","171027-008","9/15/2022 2:43:31 PM","0000-00","0","no battery","V","","µV","","µV"
"10/14/2022","12:32:43","7","default","171425599","OXY_CH7","35.519","min","200.934","μmol/L","Humid","20.859","deg","94183","µV","27.159","°C","1020.000","hPa","36.0","pmil","0","55.700","deg","20.000","°C","100.000","%a.s.","22.210","deg","20.000","°C","971.000","hPa","0.826","-0.01532","0.000401","-0.00012","0","11.08","Humid","30.45","0","49.40","253294.60","SABD0002000012","AAV2.0.0.13","4.0.0.2323","PSt7-10","171027-008","9/15/2022 2:43:31 PM","0000-00","0","no battery","V","","µV","","µV"
"10/14/2022","12:32:44","7","default","171425599","OXY_CH7","35.536","min","200.916","μmol/L","Humid","20.860","deg","94196","µV","27.159","°C","1020.000","hPa","36.0","pmil","0","55.700","deg","20.000","°C","100.000","%a.s.","22.210","deg","20.000","°C","971.000","hPa","0.826","-0.01532","0.000401","-0.00012","0","11.08","Humid","30.45","0","49.40","253311.87","SABD0002000012","AAV2.0.0.13","4.0.0.2323","PSt7-10","171027-008","9/15/2022 2:43:31 PM","0000-00","0","no battery","V","","µV","","µV"
"10/14/2022","12:32:45","7","default","171425599","OXY_CH7","35.553","min","200.825","μmol/L","Humid","20.863","deg","94190","µV","27.165","°C","1020.000","hPa","36.0","pmil","0","55.700","deg","20.000","°C","100.000","%a.s.","22.210","deg","20.000","°C","971.000","hPa","0.826","-0.01532","0.000401","-0.00012","0","11.08","Humid","30.45","0","49.40","253303.92","SABD0002000012","AAV2.0.0.13","4.0.0.2323","PSt7-10","171027-008","9/15/2022 2:43:31 PM","0000-00","0","no battery","V","","µV","","µV"
"10/14/2022","12:32:46","7","default","171425599","OXY_CH7","35.570","min","200.880","μmol/L","Humid","20.862","deg","94190","µV","27.159","°C","1020.000","hPa","36.0","pmil","0","55.700","deg","20.000","°C","100.000","%a.s.","22.210","deg","20.000","°C","971.000","hPa","0.826","-0.01532","0.000401","-0.00012","0","11.08","Humid","30.45","0","49.40","253305.42","SABD0002000012","AAV2.0.0.13","4.0.0.2323","PSt7-10","171027-008","9/15/2022 2:43:31 PM","0000-00","0","no battery","V","","µV","","µV"
"10/14/2022","12:32:47","7","default","171425599","OXY_CH7","35.586","min","200.844","μmol/L","Humid","20.864","deg","94192","µV","27.159","°C","1020.000","hPa","36.0","pmil","0","55.700","deg","20.000","°C","100.000","%a.s.","22.210","deg","20.000","°C","971.000","hPa","0.826","-0.01532","0.000401","-0.00012","0","11.08","Humid","30.45","0","49.40","253292.92","SABD0002000012","AAV2.0.0.13","4.0.0.2323","PSt7-10","171027-008","9/15/2022 2:43:31 PM","0000-00","0","no battery","V","","µV","","µV"
"10/14/2022","12:32:48","7","default","171425599","OXY_CH7","35.603","min","200.862","μmol/L","Humid","20.863","deg","94199","µV","27.159","°C","1020.000","hPa","36.0","pmil","0","55.700","deg","20.000","°C","100.000","%a.s.","22.210","deg","20.000","°C","971.000","hPa","0.826","-0.01532","0.000401","-0.00012","0","11.08","Humid","30.45","0","49.40","253305.67","SABD0002000012","AAV2.0.0.13","4.0.0.2323","PSt7-10","171027-008","9/15/2022 2:43:31 PM","0000-00","0","no battery","V","","µV","","µV"
"10/14/2022","12:32:49","7","default","171425599","OXY_CH7","35.619","min","200.735","μmol/L","Humid","20.868","deg","94201","µV","27.165","°C","1020.000","hPa","36.0","pmil","0","55.700","deg","20.000","°C","100.000","%a.s.","22.210","deg","20.000","°C","971.000","hPa","0.826","-0.01532","0.000401","-0.00012","0","11.08","Humid","30.45","0","49.40","253299.56","SABD0002000012","AAV2.0.0.13","4.0.0.2323","PSt7-10","171027-008","9/15/2022 2:43:31 PM","0000-00","0","no battery","V","","µV","","µV"
"10/14/2022","12:32:50","7","default","171425599","OXY_CH7","35.636","min","200.825","μmol/L","Humid","20.863","deg","94201","µV","27.165","°C","1020.000","hPa","36.0","pmil","0","55.700","deg","20.000","°C","100.000","%a.s.","22.210","deg","20.000","°C","971.000","hPa","0.826","-0.01532","0.000401","-0.00012","0","11.08","Humid","30.45","0","49.40","253304.85","SABD0002000012","AAV2.0.0.13","4.0.0.2323","PSt7-10","171027-008","9/15/2022 2:43:31 PM","0000-00","0","no battery","V","","µV","","µV"
"10/14/2022","12:32:51","7","default","171425599","OXY_CH7","35.653","min","200.827","μmol/L","Humid","20.867","deg","94205","µV","27.153","°C","1020.000","hPa","36.0","pmil","0","55.700","deg","20.000","°C","100.000","%a.s.","22.210","deg","20.000","°C","971.000","hPa","0.826","-0.01532","0.000401","-0.00012","0","11.08","Humid","30.45","0","49.40","253302.83","SABD0002000012","AAV2.0.0.13","4.0.0.2323","PSt7-10","171027-008","9/15/2022 2:43:31 PM","0000-00","0","no battery","V","","µV","","µV"
"10/14/2022","12:32:52","7","default","171425599","OXY_CH7","35.669","min","200.808","μmol/L","Humid","20.866","deg","94201","µV","27.159","°C","1020.000","hPa","36.0","pmil","0","55.700","deg","20.000","°C","100.000","%a.s.","22.210","deg","20.000","°C","971.000","hPa","0.826","-0.01532","0.000401","-0.00012","0","11.08","Humid","30.45","0","49.40","253292.25","SABD0002000012","AAV2.0.0.13","4.0.0.2323","PSt7-10","171027-008","9/15/2022 2:43:31 PM","0000-00","0","no battery","V","","µV","","µV"
"10/14/2022","12:32:53","7","default","171425599","OXY_CH7","35.686","min","200.737","μmol/L","Humid","20.870","deg","94206","µV","27.159","°C","1020.000","hPa","36.0","pmil","0","55.700","deg","20.000","°C","100.000","%a.s.","22.210","deg","20.000","°C","971.000","hPa","0.826","-0.01532","0.000401","-0.00012","0","11.08","Humid","30.45","0","49.40","253304.05","SABD0002000012","AAV2.0.0.13","4.0.0.2323","PSt7-10","171027-008","9/15/2022 2:43:31 PM","0000-00","0","no battery","V","","µV","","µV"
"10/14/2022","12:32:54","7","default","171425599","OXY_CH7","35.703","min","200.754","μmol/L","Humid","20.869","deg","94205","µV","27.159","°C","1020.000","hPa","36.0","pmil","0","55.700","deg","20.000","°C","100.000","%a.s.","22.210","deg","20.000","°C","971.000","hPa","0.826","-0.01532","0.000401","-0.00012","0","11.08","Humid","30.45","0","49.40","253305.88","SABD0002000012","AAV2.0.0.13","4.0.0.2323","PSt7-10","171027-008","9/15/2022 2:43:31 PM","0000-00","0","no battery","V","","µV","","µV"
"10/14/2022","12:32:55","7","default","171425599","OXY_CH7","35.720","min","200.862","μmol/L","Humid","20.863","deg","94208","µV","27.159","°C","1020.000","hPa","36.0","pmil","0","55.700","deg","20.000","°C","100.000","%a.s.","22.210","deg","20.000","°C","971.000","hPa","0.826","-0.01532","0.000401","-0.00012","0","11.08","Humid","30.45","0","49.40","253300.91","SABD0002000012","AAV2.0.0.13","4.0.0.2323","PSt7-10","171027-008","9/15/2022 2:43:31 PM","0000-00","0","no battery","V","","µV","","µV"
"10/14/2022","12:32:56","7","default","171425599","OXY_CH7","35.736","min","200.772","μmol/L","Humid","20.868","deg","94215","µV","27.159","°C","1020.000","hPa","36.0","pmil","0","55.700","deg","20.000","°C","100.000","%a.s.","22.210","deg","20.000","°C","971.000","hPa","0.826","-0.01532","0.000401","-0.00012","0","11.08","Humid","30.45","0","49.40","253307.84","SABD0002000012","AAV2.0.0.13","4.0.0.2323","PSt7-10","171027-008","9/15/2022 2:43:31 PM","0000-00","0","no battery","V","","µV","","µV"
"10/14/2022","12:32:57","7","default","171425599","OXY_CH7","35.753","min","200.790","μmol/L","Humid","20.867","deg","94215","µV","27.159","°C","1020.000","hPa","36.0","pmil","0","55.700","deg","20.000","°C","100.000","%a.s.","22.210","deg","20.000","°C","971.000","hPa","0.826","-0.01532","0.000401","-0.00012","0","11.08","Humid","30.45","0","49.40","253307.54","SABD0002000012","AAV2.0.0.13","4.0.0.2323","PSt7-10","171027-008","9/15/2022 2:43:31 PM","0000-00","0","no battery","V","","µV","","µV"
"10/14/2022","12:32:58","7","default","171425599","OXY_CH7","35.770","min","200.700","μmol/L","Humid","20.870","deg","94219","µV","27.165","°C","1020.000","hPa","36.0","pmil","0","55.700","deg","20.000","°C","100.000","%a.s.","22.210","deg","20.000","°C","971.000","hPa","0.826","-0.01532","0.000401","-0.00012","0","11.08","Humid","30.45","0","49.40","253314.33","SABD0002000012","AAV2.0.0.13","4.0.0.2323","PSt7-10","171027-008","9/15/2022 2:43:31 PM","0000-00","0","no battery","V","","µV","","µV"
"10/14/2022","12:32:59","7","default","171425599","OXY_CH7","35.787","min","200.737","μmol/L","Humid","20.870","deg","94228","µV","27.159","°C","1020.000","hPa","36.0","pmil","0","55.700","deg","20.000","°C","100.000","%a.s.","22.210","deg","20.000","°C","971.000","hPa","0.826","-0.01532","0.000401","-0.00012","0","11.08","Humid","30.45","0","49.40","253308.59","SABD0002000012","AAV2.0.0.13","4.0.0.2323","PSt7-10","171027-008","9/15/2022 2:43:31 PM","0000-00","0","no battery","V","","µV","","µV"
"10/14/2022","12:33:00","7","default","171425599","OXY_CH7","35.803","min","200.735","μmol/L","Humid","20.868","deg","94225","µV","27.165","°C","1020.000","hPa","36.0","pmil","0","55.700","deg","20.000","°C","100.000","%a.s.","22.210","deg","20.000","°C","971.000","hPa","0.826","-0.01532","0.000401","-0.00012","0","11.08","Humid","30.45","0","49.40","253294.68","SABD0002000012","AAV2.0.0.13","4.0.0.2323","PSt7-10","171027-008","9/15/2022 2:43:31 PM","0000-00","0","no battery","V","","µV","","µV"
"10/14/2022","12:33:01","7","default","171425599","OXY_CH7","35.819","min","200.682","μmol/L","Humid","20.871","deg","94221","µV","27.165","°C","1020.000","hPa","36.0","pmil","0","55.700","deg","20.000","°C","100.000","%a.s.","22.210","deg","20.000","°C","971.000","hPa","0.826","-0.01532","0.000401","-0.00012","0","11.08","Humid","30.45","0","49.40","253309.87","SABD0002000012","AAV2.0.0.13","4.0.0.2323","PSt7-10","171027-008","9/15/2022 2:43:31 PM","0000-00","0","no battery","V","","µV","","µV"
"10/14/2022","12:33:02","7","default","171425599","OXY_CH7","35.836","min","200.737","μmol/L","Humid","20.870","deg","94226","µV","27.159","°C","1020.000","hPa","36.0","pmil","0","55.700","deg","20.000","°C","100.000","%a.s.","22.210","deg","20.000","°C","971.000","hPa","0.826","-0.01532","0.000401","-0.00012","0","11.08","Humid","30.45","0","49.40","253308.29","SABD0002000012","AAV2.0.0.13","4.0.0.2323","PSt7-10","171027-008","9/15/2022 2:43:31 PM","0000-00","0","no battery","V","","µV","","µV"
"10/14/2022","12:33:03","7","default","171425599","OXY_CH7","35.853","min","200.702","μmol/L","Humid","20.874","deg","94223","µV","27.153","°C","1020.000","hPa","36.0","pmil","0","55.700","deg","20.000","°C","100.000","%a.s.","22.210","deg","20.000","°C","971.000","hPa","0.826","-0.01532","0.000401","-0.00012","0","11.08","Humid","30.45","0","49.40","253307.54","SABD0002000012","AAV2.0.0.13","4.0.0.2323","PSt7-10","171027-008","9/15/2022 2:43:31 PM","0000-00","0","no battery","V","","µV","","µV"
"10/14/2022","12:33:04","7","default","171425599","OXY_CH7","35.869","min","200.755","μmol/L","Humid","20.871","deg","94224","µV","27.153","°C","1020.000","hPa","36.0","pmil","0","55.700","deg","20.000","°C","100.000","%a.s.","22.210","deg","20.000","°C","971.000","hPa","0.826","-0.01532","0.000401","-0.00012","0","11.08","Humid","30.45","0","49.40","253298.43","SABD0002000012","AAV2.0.0.13","4.0.0.2323","PSt7-10","171027-008","9/15/2022 2:43:31 PM","0000-00","0","no battery","V","","µV","","µV"
"10/14/2022","12:33:05","7","default","171425599","OXY_CH7","35.886","min","200.665","μmol/L","Humid","20.874","deg","94231","µV","27.159","°C","1020.000","hPa","36.0","pmil","0","55.700","deg","20.000","°C","100.000","%a.s.","22.210","deg","20.000","°C","971.000","hPa","0.826","-0.01532","0.000401","-0.00012","0","11.08","Humid","30.45","0","49.40","253299.91","SABD0002000012","AAV2.0.0.13","4.0.0.2323","PSt7-10","171027-008","9/15/2022 2:43:31 PM","0000-00","0","no battery","V","","µV","","µV"
"10/14/2022","12:33:06","7","default","171425599","OXY_CH7","35.903","min","200.701","μmol/L","Humid","20.872","deg","94233","µV","27.159","°C","1020.000","hPa","36.0","pmil","0","55.700","deg","20.000","°C","100.000","%a.s.","22.210","deg","20.000","°C","971.000","hPa","0.826","-0.01532","0.000401","-0.00012","0","11.08","Humid","30.45","0","49.40","253307.90","SABD0002000012","AAV2.0.0.13","4.0.0.2323","PSt7-10","171027-008","9/15/2022 2:43:31 PM","0000-00","0","no battery","V","","µV","","µV"
"10/14/2022","12:33:07","7","default","171425599","OXY_CH7","35.920","min","200.629","μmol/L","Humid","20.876","deg","94224","µV","27.159","°C","1020.000","hPa","36.0","pmil","0","55.700","deg","20.000","°C","100.000","%a.s.","22.210","deg","20.000","°C","971.000","hPa","0.826","-0.01532","0.000401","-0.00012","0","11.08","Humid","30.45","0","49.40","253308.88","SABD0002000012","AAV2.0.0.13","4.0.0.2323","PSt7-10","171027-008","9/15/2022 2:43:31 PM","0000-00","0","no battery","V","","µV","","µV"
"10/14/2022","12:33:08","7","default","171425599","OXY_CH7","35.936","min","200.664","μmol/L","Humid","20.872","deg","94236","µV","27.165","°C","1020.000","hPa","36.0","pmil","0","55.700","deg","20.000","°C","100.000","%a.s.","22.210","deg","20.000","°C","971.000","hPa","0.826","-0.01532","0.000401","-0.00012","0","11.08","Humid","30.45","0","49.40","253308.30","SABD0002000012","AAV2.0.0.13","4.0.0.2323","PSt7-10","171027-008","9/15/2022 2:43:31 PM","0000-00","0","no battery","V","","µV","","µV"
"10/14/2022","12:33:09","7","default","171425599","OXY_CH7","35.953","min","200.646","μmol/L","Humid","20.873","deg","94232","µV","27.165","°C","1020.000","hPa","36.0","pmil","0","55.700","deg","20.000","°C","100.000","%a.s.","22.210","deg","20.000","°C","971.000","hPa","0.826","-0.01532","0.000401","-0.00012","0","11.08","Humid","30.45","0","49.40","253307.34","SABD0002000012","AAV2.0.0.13","4.0.0.2323","PSt7-10","171027-008","9/15/2022 2:43:31 PM","0000-00","0","no battery","V","","µV","","µV"
"10/14/2022","12:33:10","7","default","171425599","OXY_CH7","35.969","min","200.537","μmol/L","Humid","20.877","deg","94235","µV","27.171","°C","1020.000","hPa","36.0","pmil","0","55.700","deg","20.000","°C","100.000","%a.s.","22.210","deg","20.000","°C","971.000","hPa","0.826","-0.01532","0.000401","-0.00012","0","11.08","Humid","30.45","0","49.40","253305.10","SABD0002000012","AAV2.0.0.13","4.0.0.2323","PSt7-10","171027-008","9/15/2022 2:43:31 PM","0000-00","0","no battery","V","","µV","","µV"
"10/14/2022","12:33:11","7","default","171425599","OXY_CH7","35.986","min","200.665","μmol/L","Humid","20.874","deg","94241","µV","27.159","°C","1020.000","hPa","36.0","pmil","0","55.700","deg","20.000","°C","100.000","%a.s.","22.210","deg","20.000","°C","971.000","hPa","0.826","-0.01532","0.000401","-0.00012","0","11.08","Humid","30.45","0","49.40","253304.60","SABD0002000012","AAV2.0.0.13","4.0.0.2323","PSt7-10","171027-008","9/15/2022 2:43:31 PM","0000-00","0","no battery","V","","µV","","µV"
"10/14/2022","12:33:12","7","default","171425599","OXY_CH7","36.003","min","200.629","μmol/L","Humid","20.876","deg","94241","µV","27.159","°C","1020.000","hPa","36.0","pmil","0","55.700","deg","20.000","°C","100.000","%a.s.","22.210","deg","20.000","°C","971.000","hPa","0.826","-0.01532","0.000401","-0.00012","0","11.08","Humid","30.45","0","49.40","253301.91","SABD0002000012","AAV2.0.0.13","4.0.0.2323","PSt7-10","171027-008","9/15/2022 2:43:31 PM","0000-00","0","no battery","V","","µV","","µV"
"10/14/2022","12:33:13","7","default","171425599","OXY_CH7","36.019","min","200.575","μmol/L","Humid","20.879","deg","94245","µV","27.159","°C","1020.000","hPa","36.0","pmil","0","55.700","deg","20.000","°C","100.000","%a.s.","22.210","deg","20.000","°C","971.000","hPa","0.826","-0.01532","0.000401","-0.00012","0","11.08","Humid","30.45","0","49.40","253294.60","SABD0002000012","AAV2.0.0.13","4.0.0.2323","PSt7-10","171027-008","9/15/2022 2:43:31 PM","0000-00","0","no battery","V","","µV","","µV"
"10/14/2022","12:33:14","7","default","171425599","OXY_CH7","36.036","min","200.611","μmol/L","Humid","20.877","deg","94244","µV","27.159","°C","1020.000","hPa","36.0","pmil","0","55.700","deg","20.000","°C","100.000","%a.s.","22.210","deg","20.000","°C","971.000","hPa","0.826","-0.01532","0.000401","-0.00012","0","11.08","Humid","30.45","0","49.40","253300.79","SABD0002000012","AAV2.0.0.13","4.0.0.2323","PSt7-10","171027-008","9/15/2022 2:43:31 PM","0000-00","0","no battery","V","","µV","","µV"
"10/14/2022","12:33:15","7","default","171425599","OXY_CH7","36.053","min","200.612","μmol/L","Humid","20.879","deg","94244","µV","27.153","°C","1020.000","hPa","36.0","pmil","0","55.700","deg","20.000","°C","100.000","%a.s.","22.210","deg","20.000","°C","971.000","hPa","0.826","-0.01532","0.000401","-0.00012","0","11.08","Humid","30.45","0","49.40","253304.04","SABD0002000012","AAV2.0.0.13","4.0.0.2323","PSt7-10","171027-008","9/15/2022 2:43:31 PM","0000-00","0","no battery","V","","µV","","µV"
"10/14/2022","12:33:16","7","default","171425599","OXY_CH7","36.070","min","200.504","μmol/L","Humid","20.883","deg","94249","µV","27.159","°C","1020.000","hPa","36.0","pmil","0","55.700","deg","20.000","°C","100.000","%a.s.","22.210","deg","20.000","°C","971.000","hPa","0.826","-0.01532","0.000401","-0.00012","0","11.08","Humid","30.45","0","49.40","253288.17","SABD0002000012","AAV2.0.0.13","4.0.0.2323","PSt7-10","171027-008","9/15/2022 2:43:31 PM","0000-00","0","no battery","V","","µV","","µV"
"10/14/2022","12:33:17","7","default","171425599","OXY_CH7","36.086","min","200.574","μmol/L","Humid","20.877","deg","94251","µV","27.165","°C","1020.000","hPa","36.0","pmil","0","55.700","deg","20.000","°C","100.000","%a.s.","22.210","deg","20.000","°C","971.000","hPa","0.826","-0.01532","0.000401","-0.00012","0","11.08","Humid","30.45","0","49.40","253293.61","SABD0002000012","AAV2.0.0.13","4.0.0.2323","PSt7-10","171027-008","9/15/2022 2:43:31 PM","0000-00","0","no battery","V","","µV","","µV"
"10/14/2022","12:33:18","7","default","171425599","OXY_CH7","36.103","min","200.504","μmol/L","Humid","20.883","deg","94244","µV","27.159","°C","1020.000","hPa","36.0","pmil","0","55.700","deg","20.000","°C","100.000","%a.s.","22.210","deg","20.000","°C","971.000","hPa","0.826","-0.01532","0.000401","-0.00012","0","11.08","Humid","30.45","0","49.40","253288.77","SABD0002000012","AAV2.0.0.13","4.0.0.2323","PSt7-10","171027-008","9/15/2022 2:43:31 PM","0000-00","0","no battery","V","","µV","","µV"
"10/14/2022","12:33:19","7","default","171425599","OXY_CH7","36.119","min","200.630","μmol/L","Humid","20.878","deg","94251","µV","27.153","°C","1020.000","hPa","36.0","pmil","0","55.700","deg","20.000","°C","100.000","%a.s.","22.210","deg","20.000","°C","971.000","hPa","0.826","-0.01532","0.000401","-0.00012","0","11.08","Humid","30.45","0","49.40","253299.50","SABD0002000012","AAV2.0.0.13","4.0.0.2323","PSt7-10","171027-008","9/15/2022 2:43:31 PM","0000-00","0","no battery","V","","µV","","µV"
"10/14/2022","12:33:20","7","default","171425599","OXY_CH7","36.136","min","200.593","μmol/L","Humid","20.878","deg","94259","µV","27.159","°C","1020.000","hPa","36.0","pmil","0","55.700","deg","20.000","°C","100.000","%a.s.","22.210","deg","20.000","°C","971.000","hPa","0.826","-0.01532","0.000401","-0.00012","0","11.08","Humid","30.45","0","49.40","253284.93","SABD0002000012","AAV2.0.0.13","4.0.0.2323","PSt7-10","171027-008","9/15/2022 2:43:31 PM","0000-00","0","no battery","V","","µV","","µV"
"10/14/2022","12:33:21","7","default","171425599","OXY_CH7","36.153","min","200.541","μmol/L","Humid","20.883","deg","94256","µV","27.153","°C","1020.000","hPa","36.0","pmil","0","55.700","deg","20.000","°C","100.000","%a.s.","22.210","deg","20.000","°C","971.000","hPa","0.826","-0.01532","0.000401","-0.00012","0","11.08","Humid","30.45","0","49.40","253295.00","SABD0002000012","AAV2.0.0.13","4.0.0.2323","PSt7-10","171027-008","9/15/2022 2:43:31 PM","0000-00","0","no battery","V","","µV","","µV"
"10/14/2022","12:33:22","7","default","171425599","OXY_CH7","36.169","min","200.432","μmol/L","Humid","20.887","deg","94253","µV","27.159","°C","1020.000","hPa","36.0","pmil","0","55.700","deg","20.000","°C","100.000","%a.s.","22.210","deg","20.000","°C","971.000","hPa","0.826","-0.01532","0.000401","-0.00012","0","11.08","Humid","30.45","0","49.40","253293.54","SABD0002000012","AAV2.0.0.13","4.0.0.2323","PSt7-10","171027-008","9/15/2022 2:43:31 PM","0000-00","0","no battery","V","","µV","","µV"
"10/14/2022","12:33:23","7","default","171425599","OXY_CH7","36.186","min","200.486","μmol/L","Humid","20.884","deg","94256","µV","27.159","°C","1020.000","hPa","36.0","pmil","0","55.700","deg","20.000","°C","100.000","%a.s.","22.210","deg","20.000","°C","971.000","hPa","0.826","-0.01532","0.000401","-0.00012","0","11.08","Humid","30.45","0","49.40","253289.44","SABD0002000012","AAV2.0.0.13","4.0.0.2323","PSt7-10","171027-008","9/15/2022 2:43:31 PM","0000-00","0","no battery","V","","µV","","µV"
"10/14/2022","12:33:24","7","default","171425599","OXY_CH7","36.203","min","200.486","μmol/L","Humid","20.884","deg","94266","µV","27.159","°C","1020.000","hPa","36.0","pmil","0","55.700","deg","20.000","°C","100.000","%a.s.","22.210","deg","20.000","°C","971.000","hPa","0.826","-0.01532","0.000401","-0.00012","0","11.08","Humid","30.45","0","49.40","253302.26","SABD0002000012","AAV2.0.0.13","4.0.0.2323","PSt7-10","171027-008","9/15/2022 2:43:31 PM","0000-00","0","no battery","V","","µV","","µV"
"10/14/2022","12:33:25","7","default","171425599","OXY_CH7","36.220","min","200.487","μmol/L","Humid","20.886","deg","94264","µV","27.153","°C","1020.000","hPa","36.0","pmil","0","55.700","deg","20.000","°C","100.000","%a.s.","22.210","deg","20.000","°C","971.000","hPa","0.826","-0.01532","0.000401","-0.00012","0","11.08","Humid","30.45","0","49.40","253304.51","SABD0002000012","AAV2.0.0.13","4.0.0.2323","PSt7-10","171027-008","9/15/2022 2:43:31 PM","0000-00","0","no battery","V","","µV","","µV"
"10/14/2022","12:33:26","7","default","171425599","OXY_CH7","36.236","min","200.450","μmol/L","Humid","20.886","deg","94261","µV","27.159","°C","1020.000","hPa","36.0","pmil","0","55.700","deg","20.000","°C","100.000","%a.s.","22.210","deg","20.000","°C","971.000","hPa","0.826","-0.01532","0.000401","-0.00012","0","11.08","Humid","30.45","0","49.40","253297.76","SABD0002000012","AAV2.0.0.13","4.0.0.2323","PSt7-10","171027-008","9/15/2022 2:43:31 PM","0000-00","0","no battery","V","","µV","","µV"
"10/14/2022","12:33:27","7","default","171425599","OXY_CH7","36.253","min","200.449","μmol/L","Humid","20.884","deg","94268","µV","27.165","°C","1020.000","hPa","36.0","pmil","0","55.700","deg","20.000","°C","100.000","%a.s.","22.210","deg","20.000","°C","971.000","hPa","0.826","-0.01532","0.000401","-0.00012","0","11.08","Humid","30.45","0","49.40","253306.68","SABD0002000012","AAV2.0.0.13","4.0.0.2323","PSt7-10","171027-008","9/15/2022 2:43:31 PM","0000-00","0","no battery","V","","µV","","µV"
"10/14/2022","12:33:28","7","default","171425599","OXY_CH7","36.269","min","200.450","μmol/L","Humid","20.886","deg","94269","µV","27.159","°C","1020.000","hPa","36.0","pmil","0","55.700","deg","20.000","°C","100.000","%a.s.","22.210","deg","20.000","°C","971.000","hPa","0.826","-0.01532","0.000401","-0.00012","0","11.08","Humid","30.45","0","49.40","253307.61","SABD0002000012","AAV2.0.0.13","4.0.0.2323","PSt7-10","171027-008","9/15/2022 2:43:31 PM","0000-00","0","no battery","V","","µV","","µV"
"10/14/2022","12:33:29","7","default","171425599","OXY_CH7","36.286","min","200.432","μmol/L","Humid","20.887","deg","94272","µV","27.159","°C","1020.000","hPa","36.0","pmil","0","55.700","deg","20.000","°C","100.000","%a.s.","22.210","deg","20.000","°C","971.000","hPa","0.826","-0.01532","0.000401","-0.00012","0","11.08","Humid","30.45","0","49.40","253308.72","SABD0002000012","AAV2.0.0.13","4.0.0.2323","PSt7-10","171027-008","9/15/2022 2:43:31 PM","0000-00","0","no battery","V","","µV","","µV"
"10/14/2022","12:33:30","7","default","171425599","OXY_CH7","36.303","min","200.450","μmol/L","Humid","20.886","deg","94271","µV","27.159","°C","1020.000","hPa","36.0","pmil","0","55.700","deg","20.000","°C","100.000","%a.s.","22.210","deg","20.000","°C","971.000","hPa","0.826","-0.01532","0.000401","-0.00012","0","11.08","Humid","30.45","0","49.40","253312.64","SABD0002000012","AAV2.0.0.13","4.0.0.2323","PSt7-10","171027-008","9/15/2022 2:43:31 PM","0000-00","0","no battery","V","","µV","","µV"
"10/14/2022","12:33:31","7","default","171425599","OXY_CH7","36.319","min","200.486","μmol/L","Humid","20.884","deg","94274","µV","27.159","°C","1020.000","hPa","36.0","pmil","0","55.700","deg","20.000","°C","100.000","%a.s.","22.210","deg","20.000","°C","971.000","hPa","0.826","-0.01532","0.000401","-0.00012","0","11.08","Humid","30.45","0","49.40","253305.30","SABD0002000012","AAV2.0.0.13","4.0.0.2323","PSt7-10","171027-008","9/15/2022 2:43:31 PM","0000-00","0","no battery","V","","µV","","µV"
"10/14/2022","12:33:32","7","default","171425599","OXY_CH7","36.336","min","200.414","μmol/L","Humid","20.888","deg","94275","µV","27.159","°C","1020.000","hPa","36.0","pmil","0","55.700","deg","20.000","°C","100.000","%a.s.","22.210","deg","20.000","°C","971.000","hPa","0.826","-0.01532","0.000401","-0.00012","0","11.08","Humid","30.45","0","49.40","253306.59","SABD0002000012","AAV2.0.0.13","4.0.0.2323","PSt7-10","171027-008","9/15/2022 2:43:31 PM","0000-00","0","no battery","V","","µV","","µV"
"10/14/2022","12:33:33","7","default","171425599","OXY_CH7","36.353","min","200.432","μmol/L","Humid","20.887","deg","94284","µV","27.159","°C","1020.000","hPa","36.0","pmil","0","55.700","deg","20.000","°C","100.000","%a.s.","22.210","deg","20.000","°C","971.000","hPa","0.826","-0.01532","0.000401","-0.00012","0","11.08","Humid","30.45","0","49.40","253308.56","SABD0002000012","AAV2.0.0.13","4.0.0.2323","PSt7-10","171027-008","9/15/2022 2:43:31 PM","0000-00","0","no battery","V","","µV","","µV"
"10/14/2022","12:33:34","7","default","171425599","OXY_CH7","36.370","min","200.451","μmol/L","Humid","20.888","deg","94280","µV","27.153","°C","1020.000","hPa","36.0","pmil","0","55.700","deg","20.000","°C","100.000","%a.s.","22.210","deg","20.000","°C","971.000","hPa","0.826","-0.01532","0.000401","-0.00012","0","11.08","Humid","30.45","0","49.40","253312.45","SABD0002000012","AAV2.0.0.13","4.0.0.2323","PSt7-10","171027-008","9/15/2022 2:43:31 PM","0000-00","0","no battery","V","","µV","","µV"
"10/14/2022","12:33:35","7","default","171425599","OXY_CH7","36.386","min","200.376","μmol/L","Humid","20.886","deg","94288","µV","27.171","°C","1020.000","hPa","36.0","pmil","0","55.700","deg","20.000","°C","100.000","%a.s.","22.210","deg","20.000","°C","971.000","hPa","0.826","-0.01532","0.000401","-0.00012","0","11.08","Humid","30.45","0","49.40","253311.13","SABD0002000012","AAV2.0.0.13","4.0.0.2323","PSt7-10","171027-008","9/15/2022 2:43:31 PM","0000-00","0","no battery","V","","µV","","µV"
"10/14/2022","12:33:36","7","default","171425599","OXY_CH7","36.402","min","200.324","μmol/L","Humid","20.891","deg","94281","µV","27.165","°C","1020.000","hPa","36.0","pmil","0","55.700","deg","20.000","°C","100.000","%a.s.","22.210","deg","20.000","°C","971.000","hPa","0.826","-0.01532","0.000401","-0.00012","0","11.08","Humid","30.45","0","49.40","253300.97","SABD0002000012","AAV2.0.0.13","4.0.0.2323","PSt7-10","171027-008","9/15/2022 2:43:31 PM","0000-00","0","no battery","V","","µV","","µV"
"10/14/2022","12:33:37","7","default","171425599","OXY_CH7","36.419","min","200.433","μmol/L","Humid","20.889","deg","94285","µV","27.153","°C","1020.000","hPa","36.0","pmil","0","55.700","deg","20.000","°C","100.000","%a.s.","22.210","deg","20.000","°C","971.000","hPa","0.826","-0.01532","0.000401","-0.00012","0","11.08","Humid","30.45","0","49.40","253307.25","SABD0002000012","AAV2.0.0.13","4.0.0.2323","PSt7-10","171027-008","9/15/2022 2:43:31 PM","0000-00","0","no battery","V","","µV","","µV"
"10/14/2022","12:33:38","7","default","171425599","OXY_CH7","36.436","min","200.414","μmol/L","Humid","20.888","deg","94290","µV","27.159","°C","1020.000","hPa","36.0","pmil","0","55.700","deg","20.000","°C","100.000","%a.s.","22.210","deg","20.000","°C","971.000","hPa","0.826","-0.01532","0.000401","-0.00012","0","11.08","Humid","30.45","0","49.40","253308.30","SABD0002000012","AAV2.0.0.13","4.0.0.2323","PSt7-10","171027-008","9/15/2022 2:43:31 PM","0000-00","0","no battery","V","","µV","","µV"
"10/14/2022","12:33:39","7","default","171425599","OXY_CH7","36.453","min","200.469","μmol/L","Humid","20.887","deg","94291","µV","27.153","°C","1020.000","hPa","36.0","pmil","0","55.700","deg","20.000","°C","100.000","%a.s.","22.210","deg","20.000","°C","971.000","hPa","0.826","-0.01532","0.000401","-0.00012","0","11.08","Humid","30.45","0","49.40","253306.00","SABD0002000012","AAV2.0.0.13","4.0.0.2323","PSt7-10","171027-008","9/15/2022 2:43:31 PM","0000-00","0","no battery","V","","µV","","µV"
"10/14/2022","12:33:40","7","default","171425599","OXY_CH7","36.470","min","200.307","μmol/L","Humid","20.894","deg","94295","µV","27.159","°C","1020.000","hPa","36.0","pmil","0","55.700","deg","20.000","°C","100.000","%a.s.","22.210","deg","20.000","°C","971.000","hPa","0.826","-0.01532","0.000401","-0.00012","0","11.08","Humid","30.45","0","49.40","253315.94","SABD0002000012","AAV2.0.0.13","4.0.0.2323","PSt7-10","171027-008","9/15/2022 2:43:31 PM","0000-00","0","no battery","V","","µV","","µV"
"10/14/2022","12:33:41","7","default","171425599","OXY_CH7","36.486","min","200.414","μmol/L","Humid","20.888","deg","94300","µV","27.159","°C","1020.000","hPa","36.0","pmil","0","55.700","deg","20.000","°C","100.000","%a.s.","22.210","deg","20.000","°C","971.000","hPa","0.826","-0.01532","0.000401","-0.00012","0","11.08","Humid","30.45","0","49.40","253301.73","SABD0002000012","AAV2.0.0.13","4.0.0.2323","PSt7-10","171027-008","9/15/2022 2:43:31 PM","0000-00","0","no battery","V","","µV","","µV"
"10/14/2022","12:33:42","7","default","171425599","OXY_CH7","36.503","min","200.379","μmol/L","Humid","20.890","deg","94295","µV","27.159","°C","1020.000","hPa","36.0","pmil","0","55.700","deg","20.000","°C","100.000","%a.s.","22.210","deg","20.000","°C","971.000","hPa","0.826","-0.01532","0.000401","-0.00012","0","11.08","Humid","30.45","0","49.40","253285.83","SABD0002000012","AAV2.0.0.13","4.0.0.2323","PSt7-10","171027-008","9/15/2022 2:43:31 PM","0000-00","0","no battery","V","","µV","","µV"
"10/14/2022","12:33:43","7","default","171425599","OXY_CH7","36.520","min","200.361","μmol/L","Humid","20.891","deg","94288","µV","27.159","°C","1020.000","hPa","36.0","pmil","0","55.700","deg","20.000","°C","100.000","%a.s.","22.210","deg","20.000","°C","971.000","hPa","0.826","-0.01532","0.000401","-0.00012","0","11.08","Humid","30.45","0","49.40","253312.50","SABD0002000012","AAV2.0.0.13","4.0.0.2323","PSt7-10","171027-008","9/15/2022 2:43:31 PM","0000-00","0","no battery","V","","µV","","µV"
"10/14/2022","12:33:44","7","default","171425599","OXY_CH7","36.536","min","200.343","μmol/L","Humid","20.892","deg","94304","µV","27.159","°C","1020.000","hPa","36.0","pmil","0","55.700","deg","20.000","°C","100.000","%a.s.","22.210","deg","20.000","°C","971.000","hPa","0.826","-0.01532","0.000401","-0.00012","0","11.08","Humid","30.45","0","49.40","253315.14","SABD0002000012","AAV2.0.0.13","4.0.0.2323","PSt7-10","171027-008","9/15/2022 2:43:31 PM","0000-00","0","no battery","V","","µV","","µV"
"10/14/2022","12:33:45","7","default","171425599","OXY_CH7","36.553","min","200.253","μmol/L","Humid","20.897","deg","94298","µV","27.159","°C","1020.000","hPa","36.0","pmil","0","55.700","deg","20.000","°C","100.000","%a.s.","22.210","deg","20.000","°C","971.000","hPa","0.826","-0.01532","0.000401","-0.00012","0","11.08","Humid","30.45","0","49.40","253307.91","SABD0002000012","AAV2.0.0.13","4.0.0.2323","PSt7-10","171027-008","9/15/2022 2:43:31 PM","0000-00","0","no battery","V","","µV","","µV"
"10/14/2022","12:33:46","7","default","171425599","OXY_CH7","36.569","min","200.361","μmol/L","Humid","20.891","deg","94298","µV","27.159","°C","1020.000","hPa","36.0","pmil","0","55.700","deg","20.000","°C","100.000","%a.s.","22.210","deg","20.000","°C","971.000","hPa","0.826","-0.01532","0.000401","-0.00012","0","11.08","Humid","30.45","0","49.40","253300.25","SABD0002000012","AAV2.0.0.13","4.0.0.2323","PSt7-10","171027-008","9/15/2022 2:43:31 PM","0000-00","0","no battery","V","","µV","","µV"
"10/14/2022","12:33:47","7","default","171425599","OXY_CH7","36.586","min","200.362","μmol/L","Humid","20.893","deg","94306","µV","27.153","°C","1020.000","hPa","36.0","pmil","0","55.700","deg","20.000","°C","100.000","%a.s.","22.210","deg","20.000","°C","971.000","hPa","0.826","-0.01532","0.000401","-0.00012","0","11.08","Humid","30.45","0","49.40","253305.15","SABD0002000012","AAV2.0.0.13","4.0.0.2323","PSt7-10","171027-008","9/15/2022 2:43:31 PM","0000-00","0","no battery","V","","µV","","µV"
"10/14/2022","12:33:48","7","default","171425599","OXY_CH7","36.603","min","200.271","μmol/L","Humid","20.896","deg","94304","µV","27.159","°C","1020.000","hPa","36.0","pmil","0","55.700","deg","20.000","°C","100.000","%a.s.","22.210","deg","20.000","°C","971.000","hPa","0.826","-0.01532","0.000401","-0.00012","0","11.08","Humid","30.45","0","49.40","253306.75","SABD0002000012","AAV2.0.0.13","4.0.0.2323","PSt7-10","171027-008","9/15/2022 2:43:31 PM","0000-00","0","no battery","V","","µV","","µV"
"10/14/2022","12:33:49","7","default","171425599","OXY_CH7","36.619","min","200.326","μmol/L","Humid","20.895","deg","94301","µV","27.153","°C","1020.000","hPa","36.0","pmil","0","55.700","deg","20.000","°C","100.000","%a.s.","22.210","deg","20.000","°C","971.000","hPa","0.826","-0.01532","0.000401","-0.00012","0","11.08","Humid","30.45","0","49.40","253297.63","SABD0002000012","AAV2.0.0.13","4.0.0.2323","PSt7-10","171027-008","9/15/2022 2:43:31 PM","0000-00","0","no battery","V","","µV","","µV"
"10/14/2022","12:33:50","7","default","171425599","OXY_CH7","36.636","min","200.217","μmol/L","Humid","20.897","deg","94308","µV","27.165","°C","1020.000","hPa","36.0","pmil","0","55.700","deg","20.000","°C","100.000","%a.s.","22.210","deg","20.000","°C","971.000","hPa","0.826","-0.01532","0.000401","-0.00012","0","11.08","Humid","30.45","0","49.40","253301.79","SABD0002000012","AAV2.0.0.13","4.0.0.2323","PSt7-10","171027-008","9/15/2022 2:43:31 PM","0000-00","0","no battery","V","","µV","","µV"
"10/14/2022","12:33:51","7","default","171425599","OXY_CH7","36.653","min","200.235","μmol/L","Humid","20.896","deg","94315","µV","27.165","°C","1020.000","hPa","36.0","pmil","0","55.700","deg","20.000","°C","100.000","%a.s.","22.210","deg","20.000","°C","971.000","hPa","0.826","-0.01532","0.000401","-0.00012","0","11.08","Humid","30.45","0","49.40","253308.38","SABD0002000012","AAV2.0.0.13","4.0.0.2323","PSt7-10","171027-008","9/15/2022 2:43:31 PM","0000-00","0","no battery","V","","µV","","µV"
"10/14/2022","12:33:52","7","default","171425599","OXY_CH7","36.670","min","200.289","μmol/L","Humid","20.895","deg","94310","µV","27.159","°C","1020.000","hPa","36.0","pmil","0","55.700","deg","20.000","°C","100.000","%a.s.","22.210","deg","20.000","°C","971.000","hPa","0.826","-0.01532","0.000401","-0.00012","0","11.08","Humid","30.45","0","49.40","253292.61","SABD0002000012","AAV2.0.0.13","4.0.0.2323","PSt7-10","171027-008","9/15/2022 2:43:31 PM","0000-00","0","no battery","V","","µV","","µV"
"10/14/2022","12:33:53","7","default","171425599","OXY_CH7","36.686","min","200.199","μmol/L","Humid","20.898","deg","94313","µV","27.165","°C","1020.000","hPa","36.0","pmil","0","55.700","deg","20.000","°C","100.000","%a.s.","22.210","deg","20.000","°C","971.000","hPa","0.826","-0.01532","0.000401","-0.00012","0","11.08","Humid","30.45","0","49.40","253288.34","SABD0002000012","AAV2.0.0.13","4.0.0.2323","PSt7-10","171027-008","9/15/2022 2:43:31 PM","0000-00","0","no battery","V","","µV","","µV"
"10/14/2022","12:33:54","7","default","171425599","OXY_CH7","36.703","min","200.165","μmol/L","Humid","20.904","deg","94311","µV","27.153","°C","1020.000","hPa","36.0","pmil","0","55.700","deg","20.000","°C","100.000","%a.s.","22.210","deg","20.000","°C","971.000","hPa","0.826","-0.01532","0.000401","-0.00012","0","11.08","Humid","30.45","0","49.40","253301.45","SABD0002000012","AAV2.0.0.13","4.0.0.2323","PSt7-10","171027-008","9/15/2022 2:43:31 PM","0000-00","0","no battery","V","","µV","","µV"
"10/14/2022","12:33:55","7","default","171425599","OXY_CH7","36.719","min","200.144","μmol/L","Humid","20.899","deg","94324","µV","27.171","°C","1020.000","hPa","36.0","pmil","0","55.700","deg","20.000","°C","100.000","%a.s.","22.210","deg","20.000","°C","971.000","hPa","0.826","-0.01532","0.000401","-0.00012","0","11.08","Humid","30.45","0","49.40","253296.57","SABD0002000012","AAV2.0.0.13","4.0.0.2323","PSt7-10","171027-008","9/15/2022 2:43:31 PM","0000-00","0","no battery","V","","µV","","µV"
"10/14/2022","12:33:56","7","default","171425599","OXY_CH7","36.736","min","200.235","μmol/L","Humid","20.896","deg","94324","µV","27.165","°C","1020.000","hPa","36.0","pmil","0","55.700","deg","20.000","°C","100.000","%a.s.","22.210","deg","20.000","°C","971.000","hPa","0.826","-0.01532","0.000401","-0.00012","0","11.08","Humid","30.45","0","49.40","253291.89","SABD0002000012","AAV2.0.0.13","4.0.0.2323","PSt7-10","171027-008","9/15/2022 2:43:31 PM","0000-00","0","no battery","V","","µV","","µV"
"10/14/2022","12:33:57","7","default","171425599","OXY_CH7","36.753","min","200.182","μmol/L","Humid","20.901","deg","94326","µV","27.159","°C","1020.000","hPa","36.0","pmil","0","55.700","deg","20.000","°C","100.000","%a.s.","22.210","deg","20.000","°C","971.000","hPa","0.826","-0.01532","0.000401","-0.00012","0","11.08","Humid","30.45","0","49.40","253289.20","SABD0002000012","AAV2.0.0.13","4.0.0.2323","PSt7-10","171027-008","9/15/2022 2:43:31 PM","0000-00","0","no battery","V","","µV","","µV"
"10/14/2022","12:33:58","7","default","171425599","OXY_CH7","36.769","min","200.199","μmol/L","Humid","20.898","deg","94334","µV","27.165","°C","1020.000","hPa","36.0","pmil","0","55.700","deg","20.000","°C","100.000","%a.s.","22.210","deg","20.000","°C","971.000","hPa","0.826","-0.01532","0.000401","-0.00012","0","11.08","Humid","30.45","0","49.40","253290.27","SABD0002000012","AAV2.0.0.13","4.0.0.2323","PSt7-10","171027-008","9/15/2022 2:43:31 PM","0000-00","0","no battery","V","","µV","","µV"
"10/14/2022","12:33:59","7","default","171425599","OXY_CH7","36.786","min","200.272","μmol/L","Humid","20.898","deg","94329","µV","27.153","°C","1020.000","hPa","36.0","pmil","0","55.700","deg","20.000","°C","100.000","%a.s.","22.210","deg","20.000","°C","971.000","hPa","0.826","-0.01532","0.000401","-0.00012","0","11.08","Humid","30.45","0","49.40","253291.35","SABD0002000012","AAV2.0.0.13","4.0.0.2323","PSt7-10","171027-008","9/15/2022 2:43:31 PM","0000-00","0","no battery","V","","µV","","µV"
"10/14/2022","12:34:00","7","default","171425599","OXY_CH7","36.803","min","200.201","μmol/L","Humid","20.902","deg","94327","µV","27.153","°C","1020.000","hPa","36.0","pmil","0","55.700","deg","20.000","°C","100.000","%a.s.","22.210","deg","20.000","°C","971.000","hPa","0.826","-0.01532","0.000401","-0.00012","0","11.08","Humid","30.45","0","49.40","253296.93","SABD0002000012","AAV2.0.0.13","4.0.0.2323","PSt7-10","171027-008","9/15/2022 2:43:31 PM","0000-00","0","no battery","V","","µV","","µV"
"10/14/2022","12:34:01","7","default","171425599","OXY_CH7","36.820","min","200.182","μmol/L","Humid","20.901","deg","94322","µV","27.159","°C","1020.000","hPa","36.0","pmil","0","55.700","deg","20.000","°C","100.000","%a.s.","22.210","deg","20.000","°C","971.000","hPa","0.826","-0.01532","0.000401","-0.00012","0","11.08","Humid","30.45","0","49.40","253301.46","SABD0002000012","AAV2.0.0.13","4.0.0.2323","PSt7-10","171027-008","9/15/2022 2:43:31 PM","0000-00","0","no battery","V","","µV","","µV"
"10/14/2022","12:34:02","7","default","171425599","OXY_CH7","36.836","min","200.200","μmol/L","Humid","20.900","deg","94334","µV","27.159","°C","1020.000","hPa","36.0","pmil","0","55.700","deg","20.000","°C","100.000","%a.s.","22.210","deg","20.000","°C","971.000","hPa","0.826","-0.01532","0.000401","-0.00012","0","11.08","Humid","30.45","0","49.40","253301.23","SABD0002000012","AAV2.0.0.13","4.0.0.2323","PSt7-10","171027-008","9/15/2022 2:43:31 PM","0000-00","0","no battery","V","","µV","","µV"
"10/14/2022","12:34:03","7","default","171425599","OXY_CH7","36.852","min","200.146","μmol/L","Humid","20.903","deg","94332","µV","27.159","°C","1020.000","hPa","36.0","pmil","0","55.700","deg","20.000","°C","100.000","%a.s.","22.210","deg","20.000","°C","971.000","hPa","0.826","-0.01532","0.000401","-0.00012","0","11.08","Humid","30.45","0","49.40","253301.08","SABD0002000012","AAV2.0.0.13","4.0.0.2323","PSt7-10","171027-008","9/15/2022 2:43:31 PM","0000-00","0","no battery","V","","µV","","µV"
"10/14/2022","12:34:04","7","default","171425599","OXY_CH7","36.869","min","200.201","μmol/L","Humid","20.902","deg","94334","µV","27.153","°C","1020.000","hPa","36.0","pmil","0","55.700","deg","20.000","°C","100.000","%a.s.","22.210","deg","20.000","°C","971.000","hPa","0.826","-0.01532","0.000401","-0.00012","0","11.08","Humid","30.45","0","49.40","253287.72","SABD0002000012","AAV2.0.0.13","4.0.0.2323","PSt7-10","171027-008","9/15/2022 2:43:31 PM","0000-00","0","no battery","V","","µV","","µV"
"10/14/2022","12:34:05","7","default","171425599","OXY_CH7","36.886","min","200.165","μmol/L","Humid","20.904","deg","94341","µV","27.153","°C","1020.000","hPa","36.0","pmil","0","55.700","deg","20.000","°C","100.000","%a.s.","22.210","deg","20.000","°C","971.000","hPa","0.826","-0.01532","0.000401","-0.00012","0","11.08","Humid","30.45","0","49.40","253281.71","SABD0002000012","AAV2.0.0.13","4.0.0.2323","PSt7-10","171027-008","9/15/2022 2:43:31 PM","0000-00","0","no battery","V","","µV","","µV"
"10/14/2022","12:34:06","7","default","171425599","OXY_CH7","36.903","min","200.093","μmol/L","Humid","20.906","deg","94337","µV","27.159","°C","1020.000","hPa","36.0","pmil","0","55.700","deg","20.000","°C","100.000","%a.s.","22.210","deg","20.000","°C","971.000","hPa","0.826","-0.01532","0.000401","-0.00012","0","11.08","Humid","30.45","0","49.40","253290.69","SABD0002000012","AAV2.0.0.13","4.0.0.2323","PSt7-10","171027-008","9/15/2022 2:43:31 PM","0000-00","0","no battery","V","","µV","","µV"
"10/14/2022","12:34:07","7","default","171425599","OXY_CH7","36.920","min","200.074","μmol/L","Humid","20.905","deg","94345","µV","27.165","°C","1020.000","hPa","36.0","pmil","0","55.700","deg","20.000","°C","100.000","%a.s.","22.210","deg","20.000","°C","971.000","hPa","0.826","-0.01532","0.000401","-0.00012","0","11.08","Humid","30.45","0","49.40","253287.13","SABD0002000012","AAV2.0.0.13","4.0.0.2323","PSt7-10","171027-008","9/15/2022 2:43:31 PM","0000-00","0","no battery","V","","µV","","µV"
"10/14/2022","12:34:08","7","default","171425599","OXY_CH7","36.936","min","200.128","μmol/L","Humid","20.904","deg","94339","µV","27.159","°C","1020.000","hPa","36.0","pmil","0","55.700","deg","20.000","°C","100.000","%a.s.","22.210","deg","20.000","°C","971.000","hPa","0.826","-0.01532","0.000401","-0.00012","0","11.08","Humid","30.45","0","49.40","253291.93","SABD0002000012","AAV2.0.0.13","4.0.0.2323","PSt7-10","171027-008","9/15/2022 2:43:31 PM","0000-00","0","no battery","V","","µV","","µV"
"10/14/2022","12:34:09","7","default","171425599","OXY_CH7","36.953","min","200.127","μmol/L","Humid","20.902","deg","94350","µV","27.165","°C","1020.000","hPa","36.0","pmil","0","55.700","deg","20.000","°C","100.000","%a.s.","22.210","deg","20.000","°C","971.000","hPa","0.826","-0.01532","0.000401","-0.00012","0","11.08","Humid","30.45","0","49.40","253284.00","SABD0002000012","AAV2.0.0.13","4.0.0.2323","PSt7-10","171027-008","9/15/2022 2:43:31 PM","0000-00","0","no battery","V","","µV","","µV"
"10/14/2022","12:34:10","7","default","171425599","OXY_CH7","36.970","min","200.128","μmol/L","Humid","20.904","deg","94353","µV","27.159","°C","1020.000","hPa","36.0","pmil","0","55.700","deg","20.000","°C","100.000","%a.s.","22.210","deg","20.000","°C","971.000","hPa","0.826","-0.01532","0.000401","-0.00012","0","11.08","Humid","30.45","0","49.40","253299.79","SABD0002000012","AAV2.0.0.13","4.0.0.2323","PSt7-10","171027-008","9/15/2022 2:43:31 PM","0000-00","0","no battery","V","","µV","","µV"
"10/14/2022","12:34:11","7","default","171425599","OXY_CH7","36.986","min","200.112","μmol/L","Humid","20.907","deg","94349","µV","27.153","°C","1020.000","hPa","36.0","pmil","0","55.700","deg","20.000","°C","100.000","%a.s.","22.210","deg","20.000","°C","971.000","hPa","0.826","-0.01532","0.000401","-0.00012","0","11.08","Humid","30.45","0","49.40","253280.79","SABD0002000012","AAV2.0.0.13","4.0.0.2323","PSt7-10","171027-008","9/15/2022 2:43:31 PM","0000-00","0","no battery","V","","µV","","µV"
"10/14/2022","12:34:12","7","default","171425599","OXY_CH7","37.002","min","200.130","μmol/L","Humid","20.906","deg","94355","µV","27.153","°C","1020.000","hPa","36.0","pmil","0","55.700","deg","20.000","°C","100.000","%a.s.","22.210","deg","20.000","°C","971.000","hPa","0.826","-0.01532","0.000401","-0.00012","0","11.08","Humid","30.45","0","49.40","253292.87","SABD0002000012","AAV2.0.0.13","4.0.0.2323","PSt7-10","171027-008","9/15/2022 2:43:31 PM","0000-00","0","no battery","V","","µV","","µV"
"10/14/2022","12:34:13","7","default","171425599","OXY_CH7","37.019","min","200.094","μmol/L","Humid","20.908","deg","94360","µV","27.153","°C","1020.000","hPa","36.0","pmil","0","55.700","deg","20.000","°C","100.000","%a.s.","22.210","deg","20.000","°C","971.000","hPa","0.826","-0.01532","0.000401","-0.00012","0","11.08","Humid","30.45","0","49.40","253278.09","SABD0002000012","AAV2.0.0.13","4.0.0.2323","PSt7-10","171027-008","9/15/2022 2:43:31 PM","0000-00","0","no battery","V","","µV","","µV"
"10/14/2022","12:34:14","7","default","171425599","OXY_CH7","37.036","min","200.056","μmol/L","Humid","20.906","deg","94358","µV","27.165","°C","1020.000","hPa","36.0","pmil","0","55.700","deg","20.000","°C","100.000","%a.s.","22.210","deg","20.000","°C","971.000","hPa","0.826","-0.01532","0.000401","-0.00012","0","11.08","Humid","30.45","0","49.40","253287.01","SABD0002000012","AAV2.0.0.13","4.0.0.2323","PSt7-10","171027-008","9/15/2022 2:43:31 PM","0000-00","0","no battery","V","","µV","","µV"
"10/14/2022","12:34:15","7","default","171425599","OXY_CH7","37.053","min","200.057","μmol/L","Humid","20.908","deg","94356","µV","27.159","°C","1020.000","hPa","36.0","pmil","0","55.700","deg","20.000","°C","100.000","%a.s.","22.210","deg","20.000","°C","971.000","hPa","0.826","-0.01532","0.000401","-0.00012","0","11.08","Humid","30.45","0","49.40","253290.60","SABD0002000012","AAV2.0.0.13","4.0.0.2323","PSt7-10","171027-008","9/15/2022 2:43:31 PM","0000-00","0","no battery","V","","µV","","µV"
"10/14/2022","12:34:16","7","default","171425599","OXY_CH7","37.070","min","200.056","μmol/L","Humid","20.906","deg","94362","µV","27.165","°C","1020.000","hPa","36.0","pmil","0","55.700","deg","20.000","°C","100.000","%a.s.","22.210","deg","20.000","°C","971.000","hPa","0.826","-0.01532","0.000401","-0.00012","0","11.08","Humid","30.45","0","49.40","253293.98","SABD0002000012","AAV2.0.0.13","4.0.0.2323","PSt7-10","171027-008","9/15/2022 2:43:31 PM","0000-00","0","no battery","V","","µV","","µV"
"10/14/2022","12:34:17","7","default","171425599","OXY_CH7","37.086","min","199.895","μmol/L","Humid","20.915","deg","94352","µV","27.165","°C","1020.000","hPa","36.0","pmil","0","55.700","deg","20.000","°C","100.000","%a.s.","22.210","deg","20.000","°C","971.000","hPa","0.826","-0.01532","0.000401","-0.00012","0","11.08","Humid","30.45","0","49.40","253292.33","SABD0002000012","AAV2.0.0.13","4.0.0.2323","PSt7-10","171027-008","9/15/2022 2:43:31 PM","0000-00","0","no battery","V","","µV","","µV"
"10/14/2022","12:34:18","7","default","171425599","OXY_CH7","37.103","min","199.968","μmol/L","Humid","20.913","deg","94366","µV","27.159","°C","1020.000","hPa","36.0","pmil","0","55.700","deg","20.000","°C","100.000","%a.s.","22.210","deg","20.000","°C","971.000","hPa","0.826","-0.01532","0.000401","-0.00012","0","11.08","Humid","30.45","0","49.40","253288.71","SABD0002000012","AAV2.0.0.13","4.0.0.2323","PSt7-10","171027-008","9/15/2022 2:43:31 PM","0000-00","0","no battery","V","","µV","","µV"
"10/14/2022","12:34:19","7","default","171425599","OXY_CH7","37.120","min","199.931","μmol/L","Humid","20.913","deg","94366","µV","27.165","°C","1020.000","hPa","36.0","pmil","0","55.700","deg","20.000","°C","100.000","%a.s.","22.210","deg","20.000","°C","971.000","hPa","0.826","-0.01532","0.000401","-0.00012","0","11.08","Humid","30.45","0","49.40","253295.89","SABD0002000012","AAV2.0.0.13","4.0.0.2323","PSt7-10","171027-008","9/15/2022 2:43:31 PM","0000-00","0","no battery","V","","µV","","µV"
"10/14/2022","12:34:20","7","default","171425599","OXY_CH7","37.136","min","199.968","μmol/L","Humid","20.913","deg","94362","µV","27.159","°C","1020.000","hPa","36.0","pmil","0","55.700","deg","20.000","°C","100.000","%a.s.","22.210","deg","20.000","°C","971.000","hPa","0.826","-0.01532","0.000401","-0.00012","0","11.08","Humid","30.45","0","49.40","253289.94","SABD0002000012","AAV2.0.0.13","4.0.0.2323","PSt7-10","171027-008","9/15/2022 2:43:31 PM","0000-00","0","no battery","V","","µV","","µV"
"10/14/2022","12:34:21","7","default","171425599","OXY_CH7","37.153","min","200.021","μmol/L","Humid","20.910","deg","94364","µV","27.159","°C","1020.000","hPa","36.0","pmil","0","55.700","deg","20.000","°C","100.000","%a.s.","22.210","deg","20.000","°C","971.000","hPa","0.826","-0.01532","0.000401","-0.00012","0","11.08","Humid","30.45","0","49.40","253286.65","SABD0002000012","AAV2.0.0.13","4.0.0.2323","PSt7-10","171027-008","9/15/2022 2:43:31 PM","0000-00","0","no battery","V","","µV","","µV"
"10/14/2022","12:34:22","7","default","171425599","OXY_CH7","37.169","min","200.022","μmol/L","Humid","20.912","deg","94364","µV","27.153","°C","1020.000","hPa","36.0","pmil","0","55.700","deg","20.000","°C","100.000","%a.s.","22.210","deg","20.000","°C","971.000","hPa","0.826","-0.01532","0.000401","-0.00012","0","11.08","Humid","30.45","0","49.40","253282.58","SABD0002000012","AAV2.0.0.13","4.0.0.2323","PSt7-10","171027-008","9/15/2022 2:43:31 PM","0000-00","0","no battery","V","","µV","","µV"
"10/14/2022","12:34:23","7","default","171425599","OXY_CH7","37.186","min","199.968","μmol/L","Humid","20.913","deg","94373","µV","27.159","°C","1020.000","hPa","36.0","pmil","0","55.700","deg","20.000","°C","100.000","%a.s.","22.210","deg","20.000","°C","971.000","hPa","0.826","-0.01532","0.000401","-0.00012","0","11.08","Humid","30.45","0","49.40","253299.19","SABD0002000012","AAV2.0.0.13","4.0.0.2323","PSt7-10","171027-008","9/15/2022 2:43:31 PM","0000-00","0","no battery","V","","µV","","µV"
"10/14/2022","12:34:24","7","default","171425599","OXY_CH7","37.203","min","200.022","μmol/L","Humid","20.912","deg","94374","µV","27.153","°C","1020.000","hPa","36.0","pmil","0","55.700","deg","20.000","°C","100.000","%a.s.","22.210","deg","20.000","°C","971.000","hPa","0.826","-0.01532","0.000401","-0.00012","0","11.08","Humid","30.45","0","49.40","253293.04","SABD0002000012","AAV2.0.0.13","4.0.0.2323","PSt7-10","171027-008","9/15/2022 2:43:31 PM","0000-00","0","no battery","V","","µV","","µV"
"10/14/2022","12:34:25","7","default","171425599","OXY_CH7","37.219","min","200.021","μmol/L","Humid","20.910","deg","94371","µV","27.159","°C","1020.000","hPa","36.0","pmil","0","55.700","deg","20.000","°C","100.000","%a.s.","22.210","deg","20.000","°C","971.000","hPa","0.826","-0.01532","0.000401","-0.00012","0","11.08","Humid","30.45","0","49.40","253293.18","SABD0002000012","AAV2.0.0.13","4.0.0.2323","PSt7-10","171027-008","9/15/2022 2:43:31 PM","0000-00","0","no battery","V","","µV","","µV"
"10/14/2022","12:34:26","7","default","171425599","OXY_CH7","37.236","min","199.950","μmol/L","Humid","20.914","deg","94367","µV","27.159","°C","1020.000","hPa","36.0","pmil","0","55.700","deg","20.000","°C","100.000","%a.s.","22.210","deg","20.000","°C","971.000","hPa","0.826","-0.01532","0.000401","-0.00012","0","11.08","Humid","30.45","0","49.40","253288.81","SABD0002000012","AAV2.0.0.13","4.0.0.2323","PSt7-10","171027-008","9/15/2022 2:43:31 PM","0000-00","0","no battery","V","","µV","","µV"
"10/14/2022","12:34:27","7","default","171425599","OXY_CH7","37.253","min","199.932","μmol/L","Humid","20.915","deg","94378","µV","27.159","°C","1020.000","hPa","36.0","pmil","0","55.700","deg","20.000","°C","100.000","%a.s.","22.210","deg","20.000","°C","971.000","hPa","0.826","-0.01532","0.000401","-0.00012","0","11.08","Humid","30.45","0","49.40","253281.44","SABD0002000012","AAV2.0.0.13","4.0.0.2323","PSt7-10","171027-008","9/15/2022 2:43:31 PM","0000-00","0","no battery","V","","µV","","µV"
"10/14/2022","12:34:28","7","default","171425599","OXY_CH7","37.270","min","199.915","μmol/L","Humid","20.918","deg","94382","µV","27.153","°C","1020.000","hPa","36.0","pmil","0","55.700","deg","20.000","°C","100.000","%a.s.","22.210","deg","20.000","°C","971.000","hPa","0.826","-0.01532","0.000401","-0.00012","0","11.08","Humid","30.45","0","49.40","253289.93","SABD0002000012","AAV2.0.0.13","4.0.0.2323","PSt7-10","171027-008","9/15/2022 2:43:31 PM","0000-00","0","no battery","V","","µV","","µV"
"10/14/2022","12:34:29","7","default","171425599","OXY_CH7","37.286","min","199.949","μmol/L","Humid","20.912","deg","94382","µV","27.165","°C","1020.000","hPa","36.0","pmil","0","55.700","deg","20.000","°C","100.000","%a.s.","22.210","deg","20.000","°C","971.000","hPa","0.826","-0.01532","0.000401","-0.00012","0","11.08","Humid","30.45","0","49.40","253304.51","SABD0002000012","AAV2.0.0.13","4.0.0.2323","PSt7-10","171027-008","9/15/2022 2:43:31 PM","0000-00","0","no battery","V","","µV","","µV"
"10/14/2022","12:34:30","7","default","171425599","OXY_CH7","37.303","min","199.951","μmol/L","Humid","20.916","deg","94378","µV","27.153","°C","1020.000","hPa","36.0","pmil","0","55.700","deg","20.000","°C","100.000","%a.s.","22.210","deg","20.000","°C","971.000","hPa","0.826","-0.01532","0.000401","-0.00012","0","11.08","Humid","30.45","0","49.40","253293.11","SABD0002000012","AAV2.0.0.13","4.0.0.2323","PSt7-10","171027-008","9/15/2022 2:43:31 PM","0000-00","0","no battery","V","","µV","","µV"
"10/14/2022","12:34:31","7","default","171425599","OXY_CH7","37.319","min","200.005","μmol/L","Humid","20.913","deg","94381","µV","27.153","°C","1020.000","hPa","36.0","pmil","0","55.700","deg","20.000","°C","100.000","%a.s.","22.210","deg","20.000","°C","971.000","hPa","0.826","-0.01532","0.000401","-0.00012","0","11.08","Humid","30.45","0","49.40","253302.98","SABD0002000012","AAV2.0.0.13","4.0.0.2323","PSt7-10","171027-008","9/15/2022 2:43:31 PM","0000-00","0","no battery","V","","µV","","µV"
"10/14/2022","12:34:32","7","default","171425599","OXY_CH7","37.336","min","199.914","μmol/L","Humid","20.916","deg","94387","µV","27.159","°C","1020.000","hPa","36.0","pmil","0","55.700","deg","20.000","°C","100.000","%a.s.","22.210","deg","20.000","°C","971.000","hPa","0.826","-0.01532","0.000401","-0.00012","0","11.08","Humid","30.45","0","49.40","253296.63","SABD0002000012","AAV2.0.0.13","4.0.0.2323","PSt7-10","171027-008","9/15/2022 2:43:31 PM","0000-00","0","no battery","V","","µV","","µV"
"10/14/2022","12:34:33","7","default","171425599","OXY_CH7","37.353","min","199.950","μmol/L","Humid","20.914","deg","94390","µV","27.159","°C","1020.000","hPa","36.0","pmil","0","55.700","deg","20.000","°C","100.000","%a.s.","22.210","deg","20.000","°C","971.000","hPa","0.826","-0.01532","0.000401","-0.00012","0","11.08","Humid","30.45","0","49.40","253288.81","SABD0002000012","AAV2.0.0.13","4.0.0.2323","PSt7-10","171027-008","9/15/2022 2:43:31 PM","0000-00","0","no battery","V","","µV","","µV"
"10/14/2022","12:34:34","7","default","171425599","OXY_CH7","37.369","min","199.897","μmol/L","Humid","20.917","deg","94383","µV","27.159","°C","1020.000","hPa","36.0","pmil","0","55.700","deg","20.000","°C","100.000","%a.s.","22.210","deg","20.000","°C","971.000","hPa","0.826","-0.01532","0.000401","-0.00012","0","11.08","Humid","30.45","0","49.40","253275.67","SABD0002000012","AAV2.0.0.13","4.0.0.2323","PSt7-10","171027-008","9/15/2022 2:43:31 PM","0000-00","0","no battery","V","","µV","","µV"
"10/14/2022","12:34:35","7","default","171425599","OXY_CH7","37.386","min","199.897","μmol/L","Humid","20.917","deg","94388","µV","27.159","°C","1020.000","hPa","36.0","pmil","0","55.700","deg","20.000","°C","100.000","%a.s.","22.210","deg","20.000","°C","971.000","hPa","0.826","-0.01532","0.000401","-0.00012","0","11.08","Humid","30.45","0","49.40","253289.96","SABD0002000012","AAV2.0.0.13","4.0.0.2323","PSt7-10","171027-008","9/15/2022 2:43:31 PM","0000-00","0","no battery","V","","µV","","µV"
"10/14/2022","12:34:36","7","default","171425599","OXY_CH7","37.403","min","199.895","μmol/L","Humid","20.915","deg","94387","µV","27.165","°C","1020.000","hPa","36.0","pmil","0","55.700","deg","20.000","°C","100.000","%a.s.","22.210","deg","20.000","°C","971.000","hPa","0.826","-0.01532","0.000401","-0.00012","0","11.08","Humid","30.45","0","49.40","253292.42","SABD0002000012","AAV2.0.0.13","4.0.0.2323","PSt7-10","171027-008","9/15/2022 2:43:31 PM","0000-00","0","no battery","V","","µV","","µV"
"10/14/2022","12:34:37","7","default","171425599","OXY_CH7","37.420","min","199.897","μmol/L","Humid","20.917","deg","94402","µV","27.159","°C","1020.000","hPa","36.0","pmil","0","55.700","deg","20.000","°C","100.000","%a.s.","22.210","deg","20.000","°C","971.000","hPa","0.826","-0.01532","0.000401","-0.00012","0","11.08","Humid","30.45","0","49.40","253286.97","SABD0002000012","AAV2.0.0.13","4.0.0.2323","PSt7-10","171027-008","9/15/2022 2:43:31 PM","0000-00","0","no battery","V","","µV","","µV"
"10/14/2022","12:34:38","7","default","171425599","OXY_CH7","37.436","min","199.789","μmol/L","Humid","20.921","deg","94394","µV","27.165","°C","1020.000","hPa","36.0","pmil","0","55.700","deg","20.000","°C","100.000","%a.s.","22.210","deg","20.000","°C","971.000","hPa","0.826","-0.01532","0.000401","-0.00012","0","11.08","Humid","30.45","0","49.40","253286.98","SABD0002000012","AAV2.0.0.13","4.0.0.2323","PSt7-10","171027-008","9/15/2022 2:43:31 PM","0000-00","0","no battery","V","","µV","","µV"
"10/14/2022","12:34:39","7","default","171425599","OXY_CH7","37.453","min","199.825","μmol/L","Humid","20.921","deg","94395","µV","27.159","°C","1020.000","hPa","36.0","pmil","0","55.700","deg","20.000","°C","100.000","%a.s.","22.210","deg","20.000","°C","971.000","hPa","0.826","-0.01532","0.000401","-0.00012","0","11.08","Humid","30.45","0","49.40","253283.79","SABD0002000012","AAV2.0.0.13","4.0.0.2323","PSt7-10","171027-008","9/15/2022 2:43:31 PM","0000-00","0","no battery","V","","µV","","µV"
"10/14/2022","12:34:40","7","default","171425599","OXY_CH7","37.470","min","199.790","μmol/L","Humid","20.923","deg","94395","µV","27.159","°C","1020.000","hPa","36.0","pmil","0","55.700","deg","20.000","°C","100.000","%a.s.","22.210","deg","20.000","°C","971.000","hPa","0.826","-0.01532","0.000401","-0.00012","0","11.08","Humid","30.45","0","49.40","253282.88","SABD0002000012","AAV2.0.0.13","4.0.0.2323","PSt7-10","171027-008","9/15/2022 2:43:31 PM","0000-00","0","no battery","V","","µV","","µV"
"10/14/2022","12:34:41","7","default","171425599","OXY_CH7","37.486","min","199.771","μmol/L","Humid","20.922","deg","94397","µV","27.165","°C","1020.000","hPa","36.0","pmil","0","55.700","deg","20.000","°C","100.000","%a.s.","22.210","deg","20.000","°C","971.000","hPa","0.826","-0.01532","0.000401","-0.00012","0","11.08","Humid","30.45","0","49.40","253289.93","SABD0002000012","AAV2.0.0.13","4.0.0.2323","PSt7-10","171027-008","9/15/2022 2:43:31 PM","0000-00","0","no battery","V","","µV","","µV"
"10/14/2022","12:34:42","7","default","171425599","OXY_CH7","37.502","min","199.825","μmol/L","Humid","20.921","deg","94397","µV","27.159","°C","1020.000","hPa","36.0","pmil","0","55.700","deg","20.000","°C","100.000","%a.s.","22.210","deg","20.000","°C","971.000","hPa","0.826","-0.01532","0.000401","-0.00012","0","11.08","Humid","30.45","0","49.40","253276.00","SABD0002000012","AAV2.0.0.13","4.0.0.2323","PSt7-10","171027-008","9/15/2022 2:43:31 PM","0000-00","0","no battery","V","","µV","","µV"
"10/14/2022","12:34:43","7","default","171425599","OXY_CH7","37.519","min","199.809","μmol/L","Humid","20.924","deg","94401","µV","27.153","°C","1020.000","hPa","36.0","pmil","0","55.700","deg","20.000","°C","100.000","%a.s.","22.210","deg","20.000","°C","971.000","hPa","0.826","-0.01532","0.000401","-0.00012","0","11.08","Humid","30.45","0","49.40","253288.56","SABD0002000012","AAV2.0.0.13","4.0.0.2323","PSt7-10","171027-008","9/15/2022 2:43:31 PM","0000-00","0","no battery","V","","µV","","µV"
"10/14/2022","12:34:44","7","default","171425599","OXY_CH7","37.536","min","199.790","μmol/L","Humid","20.923","deg","94410","µV","27.159","°C","1020.000","hPa","36.0","pmil","0","55.700","deg","20.000","°C","100.000","%a.s.","22.210","deg","20.000","°C","971.000","hPa","0.826","-0.01532","0.000401","-0.00012","0","11.08","Humid","30.45","0","49.40","253288.56","SABD0002000012","AAV2.0.0.13","4.0.0.2323","PSt7-10","171027-008","9/15/2022 2:43:31 PM","0000-00","0","no battery","V","","µV","","µV"
"10/14/2022","12:34:45","7","default","171425599","OXY_CH7","37.553","min","199.754","μmol/L","Humid","20.925","deg","94402","µV","27.159","°C","1020.000","hPa","36.0","pmil","0","55.700","deg","20.000","°C","100.000","%a.s.","22.210","deg","20.000","°C","971.000","hPa","0.826","-0.01532","0.000401","-0.00012","0","11.08","Humid","30.45","0","49.40","253281.82","SABD0002000012","AAV2.0.0.13","4.0.0.2323","PSt7-10","171027-008","9/15/2022 2:43:31 PM","0000-00","0","no battery","V","","µV","","µV"
"10/14/2022","12:34:46","7","default","171425599","OXY_CH7","37.570","min","199.807","μmol/L","Humid","20.922","deg","94409","µV","27.159","°C","1020.000","hPa","36.0","pmil","0","55.700","deg","20.000","°C","100.000","%a.s.","22.210","deg","20.000","°C","971.000","hPa","0.826","-0.01532","0.000401","-0.00012","0","11.08","Humid","30.45","0","49.40","253273.98","SABD0002000012","AAV2.0.0.13","4.0.0.2323","PSt7-10","171027-008","9/15/2022 2:43:31 PM","0000-00","0","no battery","V","","µV","","µV"
"10/14/2022","12:34:47","7","default","171425599","OXY_CH7","37.586","min","199.736","μmol/L","Humid","20.926","deg","94415","µV","27.159","°C","1020.000","hPa","36.0","pmil","0","55.700","deg","20.000","°C","100.000","%a.s.","22.210","deg","20.000","°C","971.000","hPa","0.826","-0.01532","0.000401","-0.00012","0","11.08","Humid","30.45","0","49.40","253282.78","SABD0002000012","AAV2.0.0.13","4.0.0.2323","PSt7-10","171027-008","9/15/2022 2:43:31 PM","0000-00","0","no battery","V","","µV","","µV"
"10/14/2022","12:34:48","7","default","171425599","OXY_CH7","37.603","min","199.665","μmol/L","Humid","20.930","deg","94417","µV","27.159","°C","1020.000","hPa","36.0","pmil","0","55.700","deg","20.000","°C","100.000","%a.s.","22.210","deg","20.000","°C","971.000","hPa","0.826","-0.01532","0.000401","-0.00012","0","11.08","Humid","30.45","0","49.40","253289.02","SABD0002000012","AAV2.0.0.13","4.0.0.2323","PSt7-10","171027-008","9/15/2022 2:43:31 PM","0000-00","0","no battery","V","","µV","","µV"
"10/14/2022","12:34:49","7","default","171425599","OXY_CH7","37.620","min","199.844","μmol/L","Humid","20.922","deg","94413","µV","27.153","°C","1020.000","hPa","36.0","pmil","0","55.700","deg","20.000","°C","100.000","%a.s.","22.210","deg","20.000","°C","971.000","hPa","0.826","-0.01532","0.000401","-0.00012","0","11.08","Humid","30.45","0","49.40","253292.71","SABD0002000012","AAV2.0.0.13","4.0.0.2323","PSt7-10","171027-008","9/15/2022 2:43:31 PM","0000-00","0","no battery","V","","µV","","µV"
"10/14/2022","12:34:50","7","default","171425599","OXY_CH7","37.636","min","199.683","μmol/L","Humid","20.929","deg","94411","µV","27.159","°C","1020.000","hPa","36.0","pmil","0","55.700","deg","20.000","°C","100.000","%a.s.","22.210","deg","20.000","°C","971.000","hPa","0.826","-0.01532","0.000401","-0.00012","0","11.08","Humid","30.45","0","49.40","253284.45","SABD0002000012","AAV2.0.0.13","4.0.0.2323","PSt7-10","171027-008","9/15/2022 2:43:31 PM","0000-00","0","no battery","V","","µV","","µV"
"10/14/2022","12:34:51","7","default","171425599","OXY_CH7","37.652","min","199.772","μmol/L","Humid","20.924","deg","94421","µV","27.159","°C","1020.000","hPa","36.0","pmil","0","55.700","deg","20.000","°C","100.000","%a.s.","22.210","deg","20.000","°C","971.000","hPa","0.826","-0.01532","0.000401","-0.00012","0","11.08","Humid","30.45","0","49.40","253289.65","SABD0002000012","AAV2.0.0.13","4.0.0.2323","PSt7-10","171027-008","9/15/2022 2:43:31 PM","0000-00","0","no battery","V","","µV","","µV"
"10/14/2022","12:34:52","7","default","171425599","OXY_CH7","37.669","min","199.735","μmol/L","Humid","20.924","deg","94422","µV","27.165","°C","1020.000","hPa","36.0","pmil","0","55.700","deg","20.000","°C","100.000","%a.s.","22.210","deg","20.000","°C","971.000","hPa","0.826","-0.01532","0.000401","-0.00012","0","11.08","Humid","30.45","0","49.40","253286.28","SABD0002000012","AAV2.0.0.13","4.0.0.2323","PSt7-10","171027-008","9/15/2022 2:43:31 PM","0000-00","0","no battery","V","","µV","","µV"
"10/14/2022","12:34:53","7","default","171425599","OXY_CH7","37.686","min","199.755","μmol/L","Humid","20.927","deg","94425","µV","27.153","°C","1020.000","hPa","36.0","pmil","0","55.700","deg","20.000","°C","100.000","%a.s.","22.210","deg","20.000","°C","971.000","hPa","0.826","-0.01532","0.000401","-0.00012","0","11.08","Humid","30.45","0","49.40","253289.48","SABD0002000012","AAV2.0.0.13","4.0.0.2323","PSt7-10","171027-008","9/15/2022 2:43:31 PM","0000-00","0","no battery","V","","µV","","µV"
"10/14/2022","12:34:54","7","default","171425599","OXY_CH7","37.703","min","199.701","μmol/L","Humid","20.928","deg","94432","µV","27.159","°C","1020.000","hPa","36.0","pmil","0","55.700","deg","20.000","°C","100.000","%a.s.","22.210","deg","20.000","°C","971.000","hPa","0.826","-0.01532","0.000401","-0.00012","0","11.08","Humid","30.45","0","49.40","253281.51","SABD0002000012","AAV2.0.0.13","4.0.0.2323","PSt7-10","171027-008","9/15/2022 2:43:31 PM","0000-00","0","no battery","V","","µV","","µV"
"10/14/2022","12:34:55","7","default","171425599","OXY_CH7","37.720","min","199.718","μmol/L","Humid","20.927","deg","94426","µV","27.159","°C","1020.000","hPa","36.0","pmil","0","55.700","deg","20.000","°C","100.000","%a.s.","22.210","deg","20.000","°C","971.000","hPa","0.826","-0.01532","0.000401","-0.00012","0","11.08","Humid","30.45","0","49.40","253276.05","SABD0002000012","AAV2.0.0.13","4.0.0.2323","PSt7-10","171027-008","9/15/2022 2:43:31 PM","0000-00","0","no battery","V","","µV","","µV"
"10/14/2022","12:34:56","7","default","171425599","OXY_CH7","37.736","min","199.683","μmol/L","Humid","20.929","deg","94421","µV","27.159","°C","1020.000","hPa","36.0","pmil","0","55.700","deg","20.000","°C","100.000","%a.s.","22.210","deg","20.000","°C","971.000","hPa","0.826","-0.01532","0.000401","-0.00012","0","11.08","Humid","30.45","0","49.40","253267.79","SABD0002000012","AAV2.0.0.13","4.0.0.2323","PSt7-10","171027-008","9/15/2022 2:43:31 PM","0000-00","0","no battery","V","","µV","","µV"
"10/14/2022","12:34:57","7","default","171425599","OXY_CH7","37.753","min","199.628","μmol/L","Humid","20.930","deg","94432","µV","27.165","°C","1020.000","hPa","36.0","pmil","0","55.700","deg","20.000","°C","100.000","%a.s.","22.210","deg","20.000","°C","971.000","hPa","0.826","-0.01532","0.000401","-0.00012","0","11.08","Humid","30.45","0","49.40","253263.42","SABD0002000012","AAV2.0.0.13","4.0.0.2323","PSt7-10","171027-008","9/15/2022 2:43:31 PM","0000-00","0","no battery","V","","µV","","µV"
"10/14/2022","12:34:58","7","default","171425599","OXY_CH7","37.769","min","199.683","μmol/L","Humid","20.929","deg","94430","µV","27.159","°C","1020.000","hPa","36.0","pmil","0","55.700","deg","20.000","°C","100.000","%a.s.","22.210","deg","20.000","°C","971.000","hPa","0.826","-0.01532","0.000401","-0.00012","0","11.08","Humid","30.45","0","49.40","253274.40","SABD0002000012","AAV2.0.0.13","4.0.0.2323","PSt7-10","171027-008","9/15/2022 2:43:31 PM","0000-00","0","no battery","V","","µV","","µV"
"10/14/2022","12:34:59","7","default","171425599","OXY_CH7","37.786","min","199.665","μmol/L","Humid","20.930","deg","94436","µV","27.159","°C","1020.000","hPa","36.0","pmil","0","55.700","deg","20.000","°C","100.000","%a.s.","22.210","deg","20.000","°C","971.000","hPa","0.826","-0.01532","0.000401","-0.00012","0","11.08","Humid","30.45","0","49.40","253283.16","SABD0002000012","AAV2.0.0.13","4.0.0.2323","PSt7-10","171027-008","9/15/2022 2:43:31 PM","0000-00","0","no battery","V","","µV","","µV"
"10/14/2022","12:35:00","7","default","171425599","OXY_CH7","37.802","min","199.612","μmol/L","Humid","20.933","deg","94442","µV","27.159","°C","1020.000","hPa","36.0","pmil","0","55.700","deg","20.000","°C","100.000","%a.s.","22.210","deg","20.000","°C","971.000","hPa","0.826","-0.01532","0.000401","-0.00012","0","11.08","Humid","30.45","0","49.40","253279.56","SABD0002000012","AAV2.0.0.13","4.0.0.2323","PSt7-10","171027-008","9/15/2022 2:43:31 PM","0000-00","0","no battery","V","","µV","","µV"
"10/14/2022","12:35:01","7","default","171425599","OXY_CH7","37.819","min","199.612","μmol/L","Humid","20.933","deg","94441","µV","27.159","°C","1020.000","hPa","36.0","pmil","0","55.700","deg","20.000","°C","100.000","%a.s.","22.210","deg","20.000","°C","971.000","hPa","0.826","-0.01532","0.000401","-0.00012","0","11.08","Humid","30.45","0","49.40","253276.49","SABD0002000012","AAV2.0.0.13","4.0.0.2323","PSt7-10","171027-008","9/15/2022 2:43:31 PM","0000-00","0","no battery","V","","µV","","µV"
"10/14/2022","12:35:02","7","default","171425599","OXY_CH7","37.836","min","199.575","μmol/L","Humid","20.933","deg","94438","µV","27.165","°C","1020.000","hPa","36.0","pmil","0","55.700","deg","20.000","°C","100.000","%a.s.","22.210","deg","20.000","°C","971.000","hPa","0.826","-0.01532","0.000401","-0.00012","0","11.08","Humid","30.45","0","49.40","253293.71","SABD0002000012","AAV2.0.0.13","4.0.0.2323","PSt7-10","171027-008","9/15/2022 2:43:31 PM","0000-00","0","no battery","V","","µV","","µV"
"10/14/2022","12:35:03","7","default","171425599","OXY_CH7","37.853","min","199.557","μmol/L","Humid","20.934","deg","94435","µV","27.165","°C","1020.000","hPa","36.0","pmil","0","55.700","deg","20.000","°C","100.000","%a.s.","22.210","deg","20.000","°C","971.000","hPa","0.826","-0.01532","0.000401","-0.00012","0","11.08","Humid","30.45","0","49.40","253273.02","SABD0002000012","AAV2.0.0.13","4.0.0.2323","PSt7-10","171027-008","9/15/2022 2:43:31 PM","0000-00","0","no battery","V","","µV","","µV"
"10/14/2022","12:35:04","7","default","171425599","OXY_CH7","37.869","min","199.576","μmol/L","Humid","20.935","deg","94447","µV","27.159","°C","1020.000","hPa","36.0","pmil","0","55.700","deg","20.000","°C","100.000","%a.s.","22.210","deg","20.000","°C","971.000","hPa","0.826","-0.01532","0.000401","-0.00012","0","11.08","Humid","30.45","0","49.40","253275.17","SABD0002000012","AAV2.0.0.13","4.0.0.2323","PSt7-10","171027-008","9/15/2022 2:43:31 PM","0000-00","0","no battery","V","","µV","","µV"
"10/14/2022","12:35:05","7","default","171425599","OXY_CH7","37.886","min","199.576","μmol/L","Humid","20.935","deg","94454","µV","27.159","°C","1020.000","hPa","36.0","pmil","0","55.700","deg","20.000","°C","100.000","%a.s.","22.210","deg","20.000","°C","971.000","hPa","0.826","-0.01532","0.000401","-0.00012","0","11.08","Humid","30.45","0","49.40","253287.61","SABD0002000012","AAV2.0.0.13","4.0.0.2323","PSt7-10","171027-008","9/15/2022 2:43:31 PM","0000-00","0","no battery","V","","µV","","µV"
"10/14/2022","12:35:06","7","default","171425599","OXY_CH7","37.903","min","199.577","μmol/L","Humid","20.937","deg","94454","µV","27.153","°C","1020.000","hPa","36.0","pmil","0","55.700","deg","20.000","°C","100.000","%a.s.","22.210","deg","20.000","°C","971.000","hPa","0.826","-0.01532","0.000401","-0.00012","0","11.08","Humid","30.45","0","49.40","253274.04","SABD0002000012","AAV2.0.0.13","4.0.0.2323","PSt7-10","171027-008","9/15/2022 2:43:31 PM","0000-00","0","no battery","V","","µV","","µV"
"10/14/2022","12:35:07","7","default","171425599","OXY_CH7","37.920","min","199.541","μmol/L","Humid","20.937","deg","94452","µV","27.159","°C","1020.000","hPa","36.0","pmil","0","55.700","deg","20.000","°C","100.000","%a.s.","22.210","deg","20.000","°C","971.000","hPa","0.826","-0.01532","0.000401","-0.00012","0","11.08","Humid","30.45","0","49.40","253267.89","SABD0002000012","AAV2.0.0.13","4.0.0.2323","PSt7-10","171027-008","9/15/2022 2:43:31 PM","0000-00","0","no battery","V","","µV","","µV"
"10/14/2022","12:35:08","7","default","171425599","OXY_CH7","37.936","min","199.561","μmol/L","Humid","20.940","deg","94455","µV","27.147","°C","1020.000","hPa","36.0","pmil","0","55.700","deg","20.000","°C","100.000","%a.s.","22.210","deg","20.000","°C","971.000","hPa","0.826","-0.01532","0.000401","-0.00012","0","11.08","Humid","30.45","0","49.40","253270.55","SABD0002000012","AAV2.0.0.13","4.0.0.2323","PSt7-10","171027-008","9/15/2022 2:43:31 PM","0000-00","0","no battery","V","","µV","","µV"
"10/14/2022","12:35:09","7","default","171425599","OXY_CH7","37.952","min","199.576","μmol/L","Humid","20.935","deg","94448","µV","27.159","°C","1020.000","hPa","36.0","pmil","0","55.700","deg","20.000","°C","100.000","%a.s.","22.210","deg","20.000","°C","971.000","hPa","0.826","-0.01532","0.000401","-0.00012","0","11.08","Humid","30.45","0","49.40","253270.06","SABD0002000012","AAV2.0.0.13","4.0.0.2323","PSt7-10","171027-008","9/15/2022 2:43:31 PM","0000-00","0","no battery","V","","µV","","µV"
"10/14/2022","12:35:10","7","default","171425599","OXY_CH7","37.969","min","199.542","μmol/L","Humid","20.939","deg","94455","µV","27.153","°C","1020.000","hPa","36.0","pmil","0","55.700","deg","20.000","°C","100.000","%a.s.","22.210","deg","20.000","°C","971.000","hPa","0.826","-0.01532","0.000401","-0.00012","0","11.08","Humid","30.45","0","49.40","253278.25","SABD0002000012","AAV2.0.0.13","4.0.0.2323","PSt7-10","171027-008","9/15/2022 2:43:31 PM","0000-00","0","no battery","V","","µV","","µV"
"10/14/2022","12:35:11","7","default","171425599","OXY_CH7","37.986","min","199.452","μmol/L","Humid","20.942","deg","94459","µV","27.159","°C","1020.000","hPa","36.0","pmil","0","55.700","deg","20.000","°C","100.000","%a.s.","22.210","deg","20.000","°C","971.000","hPa","0.826","-0.01532","0.000401","-0.00012","0","11.08","Humid","30.45","0","49.40","253290.35","SABD0002000012","AAV2.0.0.13","4.0.0.2323","PSt7-10","171027-008","9/15/2022 2:43:31 PM","0000-00","0","no battery","V","","µV","","µV"
"10/14/2022","12:35:12","7","default","171425599","OXY_CH7","38.003","min","199.486","μmol/L","Humid","20.938","deg","94467","µV","27.165","°C","1020.000","hPa","36.0","pmil","0","55.700","deg","20.000","°C","100.000","%a.s.","22.210","deg","20.000","°C","971.000","hPa","0.826","-0.01532","0.000401","-0.00012","0","11.08","Humid","30.45","0","49.40","253265.78","SABD0002000012","AAV2.0.0.13","4.0.0.2323","PSt7-10","171027-008","9/15/2022 2:43:31 PM","0000-00","0","no battery","V","","µV","","µV"
"10/14/2022","12:35:13","7","default","171425599","OXY_CH7","38.020","min","199.469","μmol/L","Humid","20.941","deg","94465","µV","27.159","°C","1020.000","hPa","36.0","pmil","0","55.700","deg","20.000","°C","100.000","%a.s.","22.210","deg","20.000","°C","971.000","hPa","0.826","-0.01532","0.000401","-0.00012","0","11.08","Humid","30.45","0","49.40","253281.94","SABD0002000012","AAV2.0.0.13","4.0.0.2323","PSt7-10","171027-008","9/15/2022 2:43:31 PM","0000-00","0","no battery","V","","µV","","µV"
"10/14/2022","12:35:14","7","default","171425599","OXY_CH7","38.036","min","199.523","μmol/L","Humid","20.938","deg","94465","µV","27.159","°C","1020.000","hPa","36.0","pmil","0","55.700","deg","20.000","°C","100.000","%a.s.","22.210","deg","20.000","°C","971.000","hPa","0.826","-0.01532","0.000401","-0.00012","0","11.08","Humid","30.45","0","49.40","253270.44","SABD0002000012","AAV2.0.0.13","4.0.0.2323","PSt7-10","171027-008","9/15/2022 2:43:31 PM","0000-00","0","no battery","V","","µV","","µV"
"10/14/2022","12:35:15","7","default","171425599","OXY_CH7","38.053","min","199.488","μmol/L","Humid","20.942","deg","94455","µV","27.153","°C","1020.000","hPa","36.0","pmil","0","55.700","deg","20.000","°C","100.000","%a.s.","22.210","deg","20.000","°C","971.000","hPa","0.826","-0.01532","0.000401","-0.00012","0","11.08","Humid","30.45","0","49.40","253259.84","SABD0002000012","AAV2.0.0.13","4.0.0.2323","PSt7-10","171027-008","9/15/2022 2:43:31 PM","0000-00","0","no battery","V","","µV","","µV"
"10/14/2022","12:35:16","7","default","171425599","OXY_CH7","38.069","min","199.434","μmol/L","Humid","20.943","deg","94469","µV","27.159","°C","1020.000","hPa","36.0","pmil","0","55.700","deg","20.000","°C","100.000","%a.s.","22.210","deg","20.000","°C","971.000","hPa","0.826","-0.01532","0.000401","-0.00012","0","11.08","Humid","30.45","0","49.40","253274.15","SABD0002000012","AAV2.0.0.13","4.0.0.2323","PSt7-10","171027-008","9/15/2022 2:43:31 PM","0000-00","0","no battery","V","","µV","","µV"
"10/14/2022","12:35:17","7","default","171425599","OXY_CH7","38.086","min","199.488","μmol/L","Humid","20.942","deg","94468","µV","27.153","°C","1020.000","hPa","36.0","pmil","0","55.700","deg","20.000","°C","100.000","%a.s.","22.210","deg","20.000","°C","971.000","hPa","0.826","-0.01532","0.000401","-0.00012","0","11.08","Humid","30.45","0","49.40","253276.45","SABD0002000012","AAV2.0.0.13","4.0.0.2323","PSt7-10","171027-008","9/15/2022 2:43:31 PM","0000-00","0","no battery","V","","µV","","µV"
"10/14/2022","12:35:18","7","default","171425599","OXY_CH7","38.102","min","199.524","μmol/L","Humid","20.940","deg","94465","µV","27.153","°C","1020.000","hPa","36.0","pmil","0","55.700","deg","20.000","°C","100.000","%a.s.","22.210","deg","20.000","°C","971.000","hPa","0.826","-0.01532","0.000401","-0.00012","0","11.08","Humid","30.45","0","49.40","253269.93","SABD0002000012","AAV2.0.0.13","4.0.0.2323","PSt7-10","171027-008","9/15/2022 2:43:31 PM","0000-00","0","no battery","V","","µV","","µV"
"10/14/2022","12:35:19","7","default","171425599","OXY_CH7","38.119","min","199.470","μmol/L","Humid","20.943","deg","94468","µV","27.153","°C","1020.000","hPa","36.0","pmil","0","55.700","deg","20.000","°C","100.000","%a.s.","22.210","deg","20.000","°C","971.000","hPa","0.826","-0.01532","0.000401","-0.00012","0","11.08","Humid","30.45","0","49.40","253267.89","SABD0002000012","AAV2.0.0.13","4.0.0.2323","PSt7-10","171027-008","9/15/2022 2:43:31 PM","0000-00","0","no battery","V","","µV","","µV"
"10/14/2022","12:35:20","7","default","171425599","OXY_CH7","38.136","min","199.577","μmol/L","Humid","20.937","deg","94473","µV","27.153","°C","1020.000","hPa","36.0","pmil","0","55.700","deg","20.000","°C","100.000","%a.s.","22.210","deg","20.000","°C","971.000","hPa","0.826","-0.01532","0.000401","-0.00012","0","11.08","Humid","30.45","0","49.40","253279.85","SABD0002000012","AAV2.0.0.13","4.0.0.2323","PSt7-10","171027-008","9/15/2022 2:43:31 PM","0000-00","0","no battery","V","","µV","","µV"
"10/14/2022","12:35:21","7","default","171425599","OXY_CH7","38.153","min","199.488","μmol/L","Humid","20.942","deg","94470","µV","27.153","°C","1020.000","hPa","36.0","pmil","0","55.700","deg","20.000","°C","100.000","%a.s.","22.210","deg","20.000","°C","971.000","hPa","0.826","-0.01532","0.000401","-0.00012","0","11.08","Humid","30.45","0","49.40","253269.37","SABD0002000012","AAV2.0.0.13","4.0.0.2323","PSt7-10","171027-008","9/15/2022 2:43:31 PM","0000-00","0","no battery","V","","µV","","µV"
"10/14/2022","12:35:22","7","default","171425599","OXY_CH7","38.170","min","199.417","μmol/L","Humid","20.946","deg","94476","µV","27.153","°C","1020.000","hPa","36.0","pmil","0","55.700","deg","20.000","°C","100.000","%a.s.","22.210","deg","20.000","°C","971.000","hPa","0.826","-0.01532","0.000401","-0.00012","0","11.08","Humid","30.45","0","49.40","253264.78","SABD0002000012","AAV2.0.0.13","4.0.0.2323","PSt7-10","171027-008","9/15/2022 2:43:31 PM","0000-00","0","no battery","V","","µV","","µV"
"10/14/2022","12:35:23","7","default","171425599","OXY_CH7","38.186","min","199.363","μmol/L","Humid","20.947","deg","94474","µV","27.159","°C","1020.000","hPa","36.0","pmil","0","55.700","deg","20.000","°C","100.000","%a.s.","22.210","deg","20.000","°C","971.000","hPa","0.826","-0.01532","0.000401","-0.00012","0","11.08","Humid","30.45","0","49.40","253253.04","SABD0002000012","AAV2.0.0.13","4.0.0.2323","PSt7-10","171027-008","9/15/2022 2:43:31 PM","0000-00","0","no battery","V","","µV","","µV"
"10/14/2022","12:35:24","7","default","171425599","OXY_CH7","38.203","min","199.454","μmol/L","Humid","20.946","deg","94482","µV","27.147","°C","1020.000","hPa","36.0","pmil","0","55.700","deg","20.000","°C","100.000","%a.s.","22.210","deg","20.000","°C","971.000","hPa","0.826","-0.01532","0.000401","-0.00012","0","11.08","Humid","30.45","0","49.40","253274.61","SABD0002000012","AAV2.0.0.13","4.0.0.2323","PSt7-10","171027-008","9/15/2022 2:43:31 PM","0000-00","0","no battery","V","","µV","","µV"
"10/14/2022","12:35:25","7","default","171425599","OXY_CH7","38.220","min","199.434","μmol/L","Humid","20.943","deg","94478","µV","27.159","°C","1020.000","hPa","36.0","pmil","0","55.700","deg","20.000","°C","100.000","%a.s.","22.210","deg","20.000","°C","971.000","hPa","0.826","-0.01532","0.000401","-0.00012","0","11.08","Humid","30.45","0","49.40","253265.59","SABD0002000012","AAV2.0.0.13","4.0.0.2323","PSt7-10","171027-008","9/15/2022 2:43:31 PM","0000-00","0","no battery","V","","µV","","µV"
"10/14/2022","12:35:26","7","default","171425599","OXY_CH7","38.236","min","199.399","μmol/L","Humid","20.947","deg","94480","µV","27.153","°C","1020.000","hPa","36.0","pmil","0","55.700","deg","20.000","°C","100.000","%a.s.","22.210","deg","20.000","°C","971.000","hPa","0.826","-0.01532","0.000401","-0.00012","0","11.08","Humid","30.45","0","49.40","253279.81","SABD0002000012","AAV2.0.0.13","4.0.0.2323","PSt7-10","171027-008","9/15/2022 2:43:31 PM","0000-00","0","no battery","V","","µV","","µV"
"10/14/2022","12:35:27","7","default","171425599","OXY_CH7","38.252","min","199.399","μmol/L","Humid","20.947","deg","94484","µV","27.153","°C","1020.000","hPa","36.0","pmil","0","55.700","deg","20.000","°C","100.000","%a.s.","22.210","deg","20.000","°C","971.000","hPa","0.826","-0.01532","0.000401","-0.00012","0","11.08","Humid","30.45","0","49.40","253279.60","SABD0002000012","AAV2.0.0.13","4.0.0.2323","PSt7-10","171027-008","9/15/2022 2:43:31 PM","0000-00","0","no battery","V","","µV","","µV"
"10/14/2022","12:35:28","7","default","171425599","OXY_CH7","38.269","min","199.382","μmol/L","Humid","20.948","deg","94485","µV","27.153","°C","1020.000","hPa","36.0","pmil","0","55.700","deg","20.000","°C","100.000","%a.s.","22.210","deg","20.000","°C","971.000","hPa","0.826","-0.01532","0.000401","-0.00012","0","11.08","Humid","30.45","0","49.40","253269.01","SABD0002000012","AAV2.0.0.13","4.0.0.2323","PSt7-10","171027-008","9/15/2022 2:43:31 PM","0000-00","0","no battery","V","","µV","","µV"
"10/14/2022","12:35:29","7","default","171425599","OXY_CH7","38.286","min","199.398","μmol/L","Humid","20.945","deg","94486","µV","27.159","°C","1020.000","hPa","36.0","pmil","0","55.700","deg","20.000","°C","100.000","%a.s.","22.210","deg","20.000","°C","971.000","hPa","0.826","-0.01532","0.000401","-0.00012","0","11.08","Humid","30.45","0","49.40","253268.88","SABD0002000012","AAV2.0.0.13","4.0.0.2323","PSt7-10","171027-008","9/15/2022 2:43:31 PM","0000-00","0","no battery","V","","µV","","µV"
"10/14/2022","12:35:30","7","default","171425599","OXY_CH7","38.303","min","199.362","μmol/L","Humid","20.945","deg","94486","µV","27.165","°C","1020.000","hPa","36.0","pmil","0","55.700","deg","20.000","°C","100.000","%a.s.","22.210","deg","20.000","°C","971.000","hPa","0.826","-0.01532","0.000401","-0.00012","0","11.08","Humid","30.45","0","49.40","253258.65","SABD0002000012","AAV2.0.0.13","4.0.0.2323","PSt7-10","171027-008","9/15/2022 2:43:31 PM","0000-00","0","no battery","V","","µV","","µV"
"10/14/2022","12:35:31","7","default","171425599","OXY_CH7","38.320","min","199.452","μmol/L","Humid","20.942","deg","94501","µV","27.159","°C","1020.000","hPa","36.0","pmil","0","55.700","deg","20.000","°C","100.000","%a.s.","22.210","deg","20.000","°C","971.000","hPa","0.826","-0.01532","0.000401","-0.00012","0","11.08","Humid","30.45","0","49.40","253268.77","SABD0002000012","AAV2.0.0.13","4.0.0.2323","PSt7-10","171027-008","9/15/2022 2:43:31 PM","0000-00","0","no battery","V","","µV","","µV"
"10/14/2022","12:35:32","7","default","171425599","OXY_CH7","38.336","min","199.273","μmol/L","Humid","20.950","deg","94492","µV","27.165","°C","1020.000","hPa","36.0","pmil","0","55.700","deg","20.000","°C","100.000","%a.s.","22.210","deg","20.000","°C","971.000","hPa","0.826","-0.01532","0.000401","-0.00012","0","11.08","Humid","30.45","0","49.40","253256.25","SABD0002000012","AAV2.0.0.13","4.0.0.2323","PSt7-10","171027-008","9/15/2022 2:43:31 PM","0000-00","0","no battery","V","","µV","","µV"
"10/14/2022","12:35:33","7","default","171425599","OXY_CH7","38.353","min","199.364","μmol/L","Humid","20.949","deg","94501","µV","27.153","°C","1020.000","hPa","36.0","pmil","0","55.700","deg","20.000","°C","100.000","%a.s.","22.210","deg","20.000","°C","971.000","hPa","0.826","-0.01532","0.000401","-0.00012","0","11.08","Humid","30.45","0","49.40","253265.86","SABD0002000012","AAV2.0.0.13","4.0.0.2323","PSt7-10","171027-008","9/15/2022 2:43:31 PM","0000-00","0","no battery","V","","µV","","µV"
"10/14/2022","12:35:34","7","default","171425599","OXY_CH7","38.370","min","199.383","μmol/L","Humid","20.950","deg","94506","µV","27.147","°C","1020.000","hPa","36.0","pmil","0","55.700","deg","20.000","°C","100.000","%a.s.","22.210","deg","20.000","°C","971.000","hPa","0.826","-0.01532","0.000401","-0.00012","0","11.08","Humid","30.45","0","49.40","253272.64","SABD0002000012","AAV2.0.0.13","4.0.0.2323","PSt7-10","171027-008","9/15/2022 2:43:31 PM","0000-00","0","no battery","V","","µV","","µV"
"10/14/2022","12:35:35","7","default","171425599","OXY_CH7","38.386","min","199.345","μmol/L","Humid","20.948","deg","94501","µV","27.159","°C","1020.000","hPa","36.0","pmil","0","55.700","deg","20.000","°C","100.000","%a.s.","22.210","deg","20.000","°C","971.000","hPa","0.826","-0.01532","0.000401","-0.00012","0","11.08","Humid","30.45","0","49.40","253260.87","SABD0002000012","AAV2.0.0.13","4.0.0.2323","PSt7-10","171027-008","9/15/2022 2:43:31 PM","0000-00","0","no battery","V","","µV","","µV"
"10/14/2022","12:35:36","7","default","171425599","OXY_CH7","38.402","min","199.381","μmol/L","Humid","20.946","deg","94510","µV","27.159","°C","1020.000","hPa","36.0","pmil","0","55.700","deg","20.000","°C","100.000","%a.s.","22.210","deg","20.000","°C","971.000","hPa","0.826","-0.01532","0.000401","-0.00012","0","11.08","Humid","30.45","0","49.40","253259.99","SABD0002000012","AAV2.0.0.13","4.0.0.2323","PSt7-10","171027-008","9/15/2022 2:43:31 PM","0000-00","0","no battery","V","","µV","","µV"
"10/14/2022","12:35:37","7","default","171425599","OXY_CH7","38.419","min","199.362","μmol/L","Humid","20.945","deg","94506","µV","27.165","°C","1020.000","hPa","36.0","pmil","0","55.700","deg","20.000","°C","100.000","%a.s.","22.210","deg","20.000","°C","971.000","hPa","0.826","-0.01532","0.000401","-0.00012","0","11.08","Humid","30.45","0","49.40","253252.45","SABD0002000012","AAV2.0.0.13","4.0.0.2323","PSt7-10","171027-008","9/15/2022 2:43:31 PM","0000-00","0","no battery","V","","µV","","µV"
"10/14/2022","12:35:38","7","default","171425599","OXY_CH7","38.436","min","199.309","μmol/L","Humid","20.950","deg","94509","µV","27.159","°C","1020.000","hPa","36.0","pmil","0","55.700","deg","20.000","°C","100.000","%a.s.","22.210","deg","20.000","°C","971.000","hPa","0.826","-0.01532","0.000401","-0.00012","0","11.08","Humid","30.45","0","49.40","253251.43","SABD0002000012","AAV2.0.0.13","4.0.0.2323","PSt7-10","171027-008","9/15/2022 2:43:31 PM","0000-00","0","no battery","V","","µV","","µV"
"10/14/2022","12:35:39","7","default","171425599","OXY_CH7","38.453","min","199.327","μmol/L","Humid","20.949","deg","94512","µV","27.159","°C","1020.000","hPa","36.0","pmil","0","55.700","deg","20.000","°C","100.000","%a.s.","22.210","deg","20.000","°C","971.000","hPa","0.826","-0.01532","0.000401","-0.00012","0","11.08","Humid","30.45","0","49.40","253259.97","SABD0002000012","AAV2.0.0.13","4.0.0.2323","PSt7-10","171027-008","9/15/2022 2:43:31 PM","0000-00","0","no battery","V","","µV","","µV"
"10/14/2022","12:35:40","7","default","171425599","OXY_CH7","38.470","min","199.274","μmol/L","Humid","20.952","deg","94518","µV","27.159","°C","1020.000","hPa","36.0","pmil","0","55.700","deg","20.000","°C","100.000","%a.s.","22.210","deg","20.000","°C","971.000","hPa","0.826","-0.01532","0.000401","-0.00012","0","11.08","Humid","30.45","0","49.40","253261.40","SABD0002000012","AAV2.0.0.13","4.0.0.2323","PSt7-10","171027-008","9/15/2022 2:43:31 PM","0000-00","0","no battery","V","","µV","","µV"
"10/14/2022","12:35:41","7","default","171425599","OXY_CH7","38.486","min","199.256","μmol/L","Humid","20.953","deg","94512","µV","27.159","°C","1020.000","hPa","36.0","pmil","0","55.700","deg","20.000","°C","100.000","%a.s.","22.210","deg","20.000","°C","971.000","hPa","0.826","-0.01532","0.000401","-0.00012","0","11.08","Humid","30.45","0","49.40","253241.23","SABD0002000012","AAV2.0.0.13","4.0.0.2323","PSt7-10","171027-008","9/15/2022 2:43:31 PM","0000-00","0","no battery","V","","µV","","µV"
"10/14/2022","12:35:42","7","default","171425599","OXY_CH7","38.503","min","199.256","μmol/L","Humid","20.953","deg","94510","µV","27.159","°C","1020.000","hPa","36.0","pmil","0","55.700","deg","20.000","°C","100.000","%a.s.","22.210","deg","20.000","°C","971.000","hPa","0.826","-0.01532","0.000401","-0.00012","0","11.08","Humid","30.45","0","49.40","253253.67","SABD0002000012","AAV2.0.0.13","4.0.0.2323","PSt7-10","171027-008","9/15/2022 2:43:31 PM","0000-00","0","no battery","V","","µV","","µV"
"10/14/2022","12:35:43","7","default","171425599","OXY_CH7","38.519","min","199.274","μmol/L","Humid","20.952","deg","94520","µV","27.159","°C","1020.000","hPa","36.0","pmil","0","55.700","deg","20.000","°C","100.000","%a.s.","22.210","deg","20.000","°C","971.000","hPa","0.826","-0.01532","0.000401","-0.00012","0","11.08","Humid","30.45","0","49.40","253254.05","SABD0002000012","AAV2.0.0.13","4.0.0.2323","PSt7-10","171027-008","9/15/2022 2:43:31 PM","0000-00","0","no battery","V","","µV","","µV"
"10/14/2022","12:35:44","7","default","171425599","OXY_CH7","38.536","min","199.221","μmol/L","Humid","20.955","deg","94521","µV","27.159","°C","1020.000","hPa","36.0","pmil","0","55.700","deg","20.000","°C","100.000","%a.s.","22.210","deg","20.000","°C","971.000","hPa","0.826","-0.01532","0.000401","-0.00012","0","11.08","Humid","30.45","0","49.40","253251.14","SABD0002000012","AAV2.0.0.13","4.0.0.2323","PSt7-10","171027-008","9/15/2022 2:43:31 PM","0000-00","0","no battery","V","","µV","","µV"
"10/14/2022","12:35:45","7","default","171425599","OXY_CH7","38.552","min","199.131","μmol/L","Humid","20.958","deg","94527","µV","27.165","°C","1020.000","hPa","36.0","pmil","0","55.700","deg","20.000","°C","100.000","%a.s.","22.210","deg","20.000","°C","971.000","hPa","0.826","-0.01532","0.000401","-0.00012","0","11.08","Humid","30.45","0","49.40","253249.30","SABD0002000012","AAV2.0.0.13","4.0.0.2323","PSt7-10","171027-008","9/15/2022 2:43:31 PM","0000-00","0","no battery","V","","µV","","µV"
"10/14/2022","12:35:46","7","default","171425599","OXY_CH7","38.569","min","199.275","μmol/L","Humid","20.954","deg","94526","µV","27.153","°C","1020.000","hPa","36.0","pmil","0","55.700","deg","20.000","°C","100.000","%a.s.","22.210","deg","20.000","°C","971.000","hPa","0.826","-0.01532","0.000401","-0.00012","0","11.08","Humid","30.45","0","49.40","253258.12","SABD0002000012","AAV2.0.0.13","4.0.0.2323","PSt7-10","171027-008","9/15/2022 2:43:31 PM","0000-00","0","no battery","V","","µV","","µV"
"10/14/2022","12:35:47","7","default","171425599","OXY_CH7","38.586","min","199.311","μmol/L","Humid","20.952","deg","94526","µV","27.153","°C","1020.000","hPa","36.0","pmil","0","55.700","deg","20.000","°C","100.000","%a.s.","22.210","deg","20.000","°C","971.000","hPa","0.826","-0.01532","0.000401","-0.00012","0","11.08","Humid","30.45","0","49.40","253247.18","SABD0002000012","AAV2.0.0.13","4.0.0.2323","PSt7-10","171027-008","9/15/2022 2:43:31 PM","0000-00","0","no battery","V","","µV","","µV"
"10/14/2022","12:35:48","7","default","171425599","OXY_CH7","38.603","min","199.257","μmol/L","Humid","20.955","deg","94527","µV","27.153","°C","1020.000","hPa","36.0","pmil","0","55.700","deg","20.000","°C","100.000","%a.s.","22.210","deg","20.000","°C","971.000","hPa","0.826","-0.01532","0.000401","-0.00012","0","11.08","Humid","30.45","0","49.40","253250.43","SABD0002000012","AAV2.0.0.13","4.0.0.2323","PSt7-10","171027-008","9/15/2022 2:43:31 PM","0000-00","0","no battery","V","","µV","","µV"
"10/14/2022","12:35:49","7","default","171425599","OXY_CH7","38.619","min","199.167","μmol/L","Humid","20.958","deg","94520","µV","27.159","°C","1020.000","hPa","36.0","pmil","0","55.700","deg","20.000","°C","100.000","%a.s.","22.210","deg","20.000","°C","971.000","hPa","0.826","-0.01532","0.000401","-0.00012","0","11.08","Humid","30.45","0","49.40","253241.09","SABD0002000012","AAV2.0.0.13","4.0.0.2323","PSt7-10","171027-008","9/15/2022 2:43:31 PM","0000-00","0","no battery","V","","µV","","µV"
"10/14/2022","12:35:50","7","default","171425599","OXY_CH7","38.636","min","199.221","μmol/L","Humid","20.955","deg","94540","µV","27.159","°C","1020.000","hPa","36.0","pmil","0","55.700","deg","20.000","°C","100.000","%a.s.","22.210","deg","20.000","°C","971.000","hPa","0.826","-0.01532","0.000401","-0.00012","0","11.08","Humid","30.45","0","49.40","253252.59","SABD0002000012","AAV2.0.0.13","4.0.0.2323","PSt7-10","171027-008","9/15/2022 2:43:31 PM","0000-00","0","no battery","V","","µV","","µV"
"10/14/2022","12:35:51","7","default","171425599","OXY_CH7","38.653","min","199.166","μmol/L","Humid","20.956","deg","94537","µV","27.165","°C","1020.000","hPa","36.0","pmil","0","55.700","deg","20.000","°C","100.000","%a.s.","22.210","deg","20.000","°C","971.000","hPa","0.826","-0.01532","0.000401","-0.00012","0","11.08","Humid","30.45","0","49.40","253260.23","SABD0002000012","AAV2.0.0.13","4.0.0.2323","PSt7-10","171027-008","9/15/2022 2:43:31 PM","0000-00","0","no battery","V","","µV","","µV"
"10/14/2022","12:35:52","7","default","171425599","OXY_CH7","38.670","min","199.166","μmol/L","Humid","20.956","deg","94537","µV","27.165","°C","1020.000","hPa","36.0","pmil","0","55.700","deg","20.000","°C","100.000","%a.s.","22.210","deg","20.000","°C","971.000","hPa","0.826","-0.01532","0.000401","-0.00012","0","11.08","Humid","30.45","0","49.40","253253.15","SABD0002000012","AAV2.0.0.13","4.0.0.2323","PSt7-10","171027-008","9/15/2022 2:43:31 PM","0000-00","0","no battery","V","","µV","","µV"
"10/14/2022","12:35:53","7","default","171425599","OXY_CH7","38.686","min","199.114","μmol/L","Humid","20.961","deg","94542","µV","27.159","°C","1020.000","hPa","36.0","pmil","0","55.700","deg","20.000","°C","100.000","%a.s.","22.210","deg","20.000","°C","971.000","hPa","0.826","-0.01532","0.000401","-0.00012","0","11.08","Humid","30.45","0","49.40","253263.22","SABD0002000012","AAV2.0.0.13","4.0.0.2323","PSt7-10","171027-008","9/15/2022 2:43:31 PM","0000-00","0","no battery","V","","µV","","µV"
"10/14/2022","12:35:54","7","default","171425599","OXY_CH7","38.702","min","199.097","μmol/L","Humid","20.962","deg","94541","µV","27.159","°C","1020.000","hPa","36.0","pmil","0","55.700","deg","20.000","°C","100.000","%a.s.","22.210","deg","20.000","°C","971.000","hPa","0.826","-0.01532","0.000401","-0.00012","0","11.08","Humid","30.45","0","49.40","253250.92","SABD0002000012","AAV2.0.0.13","4.0.0.2323","PSt7-10","171027-008","9/15/2022 2:43:31 PM","0000-00","0","no battery","V","","µV","","µV"
"10/14/2022","12:35:55","7","default","171425599","OXY_CH7","38.719","min","199.204","μmol/L","Humid","20.958","deg","94553","µV","27.153","°C","1020.000","hPa","36.0","pmil","0","55.700","deg","20.000","°C","100.000","%a.s.","22.210","deg","20.000","°C","971.000","hPa","0.826","-0.01532","0.000401","-0.00012","0","11.08","Humid","30.45","0","49.40","253242.08","SABD0002000012","AAV2.0.0.13","4.0.0.2323","PSt7-10","171027-008","9/15/2022 2:43:31 PM","0000-00","0","no battery","V","","µV","","µV"
"10/14/2022","12:35:56","7","default","171425599","OXY_CH7","38.736","min","199.167","μmol/L","Humid","20.958","deg","94546","µV","27.159","°C","1020.000","hPa","36.0","pmil","0","55.700","deg","20.000","°C","100.000","%a.s.","22.210","deg","20.000","°C","971.000","hPa","0.826","-0.01532","0.000401","-0.00012","0","11.08","Humid","30.45","0","49.40","253250.13","SABD0002000012","AAV2.0.0.13","4.0.0.2323","PSt7-10","171027-008","9/15/2022 2:43:31 PM","0000-00","0","no battery","V","","µV","","µV"
"10/14/2022","12:35:57","7","default","171425599","OXY_CH7","38.753","min","199.078","μmol/L","Humid","20.961","deg","94546","µV","27.165","°C","1020.000","hPa","36.0","pmil","0","55.700","deg","20.000","°C","100.000","%a.s.","22.210","deg","20.000","°C","971.000","hPa","0.826","-0.01532","0.000401","-0.00012","0","11.08","Humid","30.45","0","49.40","253241.02","SABD0002000012","AAV2.0.0.13","4.0.0.2323","PSt7-10","171027-008","9/15/2022 2:43:31 PM","0000-00","0","no battery","V","","µV","","µV"
"10/14/2022","12:35:58","7","default","171425599","OXY_CH7","38.769","min","199.186","μmol/L","Humid","20.959","deg","94549","µV","27.153","°C","1020.000","hPa","36.0","pmil","0","55.700","deg","20.000","°C","100.000","%a.s.","22.210","deg","20.000","°C","971.000","hPa","0.826","-0.01532","0.000401","-0.00012","0","11.08","Humid","30.45","0","49.40","253234.81","SABD0002000012","AAV2.0.0.13","4.0.0.2323","PSt7-10","171027-008","9/15/2022 2:43:31 PM","0000-00","0","no battery","V","","µV","","µV"
"10/14/2022","12:35:59","7","default","171425599","OXY_CH7","38.786","min","199.097","μmol/L","Humid","20.962","deg","94549","µV","27.159","°C","1020.000","hPa","36.0","pmil","0","55.700","deg","20.000","°C","100.000","%a.s.","22.210","deg","20.000","°C","971.000","hPa","0.826","-0.01532","0.000401","-0.00012","0","11.08","Humid","30.45","0","49.40","253254.66","SABD0002000012","AAV2.0.0.13","4.0.0.2323","PSt7-10","171027-008","9/15/2022 2:43:31 PM","0000-00","0","no battery","V","","µV","","µV"
"10/14/2022","12:36:00","7","default","171425599","OXY_CH7","38.803","min","199.114","μmol/L","Humid","20.961","deg","94547","µV","27.159","°C","1020.000","hPa","36.0","pmil","0","55.700","deg","20.000","°C","100.000","%a.s.","22.210","deg","20.000","°C","971.000","hPa","0.826","-0.01532","0.000401","-0.00012","0","11.08","Humid","30.45","0","49.40","253246.79","SABD0002000012","AAV2.0.0.13","4.0.0.2323","PSt7-10","171027-008","9/15/2022 2:43:31 PM","0000-00","0","no battery","V","","µV","","µV"
"10/14/2022","12:36:01","7","default","171425599","OXY_CH7","38.820","min","199.098","μmol/L","Humid","20.964","deg","94556","µV","27.153","°C","1020.000","hPa","36.0","pmil","0","55.700","deg","20.000","°C","100.000","%a.s.","22.210","deg","20.000","°C","971.000","hPa","0.826","-0.01532","0.000401","-0.00012","0","11.08","Humid","30.45","0","49.40","253242.89","SABD0002000012","AAV2.0.0.13","4.0.0.2323","PSt7-10","171027-008","9/15/2022 2:43:31 PM","0000-00","0","no battery","V","","µV","","µV"
"10/14/2022","12:36:02","7","default","171425599","OXY_CH7","38.836","min","199.114","μmol/L","Humid","20.961","deg","94559","µV","27.159","°C","1020.000","hPa","36.0","pmil","0","55.700","deg","20.000","°C","100.000","%a.s.","22.210","deg","20.000","°C","971.000","hPa","0.826","-0.01532","0.000401","-0.00012","0","11.08","Humid","30.45","0","49.40","253251.21","SABD0002000012","AAV2.0.0.13","4.0.0.2323","PSt7-10","171027-008","9/15/2022 2:43:31 PM","0000-00","0","no battery","V","","µV","","µV"
"10/14/2022","12:36:03","7","default","171425599","OXY_CH7","38.852","min","199.132","μmol/L","Humid","20.960","deg","94565","µV","27.159","°C","1020.000","hPa","36.0","pmil","0","55.700","deg","20.000","°C","100.000","%a.s.","22.210","deg","20.000","°C","971.000","hPa","0.826","-0.01532","0.000401","-0.00012","0","11.08","Humid","30.45","0","49.40","253245.22","SABD0002000012","AAV2.0.0.13","4.0.0.2323","PSt7-10","171027-008","9/15/2022 2:43:31 PM","0000-00","0","no battery","V","","µV","","µV"
"10/14/2022","12:36:04","7","default","171425599","OXY_CH7","38.869","min","199.042","μmol/L","Humid","20.963","deg","94561","µV","27.165","°C","1020.000","hPa","36.0","pmil","0","55.700","deg","20.000","°C","100.000","%a.s.","22.210","deg","20.000","°C","971.000","hPa","0.826","-0.01532","0.000401","-0.00012","0","11.08","Humid","30.45","0","49.40","253248.03","SABD0002000012","AAV2.0.0.13","4.0.0.2323","PSt7-10","171027-008","9/15/2022 2:43:31 PM","0000-00","0","no battery","V","","µV","","µV"
"10/14/2022","12:36:05","7","default","171425599","OXY_CH7","38.886","min","199.080","μmol/L","Humid","20.965","deg","94563","µV","27.153","°C","1020.000","hPa","36.0","pmil","0","55.700","deg","20.000","°C","100.000","%a.s.","22.210","deg","20.000","°C","971.000","hPa","0.826","-0.01532","0.000401","-0.00012","0","11.08","Humid","30.45","0","49.40","253264.02","SABD0002000012","AAV2.0.0.13","4.0.0.2323","PSt7-10","171027-008","9/15/2022 2:43:31 PM","0000-00","0","no battery","V","","µV","","µV"
"10/14/2022","12:36:06","7","default","171425599","OXY_CH7","38.903","min","199.008","μmol/L","Humid","20.967","deg","94567","µV","27.159","°C","1020.000","hPa","36.0","pmil","0","55.700","deg","20.000","°C","100.000","%a.s.","22.210","deg","20.000","°C","971.000","hPa","0.826","-0.01532","0.000401","-0.00012","0","11.08","Humid","30.45","0","49.40","253254.26","SABD0002000012","AAV2.0.0.13","4.0.0.2323","PSt7-10","171027-008","9/15/2022 2:43:31 PM","0000-00","0","no battery","V","","µV","","µV"
"10/14/2022","12:36:07","7","default","171425599","OXY_CH7","38.920","min","199.043","μmol/L","Humid","20.965","deg","94568","µV","27.159","°C","1020.000","hPa","36.0","pmil","0","55.700","deg","20.000","°C","100.000","%a.s.","22.210","deg","20.000","°C","971.000","hPa","0.826","-0.01532","0.000401","-0.00012","0","11.08","Humid","30.45","0","49.40","253239.05","SABD0002000012","AAV2.0.0.13","4.0.0.2323","PSt7-10","171027-008","9/15/2022 2:43:31 PM","0000-00","0","no battery","V","","µV","","µV"
"10/14/2022","12:36:08","7","default","171425599","OXY_CH7","38.936","min","198.937","μmol/L","Humid","20.971","deg","94575","µV","27.159","°C","1020.000","hPa","36.0","pmil","0","55.700","deg","20.000","°C","100.000","%a.s.","22.210","deg","20.000","°C","971.000","hPa","0.826","-0.01532","0.000401","-0.00012","0","11.08","Humid","30.45","0","49.40","253252.66","SABD0002000012","AAV2.0.0.13","4.0.0.2323","PSt7-10","171027-008","9/15/2022 2:43:31 PM","0000-00","0","no battery","V","","µV","","µV"
"10/14/2022","12:36:09","7","default","171425599","OXY_CH7","38.953","min","199.026","μmol/L","Humid","20.966","deg","94577","µV","27.159","°C","1020.000","hPa","36.0","pmil","0","55.700","deg","20.000","°C","100.000","%a.s.","22.210","deg","20.000","°C","971.000","hPa","0.826","-0.01532","0.000401","-0.00012","0","11.08","Humid","30.45","0","49.40","253250.65","SABD0002000012","AAV2.0.0.13","4.0.0.2323","PSt7-10","171027-008","9/15/2022 2:43:31 PM","0000-00","0","no battery","V","","µV","","µV"
"10/14/2022","12:36:10","7","default","171425599","OXY_CH7","38.970","min","199.061","μmol/L","Humid","20.964","deg","94574","µV","27.159","°C","1020.000","hPa","36.0","pmil","0","55.700","deg","20.000","°C","100.000","%a.s.","22.210","deg","20.000","°C","971.000","hPa","0.826","-0.01532","0.000401","-0.00012","0","11.08","Humid","30.45","0","49.40","253259.37","SABD0002000012","AAV2.0.0.13","4.0.0.2323","PSt7-10","171027-008","9/15/2022 2:43:31 PM","0000-00","0","no battery","V","","µV","","µV"
"10/14/2022","12:36:11","7","default","171425599","OXY_CH7","38.987","min","198.971","μmol/L","Humid","20.967","deg","94569","µV","27.165","°C","1020.000","hPa","36.0","pmil","0","55.700","deg","20.000","°C","100.000","%a.s.","22.210","deg","20.000","°C","971.000","hPa","0.826","-0.01532","0.000401","-0.00012","0","11.08","Humid","30.45","0","49.40","253243.01","SABD0002000012","AAV2.0.0.13","4.0.0.2323","PSt7-10","171027-008","9/15/2022 2:43:31 PM","0000-00","0","no battery","V","","µV","","µV"
"10/14/2022","12:36:12","7","default","171425599","OXY_CH7","39.003","min","199.026","μmol/L","Humid","20.966","deg","94582","µV","27.159","°C","1020.000","hPa","36.0","pmil","0","55.700","deg","20.000","°C","100.000","%a.s.","22.210","deg","20.000","°C","971.000","hPa","0.826","-0.01532","0.000401","-0.00012","0","11.08","Humid","30.45","0","49.40","253259.21","SABD0002000012","AAV2.0.0.13","4.0.0.2323","PSt7-10","171027-008","9/15/2022 2:43:31 PM","0000-00","0","no battery","V","","µV","","µV"
"10/14/2022","12:36:13","7","default","171425599","OXY_CH7","39.019","min","198.936","μmol/L","Humid","20.969","deg","94587","µV","27.165","°C","1020.000","hPa","36.0","pmil","0","55.700","deg","20.000","°C","100.000","%a.s.","22.210","deg","20.000","°C","971.000","hPa","0.826","-0.01532","0.000401","-0.00012","0","11.08","Humid","30.45","0","49.40","253259.21","SABD0002000012","AAV2.0.0.13","4.0.0.2323","PSt7-10","171027-008","9/15/2022 2:43:31 PM","0000-00","0","no battery","V","","µV","","µV"
"10/14/2022","12:36:14","7","default","171425599","OXY_CH7","39.036","min","198.955","μmol/L","Humid","20.970","deg","94583","µV","27.159","°C","1020.000","hPa","36.0","pmil","0","55.700","deg","20.000","°C","100.000","%a.s.","22.210","deg","20.000","°C","971.000","hPa","0.826","-0.01532","0.000401","-0.00012","0","11.08","Humid","30.45","0","49.40","253260.44","SABD0002000012","AAV2.0.0.13","4.0.0.2323","PSt7-10","171027-008","9/15/2022 2:43:31 PM","0000-00","0","no battery","V","","µV","","µV"
"10/14/2022","12:36:15","7","default","171425599","OXY_CH7","39.053","min","199.027","μmol/L","Humid","20.968","deg","94587","µV","27.153","°C","1020.000","hPa","36.0","pmil","0","55.700","deg","20.000","°C","100.000","%a.s.","22.210","deg","20.000","°C","971.000","hPa","0.826","-0.01532","0.000401","-0.00012","0","11.08","Humid","30.45","0","49.40","253249.65","SABD0002000012","AAV2.0.0.13","4.0.0.2323","PSt7-10","171027-008","9/15/2022 2:43:31 PM","0000-00","0","no battery","V","","µV","","µV"
"10/14/2022","12:36:16","7","default","171425599","OXY_CH7","39.069","min","198.917","μmol/L","Humid","20.968","deg","94583","µV","27.171","°C","1020.000","hPa","36.0","pmil","0","55.700","deg","20.000","°C","100.000","%a.s.","22.210","deg","20.000","°C","971.000","hPa","0.826","-0.01532","0.000401","-0.00012","0","11.08","Humid","30.45","0","49.40","253251.11","SABD0002000012","AAV2.0.0.13","4.0.0.2323","PSt7-10","171027-008","9/15/2022 2:43:31 PM","0000-00","0","no battery","V","","µV","","µV"
"10/14/2022","12:36:17","7","default","171425599","OXY_CH7","39.086","min","199.008","μmol/L","Humid","20.967","deg","94583","µV","27.159","°C","1020.000","hPa","36.0","pmil","0","55.700","deg","20.000","°C","100.000","%a.s.","22.210","deg","20.000","°C","971.000","hPa","0.826","-0.01532","0.000401","-0.00012","0","11.08","Humid","30.45","0","49.40","253257.80","SABD0002000012","AAV2.0.0.13","4.0.0.2323","PSt7-10","171027-008","9/15/2022 2:43:31 PM","0000-00","0","no battery","V","","µV","","µV"
"10/14/2022","12:36:18","7","default","171425599","OXY_CH7","39.103","min","199.026","μmol/L","Humid","20.966","deg","94593","µV","27.159","°C","1020.000","hPa","36.0","pmil","0","55.700","deg","20.000","°C","100.000","%a.s.","22.210","deg","20.000","°C","971.000","hPa","0.826","-0.01532","0.000401","-0.00012","0","11.08","Humid","30.45","0","49.40","253247.30","SABD0002000012","AAV2.0.0.13","4.0.0.2323","PSt7-10","171027-008","9/15/2022 2:43:31 PM","0000-00","0","no battery","V","","µV","","µV"
"10/14/2022","12:36:19","7","default","171425599","OXY_CH7","39.120","min","198.918","μmol/L","Humid","20.970","deg","94592","µV","27.165","°C","1020.000","hPa","36.0","pmil","0","55.700","deg","20.000","°C","100.000","%a.s.","22.210","deg","20.000","°C","971.000","hPa","0.826","-0.01532","0.000401","-0.00012","0","11.08","Humid","30.45","0","49.40","253258.73","SABD0002000012","AAV2.0.0.13","4.0.0.2323","PSt7-10","171027-008","9/15/2022 2:43:31 PM","0000-00","0","no battery","V","","µV","","µV"
"10/14/2022","12:36:20","7","default","171425599","OXY_CH7","39.136","min","198.990","μmol/L","Humid","20.968","deg","94593","µV","27.159","°C","1020.000","hPa","36.0","pmil","0","55.700","deg","20.000","°C","100.000","%a.s.","22.210","deg","20.000","°C","971.000","hPa","0.826","-0.01532","0.000401","-0.00012","0","11.08","Humid","30.45","0","49.40","253248.96","SABD0002000012","AAV2.0.0.13","4.0.0.2323","PSt7-10","171027-008","9/15/2022 2:43:31 PM","0000-00","0","no battery","V","","µV","","µV"
"10/14/2022","12:36:21","7","default","171425599","OXY_CH7","39.153","min","198.865","μmol/L","Humid","20.973","deg","94597","µV","27.165","°C","1020.000","hPa","36.0","pmil","0","55.700","deg","20.000","°C","100.000","%a.s.","22.210","deg","20.000","°C","971.000","hPa","0.826","-0.01532","0.000401","-0.00012","0","11.08","Humid","30.45","0","49.40","253242.70","SABD0002000012","AAV2.0.0.13","4.0.0.2323","PSt7-10","171027-008","9/15/2022 2:43:31 PM","0000-00","0","no battery","V","","µV","","µV"
"10/14/2022","12:36:22","7","default","171425599","OXY_CH7","39.170","min","198.866","μmol/L","Humid","20.975","deg","94594","µV","27.159","°C","1020.000","hPa","36.0","pmil","0","55.700","deg","20.000","°C","100.000","%a.s.","22.210","deg","20.000","°C","971.000","hPa","0.826","-0.01532","0.000401","-0.00012","0","11.08","Humid","30.45","0","49.40","253249.85","SABD0002000012","AAV2.0.0.13","4.0.0.2323","PSt7-10","171027-008","9/15/2022 2:43:31 PM","0000-00","0","no battery","V","","µV","","µV"
"10/14/2022","12:36:23","7","default","171425599","OXY_CH7","39.186","min","198.902","μmol/L","Humid","20.973","deg","94596","µV","27.159","°C","1020.000","hPa","36.0","pmil","0","55.700","deg","20.000","°C","100.000","%a.s.","22.210","deg","20.000","°C","971.000","hPa","0.826","-0.01532","0.000401","-0.00012","0","11.08","Humid","30.45","0","49.40","253240.10","SABD0002000012","AAV2.0.0.13","4.0.0.2323","PSt7-10","171027-008","9/15/2022 2:43:31 PM","0000-00","0","no battery","V","","µV","","µV"
"10/14/2022","12:36:24","7","default","171425599","OXY_CH7","39.203","min","198.902","μmol/L","Humid","20.973","deg","94593","µV","27.159","°C","1020.000","hPa","36.0","pmil","0","55.700","deg","20.000","°C","100.000","%a.s.","22.210","deg","20.000","°C","971.000","hPa","0.826","-0.01532","0.000401","-0.00012","0","11.08","Humid","30.45","0","49.40","253242.91","SABD0002000012","AAV2.0.0.13","4.0.0.2323","PSt7-10","171027-008","9/15/2022 2:43:31 PM","0000-00","0","no battery","V","","µV","","µV"
"10/14/2022","12:36:25","7","default","171425599","OXY_CH7","39.219","min","198.884","μmol/L","Humid","20.974","deg","94599","µV","27.159","°C","1020.000","hPa","36.0","pmil","0","55.700","deg","20.000","°C","100.000","%a.s.","22.210","deg","20.000","°C","971.000","hPa","0.826","-0.01532","0.000401","-0.00012","0","11.08","Humid","30.45","0","49.40","253244.31","SABD0002000012","AAV2.0.0.13","4.0.0.2323","PSt7-10","171027-008","9/15/2022 2:43:31 PM","0000-00","0","no battery","V","","µV","","µV"
"10/14/2022","12:36:26","7","default","171425599","OXY_CH7","39.236","min","198.831","μmol/L","Humid","20.977","deg","94601","µV","27.159","°C","1020.000","hPa","36.0","pmil","0","55.700","deg","20.000","°C","100.000","%a.s.","22.210","deg","20.000","°C","971.000","hPa","0.826","-0.01532","0.000401","-0.00012","0","11.08","Humid","30.45","0","49.40","253241.53","SABD0002000012","AAV2.0.0.13","4.0.0.2323","PSt7-10","171027-008","9/15/2022 2:43:31 PM","0000-00","0","no battery","V","","µV","","µV"
"10/14/2022","12:36:27","7","default","171425599","OXY_CH7","39.253","min","198.847","μmol/L","Humid","20.974","deg","94607","µV","27.165","°C","1020.000","hPa","36.0","pmil","0","55.700","deg","20.000","°C","100.000","%a.s.","22.210","deg","20.000","°C","971.000","hPa","0.826","-0.01532","0.000401","-0.00012","0","11.08","Humid","30.45","0","49.40","253240.15","SABD0002000012","AAV2.0.0.13","4.0.0.2323","PSt7-10","171027-008","9/15/2022 2:43:31 PM","0000-00","0","no battery","V","","µV","","µV"
"10/14/2022","12:36:28","7","default","171425599","OXY_CH7","39.269","min","198.831","μmol/L","Humid","20.977","deg","94603","µV","27.159","°C","1020.000","hPa","36.0","pmil","0","55.700","deg","20.000","°C","100.000","%a.s.","22.210","deg","20.000","°C","971.000","hPa","0.826","-0.01532","0.000401","-0.00012","0","11.08","Humid","30.45","0","49.40","253245.09","SABD0002000012","AAV2.0.0.13","4.0.0.2323","PSt7-10","171027-008","9/15/2022 2:43:31 PM","0000-00","0","no battery","V","","µV","","µV"
"10/14/2022","12:36:29","7","default","171425599","OXY_CH7","39.286","min","198.776","μmol/L","Humid","20.978","deg","94616","µV","27.165","°C","1020.000","hPa","36.0","pmil","0","55.700","deg","20.000","°C","100.000","%a.s.","22.210","deg","20.000","°C","971.000","hPa","0.826","-0.01532","0.000401","-0.00012","0","11.08","Humid","30.45","0","49.40","253242.02","SABD0002000012","AAV2.0.0.13","4.0.0.2323","PSt7-10","171027-008","9/15/2022 2:43:31 PM","0000-00","0","no battery","V","","µV","","µV"
"10/14/2022","12:36:30","7","default","171425599","OXY_CH7","39.303","min","198.831","μmol/L","Humid","20.977","deg","94613","µV","27.159","°C","1020.000","hPa","36.0","pmil","0","55.700","deg","20.000","°C","100.000","%a.s.","22.210","deg","20.000","°C","971.000","hPa","0.826","-0.01532","0.000401","-0.00012","0","11.08","Humid","30.45","0","49.40","253239.44","SABD0002000012","AAV2.0.0.13","4.0.0.2323","PSt7-10","171027-008","9/15/2022 2:43:31 PM","0000-00","0","no battery","V","","µV","","µV"
"10/14/2022","12:36:31","7","default","171425599","OXY_CH7","39.320","min","198.850","μmol/L","Humid","20.978","deg","94613","µV","27.153","°C","1020.000","hPa","36.0","pmil","0","55.700","deg","20.000","°C","100.000","%a.s.","22.210","deg","20.000","°C","971.000","hPa","0.826","-0.01532","0.000401","-0.00012","0","11.08","Humid","30.45","0","49.40","253249.39","SABD0002000012","AAV2.0.0.13","4.0.0.2323","PSt7-10","171027-008","9/15/2022 2:43:31 PM","0000-00","0","no battery","V","","µV","","µV"
"10/14/2022","12:36:32","7","default","171425599","OXY_CH7","39.336","min","198.831","μmol/L","Humid","20.977","deg","94611","µV","27.159","°C","1020.000","hPa","36.0","pmil","0","55.700","deg","20.000","°C","100.000","%a.s.","22.210","deg","20.000","°C","971.000","hPa","0.826","-0.01532","0.000401","-0.00012","0","11.08","Humid","30.45","0","49.40","253228.05","SABD0002000012","AAV2.0.0.13","4.0.0.2323","PSt7-10","171027-008","9/15/2022 2:43:31 PM","0000-00","0","no battery","V","","µV","","µV"
"10/14/2022","12:36:33","7","default","171425599","OXY_CH7","39.353","min","198.779","μmol/L","Humid","20.982","deg","94617","µV","27.153","°C","1020.000","hPa","36.0","pmil","0","55.700","deg","20.000","°C","100.000","%a.s.","22.210","deg","20.000","°C","971.000","hPa","0.826","-0.01532","0.000401","-0.00012","0","11.08","Humid","30.45","0","49.40","253229.87","SABD0002000012","AAV2.0.0.13","4.0.0.2323","PSt7-10","171027-008","9/15/2022 2:43:31 PM","0000-00","0","no battery","V","","µV","","µV"
"10/14/2022","12:36:34","7","default","171425599","OXY_CH7","39.370","min","198.759","μmol/L","Humid","20.979","deg","94625","µV","27.165","°C","1020.000","hPa","36.0","pmil","0","55.700","deg","20.000","°C","100.000","%a.s.","22.210","deg","20.000","°C","971.000","hPa","0.826","-0.01532","0.000401","-0.00012","0","11.08","Humid","30.45","0","49.40","253229.39","SABD0002000012","AAV2.0.0.13","4.0.0.2323","PSt7-10","171027-008","9/15/2022 2:43:31 PM","0000-00","0","no battery","V","","µV","","µV"
"10/14/2022","12:36:35","7","default","171425599","OXY_CH7","39.386","min","198.707","μmol/L","Humid","20.984","deg","94623","µV","27.159","°C","1020.000","hPa","36.0","pmil","0","55.700","deg","20.000","°C","100.000","%a.s.","22.210","deg","20.000","°C","971.000","hPa","0.826","-0.01532","0.000401","-0.00012","0","11.08","Humid","30.45","0","49.40","253249.35","SABD0002000012","AAV2.0.0.13","4.0.0.2323","PSt7-10","171027-008","9/15/2022 2:43:31 PM","0000-00","0","no battery","V","","µV","","µV"
"10/14/2022","12:36:36","7","default","171425599","OXY_CH7","39.402","min","198.742","μmol/L","Humid","20.982","deg","94628","µV","27.159","°C","1020.000","hPa","36.0","pmil","0","55.700","deg","20.000","°C","100.000","%a.s.","22.210","deg","20.000","°C","971.000","hPa","0.826","-0.01532","0.000401","-0.00012","0","11.08","Humid","30.45","0","49.40","253245.65","SABD0002000012","AAV2.0.0.13","4.0.0.2323","PSt7-10","171027-008","9/15/2022 2:43:31 PM","0000-00","0","no battery","V","","µV","","µV"
"10/14/2022","12:36:37","7","default","171425599","OXY_CH7","39.419","min","198.779","μmol/L","Humid","20.982","deg","94629","µV","27.153","°C","1020.000","hPa","36.0","pmil","0","55.700","deg","20.000","°C","100.000","%a.s.","22.210","deg","20.000","°C","971.000","hPa","0.826","-0.01532","0.000401","-0.00012","0","11.08","Humid","30.45","0","49.40","253246.64","SABD0002000012","AAV2.0.0.13","4.0.0.2323","PSt7-10","171027-008","9/15/2022 2:43:31 PM","0000-00","0","no battery","V","","µV","","µV"
"10/14/2022","12:36:38","7","default","171425599","OXY_CH7","39.436","min","198.778","μmol/L","Humid","20.980","deg","94639","µV","27.159","°C","1020.000","hPa","36.0","pmil","0","55.700","deg","20.000","°C","100.000","%a.s.","22.210","deg","20.000","°C","971.000","hPa","0.826","-0.01532","0.000401","-0.00012","0","11.08","Humid","30.45","0","49.40","253254.32","SABD0002000012","AAV2.0.0.13","4.0.0.2323","PSt7-10","171027-008","9/15/2022 2:43:31 PM","0000-00","0","no battery","V","","µV","","µV"
"10/14/2022","12:36:39","7","default","171425599","OXY_CH7","39.453","min","198.815","μmol/L","Humid","20.982","deg","94632","µV","27.147","°C","1020.000","hPa","36.0","pmil","0","55.700","deg","20.000","°C","100.000","%a.s.","22.210","deg","20.000","°C","971.000","hPa","0.826","-0.01532","0.000401","-0.00012","0","11.08","Humid","30.45","0","49.40","253251.30","SABD0002000012","AAV2.0.0.13","4.0.0.2323","PSt7-10","171027-008","9/15/2022 2:43:31 PM","0000-00","0","no battery","V","","µV","","µV"
"10/14/2022","12:36:40","7","default","171425599","OXY_CH7","39.470","min","198.706","μmol/L","Humid","20.982","deg","94639","µV","27.165","°C","1020.000","hPa","36.0","pmil","0","55.700","deg","20.000","°C","100.000","%a.s.","22.210","deg","20.000","°C","971.000","hPa","0.826","-0.01532","0.000401","-0.00012","0","11.08","Humid","30.45","0","49.40","253248.06","SABD0002000012","AAV2.0.0.13","4.0.0.2323","PSt7-10","171027-008","9/15/2022 2:43:31 PM","0000-00","0","no battery","V","","µV","","µV"
"10/14/2022","12:36:41","7","default","171425599","OXY_CH7","39.486","min","198.761","μmol/L","Humid","20.983","deg","94635","µV","27.153","°C","1020.000","hPa","36.0","pmil","0","55.700","deg","20.000","°C","100.000","%a.s.","22.210","deg","20.000","°C","971.000","hPa","0.826","-0.01532","0.000401","-0.00012","0","11.08","Humid","30.45","0","49.40","253242.86","SABD0002000012","AAV2.0.0.13","4.0.0.2323","PSt7-10","171027-008","9/15/2022 2:43:31 PM","0000-00","0","no battery","V","","µV","","µV"
"10/14/2022","12:36:42","7","default","171425599","OXY_CH7","39.503","min","198.741","μmol/L","Humid","20.980","deg","94640","µV","27.165","°C","1020.000","hPa","36.0","pmil","0","55.700","deg","20.000","°C","100.000","%a.s.","22.210","deg","20.000","°C","971.000","hPa","0.826","-0.01532","0.000401","-0.00012","0","11.08","Humid","30.45","0","49.40","253240.22","SABD0002000012","AAV2.0.0.13","4.0.0.2323","PSt7-10","171027-008","9/15/2022 2:43:31 PM","0000-00","0","no battery","V","","µV","","µV"
"10/14/2022","12:36:43","7","default","171425599","OXY_CH7","39.520","min","198.761","μmol/L","Humid","20.983","deg","94635","µV","27.153","°C","1020.000","hPa","36.0","pmil","0","55.700","deg","20.000","°C","100.000","%a.s.","22.210","deg","20.000","°C","971.000","hPa","0.826","-0.01532","0.000401","-0.00012","0","11.08","Humid","30.45","0","49.40","253245.64","SABD0002000012","AAV2.0.0.13","4.0.0.2323","PSt7-10","171027-008","9/15/2022 2:43:31 PM","0000-00","0","no battery","V","","µV","","µV"
"10/14/2022","12:36:44","7","default","171425599","OXY_CH7","39.536","min","198.689","μmol/L","Humid","20.985","deg","94651","µV","27.159","°C","1020.000","hPa","36.0","pmil","0","55.700","deg","20.000","°C","100.000","%a.s.","22.210","deg","20.000","°C","971.000","hPa","0.826","-0.01532","0.000401","-0.00012","0","11.08","Humid","30.45","0","49.40","253250.82","SABD0002000012","AAV2.0.0.13","4.0.0.2323","PSt7-10","171027-008","9/15/2022 2:43:31 PM","0000-00","0","no battery","V","","µV","","µV"
"10/14/2022","12:36:45","7","default","171425599","OXY_CH7","39.552","min","198.601","μmol/L","Humid","20.990","deg","94644","µV","27.159","°C","1020.000","hPa","36.0","pmil","0","55.700","deg","20.000","°C","100.000","%a.s.","22.210","deg","20.000","°C","971.000","hPa","0.826","-0.01532","0.000401","-0.00012","0","11.08","Humid","30.45","0","49.40","253251.21","SABD0002000012","AAV2.0.0.13","4.0.0.2323","PSt7-10","171027-008","9/15/2022 2:43:31 PM","0000-00","0","no battery","V","","µV","","µV"
"10/14/2022","12:36:46","7","default","171425599","OXY_CH7","39.569","min","198.741","μmol/L","Humid","20.980","deg","94649","µV","27.165","°C","1020.000","hPa","36.0","pmil","0","55.700","deg","20.000","°C","100.000","%a.s.","22.210","deg","20.000","°C","971.000","hPa","0.826","-0.01532","0.000401","-0.00012","0","11.08","Humid","30.45","0","49.40","253252.77","SABD0002000012","AAV2.0.0.13","4.0.0.2323","PSt7-10","171027-008","9/15/2022 2:43:31 PM","0000-00","0","no battery","V","","µV","","µV"
"10/14/2022","12:36:47","7","default","171425599","OXY_CH7","39.586","min","198.653","μmol/L","Humid","20.985","deg","94648","µV","27.165","°C","1020.000","hPa","36.0","pmil","0","55.700","deg","20.000","°C","100.000","%a.s.","22.210","deg","20.000","°C","971.000","hPa","0.826","-0.01532","0.000401","-0.00012","0","11.08","Humid","30.45","0","49.40","253239.72","SABD0002000012","AAV2.0.0.13","4.0.0.2323","PSt7-10","171027-008","9/15/2022 2:43:31 PM","0000-00","0","no battery","V","","µV","","µV"
"10/14/2022","12:36:48","7","default","171425599","OXY_CH7","39.603","min","198.673","μmol/L","Humid","20.988","deg","94648","µV","27.153","°C","1020.000","hPa","36.0","pmil","0","55.700","deg","20.000","°C","100.000","%a.s.","22.210","deg","20.000","°C","971.000","hPa","0.826","-0.01532","0.000401","-0.00012","0","11.08","Humid","30.45","0","49.40","253244.86","SABD0002000012","AAV2.0.0.13","4.0.0.2323","PSt7-10","171027-008","9/15/2022 2:43:31 PM","0000-00","0","no battery","V","","µV","","µV"
"10/14/2022","12:36:49","7","default","171425599","OXY_CH7","39.620","min","198.707","μmol/L","Humid","20.984","deg","94649","µV","27.159","°C","1020.000","hPa","36.0","pmil","0","55.700","deg","20.000","°C","100.000","%a.s.","22.210","deg","20.000","°C","971.000","hPa","0.826","-0.01532","0.000401","-0.00012","0","11.08","Humid","30.45","0","49.40","253242.13","SABD0002000012","AAV2.0.0.13","4.0.0.2323","PSt7-10","171027-008","9/15/2022 2:43:31 PM","0000-00","0","no battery","V","","µV","","µV"
"10/14/2022","12:36:50","7","default","171425599","OXY_CH7","39.636","min","198.779","μmol/L","Humid","20.982","deg","94653","µV","27.153","°C","1020.000","hPa","36.0","pmil","0","55.700","deg","20.000","°C","100.000","%a.s.","22.210","deg","20.000","°C","971.000","hPa","0.826","-0.01532","0.000401","-0.00012","0","11.08","Humid","30.45","0","49.40","253248.00","SABD0002000012","AAV2.0.0.13","4.0.0.2323","PSt7-10","171027-008","9/15/2022 2:43:31 PM","0000-00","0","no battery","V","","µV","","µV"
"10/14/2022","12:36:51","7","default","171425599","OXY_CH7","39.653","min","198.743","μmol/L","Humid","20.984","deg","94658","µV","27.153","°C","1020.000","hPa","36.0","pmil","0","55.700","deg","20.000","°C","100.000","%a.s.","22.210","deg","20.000","°C","971.000","hPa","0.826","-0.01532","0.000401","-0.00012","0","11.08","Humid","30.45","0","49.40","253248.22","SABD0002000012","AAV2.0.0.13","4.0.0.2323","PSt7-10","171027-008","9/15/2022 2:43:31 PM","0000-00","0","no battery","V","","µV","","µV"
"10/14/2022","12:36:52","7","default","171425599","OXY_CH7","39.670","min","198.654","μmol/L","Humid","20.987","deg","94652","µV","27.159","°C","1020.000","hPa","36.0","pmil","0","55.700","deg","20.000","°C","100.000","%a.s.","22.210","deg","20.000","°C","971.000","hPa","0.826","-0.01532","0.000401","-0.00012","0","11.08","Humid","30.45","0","49.40","253241.30","SABD0002000012","AAV2.0.0.13","4.0.0.2323","PSt7-10","171027-008","9/15/2022 2:43:31 PM","0000-00","0","no battery","V","","µV","","µV"
"10/14/2022","12:36:53","7","default","171425599","OXY_CH7","39.686","min","198.671","μmol/L","Humid","20.986","deg","94658","µV","27.159","°C","1020.000","hPa","36.0","pmil","0","55.700","deg","20.000","°C","100.000","%a.s.","22.210","deg","20.000","°C","971.000","hPa","0.826","-0.01532","0.000401","-0.00012","0","11.08","Humid","30.45","0","49.40","253246.88","SABD0002000012","AAV2.0.0.13","4.0.0.2323","PSt7-10","171027-008","9/15/2022 2:43:31 PM","0000-00","0","no battery","V","","µV","","µV"
"10/14/2022","12:36:54","7","default","171425599","OXY_CH7","39.702","min","198.636","μmol/L","Humid","20.988","deg","94659","µV","27.159","°C","1020.000","hPa","36.0","pmil","0","55.700","deg","20.000","°C","100.000","%a.s.","22.210","deg","20.000","°C","971.000","hPa","0.826","-0.01532","0.000401","-0.00012","0","11.08","Humid","30.45","0","49.40","253238.57","SABD0002000012","AAV2.0.0.13","4.0.0.2323","PSt7-10","171027-008","9/15/2022 2:43:31 PM","0000-00","0","no battery","V","","µV","","µV"
"10/14/2022","12:36:55","7","default","171425599","OXY_CH7","39.719","min","198.565","μmol/L","Humid","20.992","deg","94664","µV","27.159","°C","1020.000","hPa","36.0","pmil","0","55.700","deg","20.000","°C","100.000","%a.s.","22.210","deg","20.000","°C","971.000","hPa","0.826","-0.01532","0.000401","-0.00012","0","11.08","Humid","30.45","0","49.40","253240.61","SABD0002000012","AAV2.0.0.13","4.0.0.2323","PSt7-10","171027-008","9/15/2022 2:43:31 PM","0000-00","0","no battery","V","","µV","","µV"
"10/14/2022","12:36:56","7","default","171425599","OXY_CH7","39.736","min","198.708","μmol/L","Humid","20.986","deg","94673","µV","27.153","°C","1020.000","hPa","36.0","pmil","0","55.700","deg","20.000","°C","100.000","%a.s.","22.210","deg","20.000","°C","971.000","hPa","0.826","-0.01532","0.000401","-0.00012","0","11.08","Humid","30.45","0","49.40","253244.57","SABD0002000012","AAV2.0.0.13","4.0.0.2323","PSt7-10","171027-008","9/15/2022 2:43:31 PM","0000-00","0","no battery","V","","µV","","µV"
"10/14/2022","12:36:57","7","default","171425599","OXY_CH7","39.753","min","198.583","μmol/L","Humid","20.991","deg","94669","µV","27.159","°C","1020.000","hPa","36.0","pmil","0","55.700","deg","20.000","°C","100.000","%a.s.","22.210","deg","20.000","°C","971.000","hPa","0.826","-0.01532","0.000401","-0.00012","0","11.08","Humid","30.45","0","49.40","253257.62","SABD0002000012","AAV2.0.0.13","4.0.0.2323","PSt7-10","171027-008","9/15/2022 2:43:31 PM","0000-00","0","no battery","V","","µV","","µV"
"10/14/2022","12:36:58","7","default","171425599","OXY_CH7","39.770","min","198.565","μmol/L","Humid","20.992","deg","94666","µV","27.159","°C","1020.000","hPa","36.0","pmil","0","55.700","deg","20.000","°C","100.000","%a.s.","22.210","deg","20.000","°C","971.000","hPa","0.826","-0.01532","0.000401","-0.00012","0","11.08","Humid","30.45","0","49.40","253240.07","SABD0002000012","AAV2.0.0.13","4.0.0.2323","PSt7-10","171027-008","9/15/2022 2:43:31 PM","0000-00","0","no battery","V","","µV","","µV"
"10/14/2022","12:36:59","7","default","171425599","OXY_CH7","39.786","min","198.620","μmol/L","Humid","20.991","deg","94673","µV","27.153","°C","1020.000","hPa","36.0","pmil","0","55.700","deg","20.000","°C","100.000","%a.s.","22.210","deg","20.000","°C","971.000","hPa","0.826","-0.01532","0.000401","-0.00012","0","11.08","Humid","30.45","0","49.40","253238.04","SABD0002000012","AAV2.0.0.13","4.0.0.2323","PSt7-10","171027-008","9/15/2022 2:43:31 PM","0000-00","0","no battery","V","","µV","","µV"
"10/14/2022","12:37:00","7","default","171425599","OXY_CH7","39.803","min","198.529","μmol/L","Humid","20.992","deg","94678","µV","27.165","°C","1020.000","hPa","36.0","pmil","0","55.700","deg","20.000","°C","100.000","%a.s.","22.210","deg","20.000","°C","971.000","hPa","0.826","-0.01532","0.000401","-0.00012","0","11.08","Humid","30.45","0","49.40","253233.31","SABD0002000012","AAV2.0.0.13","4.0.0.2323","PSt7-10","171027-008","9/15/2022 2:43:31 PM","0000-00","0","no battery","V","","µV","","µV"
"10/14/2022","12:37:01","7","default","171425599","OXY_CH7","39.820","min","198.583","μmol/L","Humid","20.991","deg","94679","µV","27.159","°C","1020.000","hPa","36.0","pmil","0","55.700","deg","20.000","°C","100.000","%a.s.","22.210","deg","20.000","°C","971.000","hPa","0.826","-0.01532","0.000401","-0.00012","0","11.08","Humid","30.45","0","49.40","253244.75","SABD0002000012","AAV2.0.0.13","4.0.0.2323","PSt7-10","171027-008","9/15/2022 2:43:31 PM","0000-00","0","no battery","V","","µV","","µV"
"10/14/2022","12:37:02","7","default","171425599","OXY_CH7","39.837","min","198.583","μmol/L","Humid","20.991","deg","94681","µV","27.159","°C","1020.000","hPa","36.0","pmil","0","55.700","deg","20.000","°C","100.000","%a.s.","22.210","deg","20.000","°C","971.000","hPa","0.826","-0.01532","0.000401","-0.00012","0","11.08","Humid","30.45","0","49.40","253241.59","SABD0002000012","AAV2.0.0.13","4.0.0.2323","PSt7-10","171027-008","9/15/2022 2:43:31 PM","0000-00","0","no battery","V","","µV","","µV"
"10/14/2022","12:37:03","7","default","171425599","OXY_CH7","39.853","min","198.583","μmol/L","Humid","20.991","deg","94682","µV","27.159","°C","1020.000","hPa","36.0","pmil","0","55.700","deg","20.000","°C","100.000","%a.s.","22.210","deg","20.000","°C","971.000","hPa","0.826","-0.01532","0.000401","-0.00012","0","11.08","Humid","30.45","0","49.40","253234.89","SABD0002000012","AAV2.0.0.13","4.0.0.2323","PSt7-10","171027-008","9/15/2022 2:43:31 PM","0000-00","0","no battery","V","","µV","","µV"
"10/14/2022","12:37:04","7","default","171425599","OXY_CH7","39.869","min","198.583","μmol/L","Humid","20.991","deg","94681","µV","27.159","°C","1020.000","hPa","36.0","pmil","0","55.700","deg","20.000","°C","100.000","%a.s.","22.210","deg","20.000","°C","971.000","hPa","0.826","-0.01532","0.000401","-0.00012","0","11.08","Humid","30.45","0","49.40","253239.77","SABD0002000012","AAV2.0.0.13","4.0.0.2323","PSt7-10","171027-008","9/15/2022 2:43:31 PM","0000-00","0","no battery","V","","µV","","µV"
"10/14/2022","12:37:05","7","default","171425599","OXY_CH7","39.886","min","198.514","μmol/L","Humid","20.997","deg","94694","µV","27.153","°C","1020.000","hPa","36.0","pmil","0","55.700","deg","20.000","°C","100.000","%a.s.","22.210","deg","20.000","°C","971.000","hPa","0.826","-0.01532","0.000401","-0.00012","0","11.08","Humid","30.45","0","49.40","253241.51","SABD0002000012","AAV2.0.0.13","4.0.0.2323","PSt7-10","171027-008","9/15/2022 2:43:31 PM","0000-00","0","no battery","V","","µV","","µV"
"10/14/2022","12:37:06","7","default","171425599","OXY_CH7","39.903","min","198.530","μmol/L","Humid","20.994","deg","94693","µV","27.159","°C","1020.000","hPa","36.0","pmil","0","55.700","deg","20.000","°C","100.000","%a.s.","22.210","deg","20.000","°C","971.000","hPa","0.826","-0.01532","0.000401","-0.00012","0","11.08","Humid","30.45","0","49.40","253243.36","SABD0002000012","AAV2.0.0.13","4.0.0.2323","PSt7-10","171027-008","9/15/2022 2:43:31 PM","0000-00","0","no battery","V","","µV","","µV"
"10/14/2022","12:37:07","7","default","171425599","OXY_CH7","39.919","min","198.529","μmol/L","Humid","20.992","deg","94687","µV","27.165","°C","1020.000","hPa","36.0","pmil","0","55.700","deg","20.000","°C","100.000","%a.s.","22.210","deg","20.000","°C","971.000","hPa","0.826","-0.01532","0.000401","-0.00012","0","11.08","Humid","30.45","0","49.40","253243.79","SABD0002000012","AAV2.0.0.13","4.0.0.2323","PSt7-10","171027-008","9/15/2022 2:43:31 PM","0000-00","0","no battery","V","","µV","","µV"
"10/14/2022","12:37:08","7","default","171425599","OXY_CH7","39.936","min","198.514","μmol/L","Humid","20.997","deg","94691","µV","27.153","°C","1020.000","hPa","36.0","pmil","0","55.700","deg","20.000","°C","100.000","%a.s.","22.210","deg","20.000","°C","971.000","hPa","0.826","-0.01532","0.000401","-0.00012","0","11.08","Humid","30.45","0","49.40","253245.60","SABD0002000012","AAV2.0.0.13","4.0.0.2323","PSt7-10","171027-008","9/15/2022 2:43:31 PM","0000-00","0","no battery","V","","µV","","µV"
"10/14/2022","12:37:09","7","default","171425599","OXY_CH7","39.953","min","198.476","μmol/L","Humid","20.995","deg","94699","µV","27.165","°C","1020.000","hPa","36.0","pmil","0","55.700","deg","20.000","°C","100.000","%a.s.","22.210","deg","20.000","°C","971.000","hPa","0.826","-0.01532","0.000401","-0.00012","0","11.08","Humid","30.45","0","49.40","253261.89","SABD0002000012","AAV2.0.0.13","4.0.0.2323","PSt7-10","171027-008","9/15/2022 2:43:31 PM","0000-00","0","no battery","V","","µV","","µV"
"10/14/2022","12:37:10","7","default","171425599","OXY_CH7","39.970","min","198.514","μmol/L","Humid","20.997","deg","94688","µV","27.153","°C","1020.000","hPa","36.0","pmil","0","55.700","deg","20.000","°C","100.000","%a.s.","22.210","deg","20.000","°C","971.000","hPa","0.826","-0.01532","0.000401","-0.00012","0","11.08","Humid","30.45","0","49.40","253243.11","SABD0002000012","AAV2.0.0.13","4.0.0.2323","PSt7-10","171027-008","9/15/2022 2:43:31 PM","0000-00","0","no battery","V","","µV","","µV"
"10/14/2022","12:37:11","7","default","171425599","OXY_CH7","39.986","min","198.549","μmol/L","Humid","20.995","deg","94697","µV","27.153","°C","1020.000","hPa","36.0","pmil","0","55.700","deg","20.000","°C","100.000","%a.s.","22.210","deg","20.000","°C","971.000","hPa","0.826","-0.01532","0.000401","-0.00012","0","11.08","Humid","30.45","0","49.40","253240.07","SABD0002000012","AAV2.0.0.13","4.0.0.2323","PSt7-10","171027-008","9/15/2022 2:43:31 PM","0000-00","0","no battery","V","","µV","","µV"
"10/14/2022","12:37:12","7","default","171425599","OXY_CH7","40.003","min","198.514","μmol/L","Humid","20.997","deg","94698","µV","27.153","°C","1020.000","hPa","36.0","pmil","0","55.700","deg","20.000","°C","100.000","%a.s.","22.210","deg","20.000","°C","971.000","hPa","0.826","-0.01532","0.000401","-0.00012","0","11.08","Humid","30.45","0","49.40","253249.23","SABD0002000012","AAV2.0.0.13","4.0.0.2323","PSt7-10","171027-008","9/15/2022 2:43:31 PM","0000-00","0","no battery","V","","µV","","µV"
"10/14/2022","12:37:13","7","default","171425599","OXY_CH7","40.019","min","198.477","μmol/L","Humid","20.997","deg","94707","µV","27.159","°C","1020.000","hPa","36.0","pmil","0","55.700","deg","20.000","°C","100.000","%a.s.","22.210","deg","20.000","°C","971.000","hPa","0.826","-0.01532","0.000401","-0.00012","0","11.08","Humid","30.45","0","49.40","253232.90","SABD0002000012","AAV2.0.0.13","4.0.0.2323","PSt7-10","171027-008","9/15/2022 2:43:31 PM","0000-00","0","no battery","V","","µV","","µV"
"10/14/2022","12:37:14","7","default","171425599","OXY_CH7","40.036","min","198.424","μmol/L","Humid","21.000","deg","94714","µV","27.159","°C","1020.000","hPa","36.0","pmil","0","55.700","deg","20.000","°C","100.000","%a.s.","22.210","deg","20.000","°C","971.000","hPa","0.826","-0.01532","0.000401","-0.00012","0","11.08","Humid","30.45","0","49.40","253232.72","SABD0002000012","AAV2.0.0.13","4.0.0.2323","PSt7-10","171027-008","9/15/2022 2:43:31 PM","0000-00","0","no battery","V","","µV","","µV"
"10/14/2022","12:37:15","7","default","171425599","OXY_CH7","40.053","min","198.406","μmol/L","Humid","21.001","deg","94715","µV","27.159","°C","1020.000","hPa","36.0","pmil","0","55.700","deg","20.000","°C","100.000","%a.s.","22.210","deg","20.000","°C","971.000","hPa","0.826","-0.01532","0.000401","-0.00012","0","11.08","Humid","30.45","0","49.40","253239.85","SABD0002000012","AAV2.0.0.13","4.0.0.2323","PSt7-10","171027-008","9/15/2022 2:43:31 PM","0000-00","0","no battery","V","","µV","","µV"
"10/14/2022","12:37:16","7","default","171425599","OXY_CH7","40.069","min","198.443","μmol/L","Humid","21.001","deg","94718","µV","27.153","°C","1020.000","hPa","36.0","pmil","0","55.700","deg","20.000","°C","100.000","%a.s.","22.210","deg","20.000","°C","971.000","hPa","0.826","-0.01532","0.000401","-0.00012","0","11.08","Humid","30.45","0","49.40","253250.22","SABD0002000012","AAV2.0.0.13","4.0.0.2323","PSt7-10","171027-008","9/15/2022 2:43:31 PM","0000-00","0","no battery","V","","µV","","µV"
"10/14/2022","12:37:17","7","default","171425599","OXY_CH7","40.086","min","198.389","μmol/L","Humid","21.002","deg","94716","µV","27.159","°C","1020.000","hPa","36.0","pmil","0","55.700","deg","20.000","°C","100.000","%a.s.","22.210","deg","20.000","°C","971.000","hPa","0.826","-0.01532","0.000401","-0.00012","0","11.08","Humid","30.45","0","49.40","253230.18","SABD0002000012","AAV2.0.0.13","4.0.0.2323","PSt7-10","171027-008","9/15/2022 2:43:31 PM","0000-00","0","no battery","V","","µV","","µV"
"10/14/2022","12:37:18","7","default","171425599","OXY_CH7","40.103","min","198.299","μmol/L","Humid","21.005","deg","94722","µV","27.165","°C","1020.000","hPa","36.0","pmil","0","55.700","deg","20.000","°C","100.000","%a.s.","22.210","deg","20.000","°C","971.000","hPa","0.826","-0.01532","0.000401","-0.00012","0","11.08","Humid","30.45","0","49.40","253240.79","SABD0002000012","AAV2.0.0.13","4.0.0.2323","PSt7-10","171027-008","9/15/2022 2:43:31 PM","0000-00","0","no battery","V","","µV","","µV"
"10/14/2022","12:37:19","7","default","171425599","OXY_CH7","40.120","min","198.406","μmol/L","Humid","21.001","deg","94721","µV","27.159","°C","1020.000","hPa","36.0","pmil","0","55.700","deg","20.000","°C","100.000","%a.s.","22.210","deg","20.000","°C","971.000","hPa","0.826","-0.01532","0.000401","-0.00012","0","11.08","Humid","30.45","0","49.40","253247.61","SABD0002000012","AAV2.0.0.13","4.0.0.2323","PSt7-10","171027-008","9/15/2022 2:43:31 PM","0000-00","0","no battery","V","","µV","","µV"
"10/14/2022","12:37:20","7","default","171425599","OXY_CH7","40.136","min","198.371","μmol/L","Humid","21.003","deg","94725","µV","27.159","°C","1020.000","hPa","36.0","pmil","0","55.700","deg","20.000","°C","100.000","%a.s.","22.210","deg","20.000","°C","971.000","hPa","0.826","-0.01532","0.000401","-0.00012","0","11.08","Humid","30.45","0","49.40","253236.85","SABD0002000012","AAV2.0.0.13","4.0.0.2323","PSt7-10","171027-008","9/15/2022 2:43:31 PM","0000-00","0","no battery","V","","µV","","µV"
"10/14/2022","12:37:21","7","default","171425599","OXY_CH7","40.153","min","198.336","μmol/L","Humid","21.005","deg","94731","µV","27.159","°C","1020.000","hPa","36.0","pmil","0","55.700","deg","20.000","°C","100.000","%a.s.","22.210","deg","20.000","°C","971.000","hPa","0.826","-0.01532","0.000401","-0.00012","0","11.08","Humid","30.45","0","49.40","253249.77","SABD0002000012","AAV2.0.0.13","4.0.0.2323","PSt7-10","171027-008","9/15/2022 2:43:31 PM","0000-00","0","no battery","V","","µV","","µV"
"10/14/2022","12:37:22","7","default","171425599","OXY_CH7","40.169","min","198.372","μmol/L","Humid","21.005","deg","94730","µV","27.153","°C","1020.000","hPa","36.0","pmil","0","55.700","deg","20.000","°C","100.000","%a.s.","22.210","deg","20.000","°C","971.000","hPa","0.826","-0.01532","0.000401","-0.00012","0","11.08","Humid","30.45","0","49.40","253225.13","SABD0002000012","AAV2.0.0.13","4.0.0.2323","PSt7-10","171027-008","9/15/2022 2:43:31 PM","0000-00","0","no battery","V","","µV","","µV"
"10/14/2022","12:37:23","7","default","171425599","OXY_CH7","40.186","min","198.425","μmol/L","Humid","21.002","deg","94727","µV","27.153","°C","1020.000","hPa","36.0","pmil","0","55.700","deg","20.000","°C","100.000","%a.s.","22.210","deg","20.000","°C","971.000","hPa","0.826","-0.01532","0.000401","-0.00012","0","11.08","Humid","30.45","0","49.40","253226.26","SABD0002000012","AAV2.0.0.13","4.0.0.2323","PSt7-10","171027-008","9/15/2022 2:43:31 PM","0000-00","0","no battery","V","","µV","","µV"
"10/14/2022","12:37:24","7","default","171425599","OXY_CH7","40.202","min","198.353","μmol/L","Humid","21.004","deg","94726","µV","27.159","°C","1020.000","hPa","36.0","pmil","0","55.700","deg","20.000","°C","100.000","%a.s.","22.210","deg","20.000","°C","971.000","hPa","0.826","-0.01532","0.000401","-0.00012","0","11.08","Humid","30.45","0","49.40","253218.44","SABD0002000012","AAV2.0.0.13","4.0.0.2323","PSt7-10","171027-008","9/15/2022 2:43:31 PM","0000-00","0","no battery","V","","µV","","µV"
"10/14/2022","12:37:25","7","default","171425599","OXY_CH7","40.219","min","198.283","μmol/L","Humid","21.008","deg","94734","µV","27.159","°C","1020.000","hPa","36.0","pmil","0","55.700","deg","20.000","°C","100.000","%a.s.","22.210","deg","20.000","°C","971.000","hPa","0.826","-0.01532","0.000401","-0.00012","0","11.08","Humid","30.45","0","49.40","253226.31","SABD0002000012","AAV2.0.0.13","4.0.0.2323","PSt7-10","171027-008","9/15/2022 2:43:31 PM","0000-00","0","no battery","V","","µV","","µV"
"10/14/2022","12:37:26","7","default","171425599","OXY_CH7","40.236","min","198.211","μmol/L","Humid","21.010","deg","94737","µV","27.165","°C","1020.000","hPa","36.0","pmil","0","55.700","deg","20.000","°C","100.000","%a.s.","22.210","deg","20.000","°C","971.000","hPa","0.826","-0.01532","0.000401","-0.00012","0","11.08","Humid","30.45","0","49.40","253220.50","SABD0002000012","AAV2.0.0.13","4.0.0.2323","PSt7-10","171027-008","9/15/2022 2:43:31 PM","0000-00","0","no battery","V","","µV","","µV"
"10/14/2022","12:37:27","7","default","171425599","OXY_CH7","40.253","min","198.390","μmol/L","Humid","21.004","deg","94736","µV","27.153","°C","1020.000","hPa","36.0","pmil","0","55.700","deg","20.000","°C","100.000","%a.s.","22.210","deg","20.000","°C","971.000","hPa","0.826","-0.01532","0.000401","-0.00012","0","11.08","Humid","30.45","0","49.40","253220.29","SABD0002000012","AAV2.0.0.13","4.0.0.2323","PSt7-10","171027-008","9/15/2022 2:43:31 PM","0000-00","0","no battery","V","","µV","","µV"
"10/14/2022","12:37:28","7","default","171425599","OXY_CH7","40.270","min","198.336","μmol/L","Humid","21.005","deg","94740","µV","27.159","°C","1020.000","hPa","36.0","pmil","0","55.700","deg","20.000","°C","100.000","%a.s.","22.210","deg","20.000","°C","971.000","hPa","0.826","-0.01532","0.000401","-0.00012","0","11.08","Humid","30.45","0","49.40","253226.50","SABD0002000012","AAV2.0.0.13","4.0.0.2323","PSt7-10","171027-008","9/15/2022 2:43:31 PM","0000-00","0","no battery","V","","µV","","µV"
"10/14/2022","12:37:29","7","default","171425599","OXY_CH7","40.286","min","198.337","μmol/L","Humid","21.007","deg","94736","µV","27.153","°C","1020.000","hPa","36.0","pmil","0","55.700","deg","20.000","°C","100.000","%a.s.","22.210","deg","20.000","°C","971.000","hPa","0.826","-0.01532","0.000401","-0.00012","0","11.08","Humid","30.45","0","49.40","253226.72","SABD0002000012","AAV2.0.0.13","4.0.0.2323","PSt7-10","171027-008","9/15/2022 2:43:31 PM","0000-00","0","no battery","V","","µV","","µV"
"10/14/2022","12:37:30","7","default","171425599","OXY_CH7","40.303","min","198.425","μmol/L","Humid","21.002","deg","94745","µV","27.153","°C","1020.000","hPa","36.0","pmil","0","55.700","deg","20.000","°C","100.000","%a.s.","22.210","deg","20.000","°C","971.000","hPa","0.826","-0.01532","0.000401","-0.00012","0","11.08","Humid","30.45","0","49.40","253226.14","SABD0002000012","AAV2.0.0.13","4.0.0.2323","PSt7-10","171027-008","9/15/2022 2:43:31 PM","0000-00","0","no battery","V","","µV","","µV"
"10/14/2022","12:37:31","7","default","171425599","OXY_CH7","40.319","min","198.318","μmol/L","Humid","21.006","deg","94749","µV","27.159","°C","1020.000","hPa","36.0","pmil","0","55.700","deg","20.000","°C","100.000","%a.s.","22.210","deg","20.000","°C","971.000","hPa","0.826","-0.01532","0.000401","-0.00012","0","11.08","Humid","30.45","0","49.40","253234.43","SABD0002000012","AAV2.0.0.13","4.0.0.2323","PSt7-10","171027-008","9/15/2022 2:43:31 PM","0000-00","0","no battery","V","","µV","","µV"
"10/14/2022","12:37:32","7","default","171425599","OXY_CH7","40.336","min","198.265","μmol/L","Humid","21.009","deg","94750","µV","27.159","°C","1020.000","hPa","36.0","pmil","0","55.700","deg","20.000","°C","100.000","%a.s.","22.210","deg","20.000","°C","971.000","hPa","0.826","-0.01532","0.000401","-0.00012","0","11.08","Humid","30.45","0","49.40","253234.93","SABD0002000012","AAV2.0.0.13","4.0.0.2323","PSt7-10","171027-008","9/15/2022 2:43:31 PM","0000-00","0","no battery","V","","µV","","µV"
"10/14/2022","12:37:33","7","default","171425599","OXY_CH7","40.352","min","198.230","μmol/L","Humid","21.011","deg","94745","µV","27.159","°C","1020.000","hPa","36.0","pmil","0","55.700","deg","20.000","°C","100.000","%a.s.","22.210","deg","20.000","°C","971.000","hPa","0.826","-0.01532","0.000401","-0.00012","0","11.08","Humid","30.45","0","49.40","253228.81","SABD0002000012","AAV2.0.0.13","4.0.0.2323","PSt7-10","171027-008","9/15/2022 2:43:31 PM","0000-00","0","no battery","V","","µV","","µV"
"10/14/2022","12:37:34","7","default","171425599","OXY_CH7","40.369","min","198.284","μmol/L","Humid","21.010","deg","94754","µV","27.153","°C","1020.000","hPa","36.0","pmil","0","55.700","deg","20.000","°C","100.000","%a.s.","22.210","deg","20.000","°C","971.000","hPa","0.826","-0.01532","0.000401","-0.00012","0","11.08","Humid","30.45","0","49.40","253220.58","SABD0002000012","AAV2.0.0.13","4.0.0.2323","PSt7-10","171027-008","9/15/2022 2:43:31 PM","0000-00","0","no battery","V","","µV","","µV"
"10/14/2022","12:37:35","7","default","171425599","OXY_CH7","40.386","min","198.301","μmol/L","Humid","21.007","deg","94760","µV","27.159","°C","1020.000","hPa","36.0","pmil","0","55.700","deg","20.000","°C","100.000","%a.s.","22.210","deg","20.000","°C","971.000","hPa","0.826","-0.01532","0.000401","-0.00012","0","11.08","Humid","30.45","0","49.40","253230.53","SABD0002000012","AAV2.0.0.13","4.0.0.2323","PSt7-10","171027-008","9/15/2022 2:43:31 PM","0000-00","0","no battery","V","","µV","","µV"
"10/14/2022","12:37:36","7","default","171425599","OXY_CH7","40.403","min","198.230","μmol/L","Humid","21.011","deg","94766","µV","27.159","°C","1020.000","hPa","36.0","pmil","0","55.700","deg","20.000","°C","100.000","%a.s.","22.210","deg","20.000","°C","971.000","hPa","0.826","-0.01532","0.000401","-0.00012","0","11.08","Humid","30.45","0","49.40","253234.38","SABD0002000012","AAV2.0.0.13","4.0.0.2323","PSt7-10","171027-008","9/15/2022 2:43:31 PM","0000-00","0","no battery","V","","µV","","µV"
"10/14/2022","12:37:37","7","default","171425599","OXY_CH7","40.420","min","198.248","μmol/L","Humid","21.010","deg","94759","µV","27.159","°C","1020.000","hPa","36.0","pmil","0","55.700","deg","20.000","°C","100.000","%a.s.","22.210","deg","20.000","°C","971.000","hPa","0.826","-0.01532","0.000401","-0.00012","0","11.08","Humid","30.45","0","49.40","253230.30","SABD0002000012","AAV2.0.0.13","4.0.0.2323","PSt7-10","171027-008","9/15/2022 2:43:31 PM","0000-00","0","no battery","V","","µV","","µV"
"10/14/2022","12:37:38","7","default","171425599","OXY_CH7","40.436","min","198.249","μmol/L","Humid","21.012","deg","94758","µV","27.153","°C","1020.000","hPa","36.0","pmil","0","55.700","deg","20.000","°C","100.000","%a.s.","22.210","deg","20.000","°C","971.000","hPa","0.826","-0.01532","0.000401","-0.00012","0","11.08","Humid","30.45","0","49.40","253228.56","SABD0002000012","AAV2.0.0.13","4.0.0.2323","PSt7-10","171027-008","9/15/2022 2:43:31 PM","0000-00","0","no battery","V","","µV","","µV"
"10/14/2022","12:37:39","7","default","171425599","OXY_CH7","40.453","min","198.196","μmol/L","Humid","21.015","deg","94766","µV","27.153","°C","1020.000","hPa","36.0","pmil","0","55.700","deg","20.000","°C","100.000","%a.s.","22.210","deg","20.000","°C","971.000","hPa","0.826","-0.01532","0.000401","-0.00012","0","11.08","Humid","30.45","0","49.40","253234.14","SABD0002000012","AAV2.0.0.13","4.0.0.2323","PSt7-10","171027-008","9/15/2022 2:43:31 PM","0000-00","0","no battery","V","","µV","","µV"
"10/14/2022","12:37:40","7","default","171425599","OXY_CH7","40.469","min","198.213","μmol/L","Humid","21.014","deg","94763","µV","27.153","°C","1020.000","hPa","36.0","pmil","0","55.700","deg","20.000","°C","100.000","%a.s.","22.210","deg","20.000","°C","971.000","hPa","0.826","-0.01532","0.000401","-0.00012","0","11.08","Humid","30.45","0","49.40","253220.95","SABD0002000012","AAV2.0.0.13","4.0.0.2323","PSt7-10","171027-008","9/15/2022 2:43:31 PM","0000-00","0","no battery","V","","µV","","µV"
"10/14/2022","12:37:41","7","default","171425599","OXY_CH7","40.486","min","198.177","μmol/L","Humid","21.014","deg","94762","µV","27.159","°C","1020.000","hPa","36.0","pmil","0","55.700","deg","20.000","°C","100.000","%a.s.","22.210","deg","20.000","°C","971.000","hPa","0.826","-0.01532","0.000401","-0.00012","0","11.08","Humid","30.45","0","49.40","253224.30","SABD0002000012","AAV2.0.0.13","4.0.0.2323","PSt7-10","171027-008","9/15/2022 2:43:31 PM","0000-00","0","no battery","V","","µV","","µV"
"10/14/2022","12:37:42","7","default","171425599","OXY_CH7","40.502","min","198.070","μmol/L","Humid","21.018","deg","94761","µV","27.165","°C","1020.000","hPa","36.0","pmil","0","55.700","deg","20.000","°C","100.000","%a.s.","22.210","deg","20.000","°C","971.000","hPa","0.826","-0.01532","0.000401","-0.00012","0","11.08","Humid","30.45","0","49.40","253230.80","SABD0002000012","AAV2.0.0.13","4.0.0.2323","PSt7-10","171027-008","9/15/2022 2:43:31 PM","0000-00","0","no battery","V","","µV","","µV"
"10/14/2022","12:37:43","7","default","171425599","OXY_CH7","40.519","min","198.213","μmol/L","Humid","21.014","deg","94774","µV","27.153","°C","1020.000","hPa","36.0","pmil","0","55.700","deg","20.000","°C","100.000","%a.s.","22.210","deg","20.000","°C","971.000","hPa","0.826","-0.01532","0.000401","-0.00012","0","11.08","Humid","30.45","0","49.40","253234.35","SABD0002000012","AAV2.0.0.13","4.0.0.2323","PSt7-10","171027-008","9/15/2022 2:43:31 PM","0000-00","0","no battery","V","","µV","","µV"
"10/14/2022","12:37:44","7","default","171425599","OXY_CH7","40.536","min","198.195","μmol/L","Humid","21.013","deg","94778","µV","27.159","°C","1020.000","hPa","36.0","pmil","0","55.700","deg","20.000","°C","100.000","%a.s.","22.210","deg","20.000","°C","971.000","hPa","0.826","-0.01532","0.000401","-0.00012","0","11.08","Humid","30.45","0","49.40","253243.46","SABD0002000012","AAV2.0.0.13","4.0.0.2323","PSt7-10","171027-008","9/15/2022 2:43:31 PM","0000-00","0","no battery","V","","µV","","µV"
"10/14/2022","12:37:45","7","default","171425599","OXY_CH7","40.553","min","198.159","μmol/L","Humid","21.015","deg","94774","µV","27.159","°C","1020.000","hPa","36.0","pmil","0","55.700","deg","20.000","°C","100.000","%a.s.","22.210","deg","20.000","°C","971.000","hPa","0.826","-0.01532","0.000401","-0.00012","0","11.08","Humid","30.45","0","49.40","253243.39","SABD0002000012","AAV2.0.0.13","4.0.0.2323","PSt7-10","171027-008","9/15/2022 2:43:31 PM","0000-00","0","no battery","V","","µV","","µV"
"10/14/2022","12:37:46","7","default","171425599","OXY_CH7","40.570","min","198.142","μmol/L","Humid","21.016","deg","94781","µV","27.159","°C","1020.000","hPa","36.0","pmil","0","55.700","deg","20.000","°C","100.000","%a.s.","22.210","deg","20.000","°C","971.000","hPa","0.826","-0.01532","0.000401","-0.00012","0","11.08","Humid","30.45","0","49.40","253222.94","SABD0002000012","AAV2.0.0.13","4.0.0.2323","PSt7-10","171027-008","9/15/2022 2:43:31 PM","0000-00","0","no battery","V","","µV","","µV"
"10/14/2022","12:37:47","7","default","171425599","OXY_CH7","40.586","min","198.161","μmol/L","Humid","21.017","deg","94779","µV","27.153","°C","1020.000","hPa","36.0","pmil","0","55.700","deg","20.000","°C","100.000","%a.s.","22.210","deg","20.000","°C","971.000","hPa","0.826","-0.01532","0.000401","-0.00012","0","11.08","Humid","30.45","0","49.40","253220.71","SABD0002000012","AAV2.0.0.13","4.0.0.2323","PSt7-10","171027-008","9/15/2022 2:43:31 PM","0000-00","0","no battery","V","","µV","","µV"
"10/14/2022","12:37:48","7","default","171425599","OXY_CH7","40.603","min","198.124","μmol/L","Humid","21.017","deg","94788","µV","27.159","°C","1020.000","hPa","36.0","pmil","0","55.700","deg","20.000","°C","100.000","%a.s.","22.210","deg","20.000","°C","971.000","hPa","0.826","-0.01532","0.000401","-0.00012","0","11.08","Humid","30.45","0","49.40","253226.78","SABD0002000012","AAV2.0.0.13","4.0.0.2323","PSt7-10","171027-008","9/15/2022 2:43:31 PM","0000-00","0","no battery","V","","µV","","µV"
"10/14/2022","12:37:49","7","default","171425599","OXY_CH7","40.620","min","198.161","μmol/L","Humid","21.017","deg","94792","µV","27.153","°C","1020.000","hPa","36.0","pmil","0","55.700","deg","20.000","°C","100.000","%a.s.","22.210","deg","20.000","°C","971.000","hPa","0.826","-0.01532","0.000401","-0.00012","0","11.08","Humid","30.45","0","49.40","253238.95","SABD0002000012","AAV2.0.0.13","4.0.0.2323","PSt7-10","171027-008","9/15/2022 2:43:31 PM","0000-00","0","no battery","V","","µV","","µV"
"10/14/2022","12:37:50","7","default","171425599","OXY_CH7","40.636","min","198.052","μmol/L","Humid","21.019","deg","94786","µV","27.165","°C","1020.000","hPa","36.0","pmil","0","55.700","deg","20.000","°C","100.000","%a.s.","22.210","deg","20.000","°C","971.000","hPa","0.826","-0.01532","0.000401","-0.00012","0","11.08","Humid","30.45","0","49.40","253235.28","SABD0002000012","AAV2.0.0.13","4.0.0.2323","PSt7-10","171027-008","9/15/2022 2:43:31 PM","0000-00","0","no battery","V","","µV","","µV"
"10/14/2022","12:37:51","7","default","171425599","OXY_CH7","40.652","min","198.107","μmol/L","Humid","21.018","deg","94791","µV","27.159","°C","1020.000","hPa","36.0","pmil","0","55.700","deg","20.000","°C","100.000","%a.s.","22.210","deg","20.000","°C","971.000","hPa","0.826","-0.01532","0.000401","-0.00012","0","11.08","Humid","30.45","0","49.40","253227.50","SABD0002000012","AAV2.0.0.13","4.0.0.2323","PSt7-10","171027-008","9/15/2022 2:43:31 PM","0000-00","0","no battery","V","","µV","","µV"
"10/14/2022","12:37:52","7","default","171425599","OXY_CH7","40.669","min","198.071","μmol/L","Humid","21.020","deg","94785","µV","27.159","°C","1020.000","hPa","36.0","pmil","0","55.700","deg","20.000","°C","100.000","%a.s.","22.210","deg","20.000","°C","971.000","hPa","0.826","-0.01532","0.000401","-0.00012","0","11.08","Humid","30.45","0","49.40","253230.24","SABD0002000012","AAV2.0.0.13","4.0.0.2323","PSt7-10","171027-008","9/15/2022 2:43:31 PM","0000-00","0","no battery","V","","µV","","µV"
"10/14/2022","12:37:53","7","default","171425599","OXY_CH7","40.686","min","198.108","μmol/L","Humid","21.020","deg","94792","µV","27.153","°C","1020.000","hPa","36.0","pmil","0","55.700","deg","20.000","°C","100.000","%a.s.","22.210","deg","20.000","°C","971.000","hPa","0.826","-0.01532","0.000401","-0.00012","0","11.08","Humid","30.45","0","49.40","253230.46","SABD0002000012","AAV2.0.0.13","4.0.0.2323","PSt7-10","171027-008","9/15/2022 2:43:31 PM","0000-00","0","no battery","V","","µV","","µV"
"10/14/2022","12:37:54","7","default","171425599","OXY_CH7","40.703","min","198.089","μmol/L","Humid","21.019","deg","94792","µV","27.159","°C","1020.000","hPa","36.0","pmil","0","55.700","deg","20.000","°C","100.000","%a.s.","22.210","deg","20.000","°C","971.000","hPa","0.826","-0.01532","0.000401","-0.00012","0","11.08","Humid","30.45","0","49.40","253224.00","SABD0002000012","AAV2.0.0.13","4.0.0.2323","PSt7-10","171027-008","9/15/2022 2:43:31 PM","0000-00","0","no battery","V","","µV","","µV"
"10/14/2022","12:37:55","7","default","171425599","OXY_CH7","40.720","min","198.089","μmol/L","Humid","21.019","deg","94790","µV","27.159","°C","1020.000","hPa","36.0","pmil","0","55.700","deg","20.000","°C","100.000","%a.s.","22.210","deg","20.000","°C","971.000","hPa","0.826","-0.01532","0.000401","-0.00012","0","11.08","Humid","30.45","0","49.40","253226.83","SABD0002000012","AAV2.0.0.13","4.0.0.2323","PSt7-10","171027-008","9/15/2022 2:43:31 PM","0000-00","0","no battery","V","","µV","","µV"
"10/14/2022","12:37:56","7","default","171425599","OXY_CH7","40.736","min","198.020","μmol/L","Humid","21.025","deg","94793","µV","27.153","°C","1020.000","hPa","36.0","pmil","0","55.700","deg","20.000","°C","100.000","%a.s.","22.210","deg","20.000","°C","971.000","hPa","0.826","-0.01532","0.000401","-0.00012","0","11.08","Humid","30.45","0","49.40","253225.13","SABD0002000012","AAV2.0.0.13","4.0.0.2323","PSt7-10","171027-008","9/15/2022 2:43:31 PM","0000-00","0","no battery","V","","µV","","µV"
"10/14/2022","12:37:57","7","default","171425599","OXY_CH7","40.753","min","198.089","μmol/L","Humid","21.019","deg","94798","µV","27.159","°C","1020.000","hPa","36.0","pmil","0","55.700","deg","20.000","°C","100.000","%a.s.","22.210","deg","20.000","°C","971.000","hPa","0.826","-0.01532","0.000401","-0.00012","0","11.08","Humid","30.45","0","49.40","253222.23","SABD0002000012","AAV2.0.0.13","4.0.0.2323","PSt7-10","171027-008","9/15/2022 2:43:31 PM","0000-00","0","no battery","V","","µV","","µV"
"10/14/2022","12:37:58","7","default","171425599","OXY_CH7","40.770","min","197.983","μmol/L","Humid","21.025","deg","94797","µV","27.159","°C","1020.000","hPa","36.0","pmil","0","55.700","deg","20.000","°C","100.000","%a.s.","22.210","deg","20.000","°C","971.000","hPa","0.826","-0.01532","0.000401","-0.00012","0","11.08","Humid","30.45","0","49.40","253223.36","SABD0002000012","AAV2.0.0.13","4.0.0.2323","PSt7-10","171027-008","9/15/2022 2:43:31 PM","0000-00","0","no battery","V","","µV","","µV"
"10/14/2022","12:37:59","7","default","171425599","OXY_CH7","40.786","min","198.144","μmol/L","Humid","21.020","deg","94808","µV","27.147","°C","1020.000","hPa","36.0","pmil","0","55.700","deg","20.000","°C","100.000","%a.s.","22.210","deg","20.000","°C","971.000","hPa","0.826","-0.01532","0.000401","-0.00012","0","11.08","Humid","30.45","0","49.40","253232.02","SABD0002000012","AAV2.0.0.13","4.0.0.2323","PSt7-10","171027-008","9/15/2022 2:43:31 PM","0000-00","0","no battery","V","","µV","","µV"
"10/14/2022","12:38:00","7","default","171425599","OXY_CH7","40.802","min","198.090","μmol/L","Humid","21.021","deg","94801","µV","27.153","°C","1020.000","hPa","36.0","pmil","0","55.700","deg","20.000","°C","100.000","%a.s.","22.210","deg","20.000","°C","971.000","hPa","0.826","-0.01532","0.000401","-0.00012","0","11.08","Humid","30.45","0","49.40","253223.72","SABD0002000012","AAV2.0.0.13","4.0.0.2323","PSt7-10","171027-008","9/15/2022 2:43:31 PM","0000-00","0","no battery","V","","µV","","µV"
"10/14/2022","12:38:01","7","default","171425599","OXY_CH7","40.819","min","198.037","μmol/L","Humid","21.024","deg","94802","µV","27.153","°C","1020.000","hPa","36.0","pmil","0","55.700","deg","20.000","°C","100.000","%a.s.","22.210","deg","20.000","°C","971.000","hPa","0.826","-0.01532","0.000401","-0.00012","0","11.08","Humid","30.45","0","49.40","253229.66","SABD0002000012","AAV2.0.0.13","4.0.0.2323","PSt7-10","171027-008","9/15/2022 2:43:31 PM","0000-00","0","no battery","V","","µV","","µV"
"10/14/2022","12:38:02","7","default","171425599","OXY_CH7","40.836","min","197.984","μmol/L","Humid","21.027","deg","94810","µV","27.153","°C","1020.000","hPa","36.0","pmil","0","55.700","deg","20.000","°C","100.000","%a.s.","22.210","deg","20.000","°C","971.000","hPa","0.826","-0.01532","0.000401","-0.00012","0","11.08","Humid","30.45","0","49.40","253225.61","SABD0002000012","AAV2.0.0.13","4.0.0.2323","PSt7-10","171027-008","9/15/2022 2:43:31 PM","0000-00","0","no battery","V","","µV","","µV"
"10/14/2022","12:38:03","7","default","171425599","OXY_CH7","40.853","min","198.001","μmol/L","Humid","21.024","deg","94809","µV","27.159","°C","1020.000","hPa","36.0","pmil","0","55.700","deg","20.000","°C","100.000","%a.s.","22.210","deg","20.000","°C","971.000","hPa","0.826","-0.01532","0.000401","-0.00012","0","11.08","Humid","30.45","0","49.40","253233.96","SABD0002000012","AAV2.0.0.13","4.0.0.2323","PSt7-10","171027-008","9/15/2022 2:43:31 PM","0000-00","0","no battery","V","","µV","","µV"
"10/14/2022","12:38:04","7","default","171425599","OXY_CH7","40.870","min","198.036","μmol/L","Humid","21.022","deg","94814","µV","27.159","°C","1020.000","hPa","36.0","pmil","0","55.700","deg","20.000","°C","100.000","%a.s.","22.210","deg","20.000","°C","971.000","hPa","0.826","-0.01532","0.000401","-0.00012","0","11.08","Humid","30.45","0","49.40","253240.14","SABD0002000012","AAV2.0.0.13","4.0.0.2323","PSt7-10","171027-008","9/15/2022 2:43:31 PM","0000-00","0","no battery","V","","µV","","µV"
"10/14/2022","12:38:05","7","default","171425599","OXY_CH7","40.886","min","197.966","μmol/L","Humid","21.026","deg","94816","µV","27.159","°C","1020.000","hPa","36.0","pmil","0","55.700","deg","20.000","°C","100.000","%a.s.","22.210","deg","20.000","°C","971.000","hPa","0.826","-0.01532","0.000401","-0.00012","0","11.08","Humid","30.45","0","49.40","253222.30","SABD0002000012","AAV2.0.0.13","4.0.0.2323","PSt7-10","171027-008","9/15/2022 2:43:31 PM","0000-00","0","no battery","V","","µV","","µV"
"10/14/2022","12:38:06","7","default","171425599","OXY_CH7","40.903","min","198.002","μmol/L","Humid","21.026","deg","94815","µV","27.153","°C","1020.000","hPa","36.0","pmil","0","55.700","deg","20.000","°C","100.000","%a.s.","22.210","deg","20.000","°C","971.000","hPa","0.826","-0.01532","0.000401","-0.00012","0","11.08","Humid","30.45","0","49.40","253226.76","SABD0002000012","AAV2.0.0.13","4.0.0.2323","PSt7-10","171027-008","9/15/2022 2:43:31 PM","0000-00","0","no battery","V","","µV","","µV"
"10/14/2022","12:38:07","7","default","171425599","OXY_CH7","40.920","min","198.018","μmol/L","Humid","21.023","deg","94807","µV","27.159","°C","1020.000","hPa","36.0","pmil","0","55.700","deg","20.000","°C","100.000","%a.s.","22.210","deg","20.000","°C","971.000","hPa","0.826","-0.01532","0.000401","-0.00012","0","11.08","Humid","30.45","0","49.40","253231.94","SABD0002000012","AAV2.0.0.13","4.0.0.2323","PSt7-10","171027-008","9/15/2022 2:43:31 PM","0000-00","0","no battery","V","","µV","","µV"
"10/14/2022","12:38:08","7","default","171425599","OXY_CH7","40.936","min","198.002","μmol/L","Humid","21.026","deg","94816","µV","27.153","°C","1020.000","hPa","36.0","pmil","0","55.700","deg","20.000","°C","100.000","%a.s.","22.210","deg","20.000","°C","971.000","hPa","0.826","-0.01532","0.000401","-0.00012","0","11.08","Humid","30.45","0","49.40","253228.62","SABD0002000012","AAV2.0.0.13","4.0.0.2323","PSt7-10","171027-008","9/15/2022 2:43:31 PM","0000-00","0","no battery","V","","µV","","µV"
"10/14/2022","12:38:09","7","default","171425599","OXY_CH7","40.952","min","197.983","μmol/L","Humid","21.025","deg","94820","µV","27.159","°C","1020.000","hPa","36.0","pmil","0","55.700","deg","20.000","°C","100.000","%a.s.","22.210","deg","20.000","°C","971.000","hPa","0.826","-0.01532","0.000401","-0.00012","0","11.08","Humid","30.45","0","49.40","253216.15","SABD0002000012","AAV2.0.0.13","4.0.0.2323","PSt7-10","171027-008","9/15/2022 2:43:31 PM","0000-00","0","no battery","V","","µV","","µV"
"10/14/2022","12:38:10","7","default","171425599","OXY_CH7","40.969","min","197.949","μmol/L","Humid","21.029","deg","94820","µV","27.153","°C","1020.000","hPa","36.0","pmil","0","55.700","deg","20.000","°C","100.000","%a.s.","22.210","deg","20.000","°C","971.000","hPa","0.826","-0.01532","0.000401","-0.00012","0","11.08","Humid","30.45","0","49.40","253223.47","SABD0002000012","AAV2.0.0.13","4.0.0.2323","PSt7-10","171027-008","9/15/2022 2:43:31 PM","0000-00","0","no battery","V","","µV","","µV"
"10/14/2022","12:38:11","7","default","171425599","OXY_CH7","40.986","min","197.913","μmol/L","Humid","21.029","deg","94832","µV","27.159","°C","1020.000","hPa","36.0","pmil","0","55.700","deg","20.000","°C","100.000","%a.s.","22.210","deg","20.000","°C","971.000","hPa","0.826","-0.01532","0.000401","-0.00012","0","11.08","Humid","30.45","0","49.40","253233.27","SABD0002000012","AAV2.0.0.13","4.0.0.2323","PSt7-10","171027-008","9/15/2022 2:43:31 PM","0000-00","0","no battery","V","","µV","","µV"
"10/14/2022","12:38:12","7","default","171425599","OXY_CH7","41.003","min","197.913","μmol/L","Humid","21.029","deg","94835","µV","27.159","°C","1020.000","hPa","36.0","pmil","0","55.700","deg","20.000","°C","100.000","%a.s.","22.210","deg","20.000","°C","971.000","hPa","0.826","-0.01532","0.000401","-0.00012","0","11.08","Humid","30.45","0","49.40","253235.72","SABD0002000012","AAV2.0.0.13","4.0.0.2323","PSt7-10","171027-008","9/15/2022 2:43:31 PM","0000-00","0","no battery","V","","µV","","µV"
"10/14/2022","12:38:13","7","default","171425599","OXY_CH7","41.019","min","197.894","μmol/L","Humid","21.028","deg","94834","µV","27.165","°C","1020.000","hPa","36.0","pmil","0","55.700","deg","20.000","°C","100.000","%a.s.","22.210","deg","20.000","°C","971.000","hPa","0.826","-0.01532","0.000401","-0.00012","0","11.08","Humid","30.45","0","49.40","253241.26","SABD0002000012","AAV2.0.0.13","4.0.0.2323","PSt7-10","171027-008","9/15/2022 2:43:31 PM","0000-00","0","no battery","V","","µV","","µV"
"10/14/2022","12:38:14","7","default","171425599","OXY_CH7","41.036","min","198.038","μmol/L","Humid","21.026","deg","94831","µV","27.147","°C","1020.000","hPa","36.0","pmil","0","55.700","deg","20.000","°C","100.000","%a.s.","22.210","deg","20.000","°C","971.000","hPa","0.826","-0.01532","0.000401","-0.00012","0","11.08","Humid","30.45","0","49.40","253233.83","SABD0002000012","AAV2.0.0.13","4.0.0.2323","PSt7-10","171027-008","9/15/2022 2:43:31 PM","0000-00","0","no battery","V","","µV","","µV"
"10/14/2022","12:38:15","7","default","171425599","OXY_CH7","41.053","min","197.984","μmol/L","Humid","21.027","deg","94833","µV","27.153","°C","1020.000","hPa","36.0","pmil","0","55.700","deg","20.000","°C","100.000","%a.s.","22.210","deg","20.000","°C","971.000","hPa","0.826","-0.01532","0.000401","-0.00012","0","11.08","Humid","30.45","0","49.40","253224.60","SABD0002000012","AAV2.0.0.13","4.0.0.2323","PSt7-10","171027-008","9/15/2022 2:43:31 PM","0000-00","0","no battery","V","","µV","","µV"
"10/14/2022","12:38:16","7","default","171425599","OXY_CH7","41.070","min","197.932","μmol/L","Humid","21.030","deg","94837","µV","27.153","°C","1020.000","hPa","36.0","pmil","0","55.700","deg","20.000","°C","100.000","%a.s.","22.210","deg","20.000","°C","971.000","hPa","0.826","-0.01532","0.000401","-0.00012","0","11.08","Humid","30.45","0","49.40","253234.97","SABD0002000012","AAV2.0.0.13","4.0.0.2323","PSt7-10","171027-008","9/15/2022 2:43:31 PM","0000-00","0","no battery","V","","µV","","µV"
"10/14/2022","12:38:17","7","default","171425599","OXY_CH7","41.087","min","197.879","μmol/L","Humid","21.033","deg","94841","µV","27.153","°C","1020.000","hPa","36.0","pmil","0","55.700","deg","20.000","°C","100.000","%a.s.","22.210","deg","20.000","°C","971.000","hPa","0.826","-0.01532","0.000401","-0.00012","0","11.08","Humid","30.45","0","49.40","253230.20","SABD0002000012","AAV2.0.0.13","4.0.0.2323","PSt7-10","171027-008","9/15/2022 2:43:31 PM","0000-00","0","no battery","V","","µV","","µV"
"10/14/2022","12:38:18","7","default","171425599","OXY_CH7","41.103","min","197.879","μmol/L","Humid","21.033","deg","94838","µV","27.153","°C","1020.000","hPa","36.0","pmil","0","55.700","deg","20.000","°C","100.000","%a.s.","22.210","deg","20.000","°C","971.000","hPa","0.826","-0.01532","0.000401","-0.00012","0","11.08","Humid","30.45","0","49.40","253223.55","SABD0002000012","AAV2.0.0.13","4.0.0.2323","PSt7-10","171027-008","9/15/2022 2:43:31 PM","0000-00","0","no battery","V","","µV","","µV"
"10/14/2022","12:38:19","7","default","171425599","OXY_CH7","41.119","min","197.842","μmol/L","Humid","21.033","deg","94835","µV","27.159","°C","1020.000","hPa","36.0","pmil","0","55.700","deg","20.000","°C","100.000","%a.s.","22.210","deg","20.000","°C","971.000","hPa","0.826","-0.01532","0.000401","-0.00012","0","11.08","Humid","30.45","0","49.40","253219.88","SABD0002000012","AAV2.0.0.13","4.0.0.2323","PSt7-10","171027-008","9/15/2022 2:43:31 PM","0000-00","0","no battery","V","","µV","","µV"
"10/14/2022","12:38:20","7","default","171425599","OXY_CH7","41.136","min","197.932","μmol/L","Humid","21.030","deg","94853","µV","27.153","°C","1020.000","hPa","36.0","pmil","0","55.700","deg","20.000","°C","100.000","%a.s.","22.210","deg","20.000","°C","971.000","hPa","0.826","-0.01532","0.000401","-0.00012","0","11.08","Humid","30.45","0","49.40","253228.57","SABD0002000012","AAV2.0.0.13","4.0.0.2323","PSt7-10","171027-008","9/15/2022 2:43:31 PM","0000-00","0","no battery","V","","µV","","µV"
"10/14/2022","12:38:21","7","default","171425599","OXY_CH7","41.153","min","197.825","μmol/L","Humid","21.034","deg","94848","µV","27.159","°C","1020.000","hPa","36.0","pmil","0","55.700","deg","20.000","°C","100.000","%a.s.","22.210","deg","20.000","°C","971.000","hPa","0.826","-0.01532","0.000401","-0.00012","0","11.08","Humid","30.45","0","49.40","253233.43","SABD0002000012","AAV2.0.0.13","4.0.0.2323","PSt7-10","171027-008","9/15/2022 2:43:31 PM","0000-00","0","no battery","V","","µV","","µV"
"10/14/2022","12:38:22","7","default","171425599","OXY_CH7","41.169","min","197.861","μmol/L","Humid","21.034","deg","94847","µV","27.153","°C","1020.000","hPa","36.0","pmil","0","55.700","deg","20.000","°C","100.000","%a.s.","22.210","deg","20.000","°C","971.000","hPa","0.826","-0.01532","0.000401","-0.00012","0","11.08","Humid","30.45","0","49.40","253226.98","SABD0002000012","AAV2.0.0.13","4.0.0.2323","PSt7-10","171027-008","9/15/2022 2:43:31 PM","0000-00","0","no battery","V","","µV","","µV"
"10/14/2022","12:38:23","7","default","171425599","OXY_CH7","41.186","min","197.807","μmol/L","Humid","21.035","deg","94854","µV","27.159","°C","1020.000","hPa","36.0","pmil","0","55.700","deg","20.000","°C","100.000","%a.s.","22.210","deg","20.000","°C","971.000","hPa","0.826","-0.01532","0.000401","-0.00012","0","11.08","Humid","30.45","0","49.40","253240.68","SABD0002000012","AAV2.0.0.13","4.0.0.2323","PSt7-10","171027-008","9/15/2022 2:43:31 PM","0000-00","0","no battery","V","","µV","","µV"
"10/14/2022","12:38:24","7","default","171425599","OXY_CH7","41.203","min","197.825","μmol/L","Humid","21.034","deg","94854","µV","27.159","°C","1020.000","hPa","36.0","pmil","0","55.700","deg","20.000","°C","100.000","%a.s.","22.210","deg","20.000","°C","971.000","hPa","0.826","-0.01532","0.000401","-0.00012","0","11.08","Humid","30.45","0","49.40","253238.34","SABD0002000012","AAV2.0.0.13","4.0.0.2323","PSt7-10","171027-008","9/15/2022 2:43:31 PM","0000-00","0","no battery","V","","µV","","µV"
"10/14/2022","12:38:25","7","default","171425599","OXY_CH7","41.220","min","197.878","μmol/L","Humid","21.031","deg","94864","µV","27.159","°C","1020.000","hPa","36.0","pmil","0","55.700","deg","20.000","°C","100.000","%a.s.","22.210","deg","20.000","°C","971.000","hPa","0.826","-0.01532","0.000401","-0.00012","0","11.08","Humid","30.45","0","49.40","253240.56","SABD0002000012","AAV2.0.0.13","4.0.0.2323","PSt7-10","171027-008","9/15/2022 2:43:31 PM","0000-00","0","no battery","V","","µV","","µV"
"10/14/2022","12:38:26","7","default","171425599","OXY_CH7","41.236","min","197.860","μmol/L","Humid","21.032","deg","94863","µV","27.159","°C","1020.000","hPa","36.0","pmil","0","55.700","deg","20.000","°C","100.000","%a.s.","22.210","deg","20.000","°C","971.000","hPa","0.826","-0.01532","0.000401","-0.00012","0","11.08","Humid","30.45","0","49.40","253245.94","SABD0002000012","AAV2.0.0.13","4.0.0.2323","PSt7-10","171027-008","9/15/2022 2:43:31 PM","0000-00","0","no battery","V","","µV","","µV"
"10/14/2022","12:38:27","7","default","171425599","OXY_CH7","41.253","min","197.825","μmol/L","Humid","21.034","deg","94865","µV","27.159","°C","1020.000","hPa","36.0","pmil","0","55.700","deg","20.000","°C","100.000","%a.s.","22.210","deg","20.000","°C","971.000","hPa","0.826","-0.01532","0.000401","-0.00012","0","11.08","Humid","30.45","0","49.40","253245.69","SABD0002000012","AAV2.0.0.13","4.0.0.2323","PSt7-10","171027-008","9/15/2022 2:43:31 PM","0000-00","0","no battery","V","","µV","","µV"
"10/14/2022","12:38:28","7","default","171425599","OXY_CH7","41.269","min","197.842","μmol/L","Humid","21.033","deg","94867","µV","27.159","°C","1020.000","hPa","36.0","pmil","0","55.700","deg","20.000","°C","100.000","%a.s.","22.210","deg","20.000","°C","971.000","hPa","0.826","-0.01532","0.000401","-0.00012","0","11.08","Humid","30.45","0","49.40","253235.71","SABD0002000012","AAV2.0.0.13","4.0.0.2323","PSt7-10","171027-008","9/15/2022 2:43:31 PM","0000-00","0","no battery","V","","µV","","µV"
"10/14/2022","12:38:29","7","default","171425599","OXY_CH7","41.286","min","197.790","μmol/L","Humid","21.036","deg","94870","µV","27.159","°C","1020.000","hPa","36.0","pmil","0","55.700","deg","20.000","°C","100.000","%a.s.","22.210","deg","20.000","°C","971.000","hPa","0.826","-0.01532","0.000401","-0.00012","0","11.08","Humid","30.45","0","49.40","253238.43","SABD0002000012","AAV2.0.0.13","4.0.0.2323","PSt7-10","171027-008","9/15/2022 2:43:31 PM","0000-00","0","no battery","V","","µV","","µV"
"10/14/2022","12:38:30","7","default","171425599","OXY_CH7","41.303","min","197.754","μmol/L","Humid","21.038","deg","94871","µV","27.159","°C","1020.000","hPa","36.0","pmil","0","55.700","deg","20.000","°C","100.000","%a.s.","22.210","deg","20.000","°C","971.000","hPa","0.826","-0.01532","0.000401","-0.00012","0","11.08","Humid","30.45","0","49.40","253238.90","SABD0002000012","AAV2.0.0.13","4.0.0.2323","PSt7-10","171027-008","9/15/2022 2:43:31 PM","0000-00","0","no battery","V","","µV","","µV"
"10/14/2022","12:38:31","7","default","171425599","OXY_CH7","41.319","min","197.737","μmol/L","Humid","21.039","deg","94873","µV","27.159","°C","1020.000","hPa","36.0","pmil","0","55.700","deg","20.000","°C","100.000","%a.s.","22.210","deg","20.000","°C","971.000","hPa","0.826","-0.01532","0.000401","-0.00012","0","11.08","Humid","30.45","0","49.40","253246.17","SABD0002000012","AAV2.0.0.13","4.0.0.2323","PSt7-10","171027-008","9/15/2022 2:43:31 PM","0000-00","0","no battery","V","","µV","","µV"
"10/14/2022","12:38:32","7","default","171425599","OXY_CH7","41.336","min","197.808","μmol/L","Humid","21.037","deg","94873","µV","27.153","°C","1020.000","hPa","36.0","pmil","0","55.700","deg","20.000","°C","100.000","%a.s.","22.210","deg","20.000","°C","971.000","hPa","0.826","-0.01532","0.000401","-0.00012","0","11.08","Humid","30.45","0","49.40","253236.43","SABD0002000012","AAV2.0.0.13","4.0.0.2323","PSt7-10","171027-008","9/15/2022 2:43:31 PM","0000-00","0","no battery","V","","µV","","µV"
"10/14/2022","12:38:33","7","default","171425599","OXY_CH7","41.353","min","197.737","μmol/L","Humid","21.039","deg","94877","µV","27.159","°C","1020.000","hPa","36.0","pmil","0","55.700","deg","20.000","°C","100.000","%a.s.","22.210","deg","20.000","°C","971.000","hPa","0.826","-0.01532","0.000401","-0.00012","0","11.08","Humid","30.45","0","49.40","253247.98","SABD0002000012","AAV2.0.0.13","4.0.0.2323","PSt7-10","171027-008","9/15/2022 2:43:31 PM","0000-00","0","no battery","V","","µV","","µV"
"10/14/2022","12:38:34","7","default","171425599","OXY_CH7","41.369","min","197.719","μmol/L","Humid","21.040","deg","94875","µV","27.159","°C","1020.000","hPa","36.0","pmil","0","55.700","deg","20.000","°C","100.000","%a.s.","22.210","deg","20.000","°C","971.000","hPa","0.826","-0.01532","0.000401","-0.00012","0","11.08","Humid","30.45","0","49.40","253235.47","SABD0002000012","AAV2.0.0.13","4.0.0.2323","PSt7-10","171027-008","9/15/2022 2:43:31 PM","0000-00","0","no battery","V","","µV","","µV"
"10/14/2022","12:38:35","7","default","171425599","OXY_CH7","41.386","min","197.719","μmol/L","Humid","21.040","deg","94882","µV","27.159","°C","1020.000","hPa","36.0","pmil","0","55.700","deg","20.000","°C","100.000","%a.s.","22.210","deg","20.000","°C","971.000","hPa","0.826","-0.01532","0.000401","-0.00012","0","11.08","Humid","30.45","0","49.40","253241.49","SABD0002000012","AAV2.0.0.13","4.0.0.2323","PSt7-10","171027-008","9/15/2022 2:43:31 PM","0000-00","0","no battery","V","","µV","","µV"
"10/14/2022","12:38:36","7","default","171425599","OXY_CH7","41.403","min","197.736","μmol/L","Humid","21.037","deg","94875","µV","27.165","°C","1020.000","hPa","36.0","pmil","0","55.700","deg","20.000","°C","100.000","%a.s.","22.210","deg","20.000","°C","971.000","hPa","0.826","-0.01532","0.000401","-0.00012","0","11.08","Humid","30.45","0","49.40","253234.00","SABD0002000012","AAV2.0.0.13","4.0.0.2323","PSt7-10","171027-008","9/15/2022 2:43:31 PM","0000-00","0","no battery","V","","µV","","µV"
"10/14/2022","12:38:37","7","default","171425599","OXY_CH7","41.420","min","197.773","μmol/L","Humid","21.039","deg","94883","µV","27.153","°C","1020.000","hPa","36.0","pmil","0","55.700","deg","20.000","°C","100.000","%a.s.","22.210","deg","20.000","°C","971.000","hPa","0.826","-0.01532","0.000401","-0.00012","0","11.08","Humid","30.45","0","49.40","253243.45","SABD0002000012","AAV2.0.0.13","4.0.0.2323","PSt7-10","171027-008","9/15/2022 2:43:31 PM","0000-00","0","no battery","V","","µV","","µV"
"10/14/2022","12:38:38","7","default","171425599","OXY_CH7","41.436","min","197.702","μmol/L","Humid","21.041","deg","94881","µV","27.159","°C","1020.000","hPa","36.0","pmil","0","55.700","deg","20.000","°C","100.000","%a.s.","22.210","deg","20.000","°C","971.000","hPa","0.826","-0.01532","0.000401","-0.00012","0","11.08","Humid","30.45","0","49.40","253221.41","SABD0002000012","AAV2.0.0.13","4.0.0.2323","PSt7-10","171027-008","9/15/2022 2:43:31 PM","0000-00","0","no battery","V","","µV","","µV"
"10/14/2022","12:38:39","7","default","171425599","OXY_CH7","41.453","min","197.703","μmol/L","Humid","21.043","deg","94884","µV","27.153","°C","1020.000","hPa","36.0","pmil","0","55.700","deg","20.000","°C","100.000","%a.s.","22.210","deg","20.000","°C","971.000","hPa","0.826","-0.01532","0.000401","-0.00012","0","11.08","Humid","30.45","0","49.40","253239.30","SABD0002000012","AAV2.0.0.13","4.0.0.2323","PSt7-10","171027-008","9/15/2022 2:43:31 PM","0000-00","0","no battery","V","","µV","","µV"
"10/14/2022","12:38:40","7","default","171425599","OXY_CH7","41.469","min","197.684","μmol/L","Humid","21.042","deg","94891","µV","27.159","°C","1020.000","hPa","36.0","pmil","0","55.700","deg","20.000","°C","100.000","%a.s.","22.210","deg","20.000","°C","971.000","hPa","0.826","-0.01532","0.000401","-0.00012","0","11.08","Humid","30.45","0","49.40","253221.66","SABD0002000012","AAV2.0.0.13","4.0.0.2323","PSt7-10","171027-008","9/15/2022 2:43:31 PM","0000-00","0","no battery","V","","µV","","µV"
"10/14/2022","12:38:41","7","default","171425599","OXY_CH7","41.486","min","197.614","μmol/L","Humid","21.046","deg","94888","µV","27.159","°C","1020.000","hPa","36.0","pmil","0","55.700","deg","20.000","°C","100.000","%a.s.","22.210","deg","20.000","°C","971.000","hPa","0.826","-0.01532","0.000401","-0.00012","0","11.08","Humid","30.45","0","49.40","253239.49","SABD0002000012","AAV2.0.0.13","4.0.0.2323","PSt7-10","171027-008","9/15/2022 2:43:31 PM","0000-00","0","no battery","V","","µV","","µV"
"10/14/2022","12:38:42","7","default","171425599","OXY_CH7","41.502","min","197.667","μmol/L","Humid","21.043","deg","94891","µV","27.159","°C","1020.000","hPa","36.0","pmil","0","55.700","deg","20.000","°C","100.000","%a.s.","22.210","deg","20.000","°C","971.000","hPa","0.826","-0.01532","0.000401","-0.00012","0","11.08","Humid","30.45","0","49.40","253237.41","SABD0002000012","AAV2.0.0.13","4.0.0.2323","PSt7-10","171027-008","9/15/2022 2:43:31 PM","0000-00","0","no battery","V","","µV","","µV"
"10/14/2022","12:38:43","7","default","171425599","OXY_CH7","41.519","min","197.704","μmol/L","Humid","21.045","deg","94900","µV","27.147","°C","1020.000","hPa","36.0","pmil","0","55.700","deg","20.000","°C","100.000","%a.s.","22.210","deg","20.000","°C","971.000","hPa","0.826","-0.01532","0.000401","-0.00012","0","11.08","Humid","30.45","0","49.40","253236.14","SABD0002000012","AAV2.0.0.13","4.0.0.2323","PSt7-10","171027-008","9/15/2022 2:43:31 PM","0000-00","0","no battery","V","","µV","","µV"
"10/14/2022","12:38:44","7","default","171425599","OXY_CH7","41.536","min","197.633","μmol/L","Humid","21.047","deg","94891","µV","27.153","°C","1020.000","hPa","36.0","pmil","0","55.700","deg","20.000","°C","100.000","%a.s.","22.210","deg","20.000","°C","971.000","hPa","0.826","-0.01532","0.000401","-0.00012","0","11.08","Humid","30.45","0","49.40","253234.11","SABD0002000012","AAV2.0.0.13","4.0.0.2323","PSt7-10","171027-008","9/15/2022 2:43:31 PM","0000-00","0","no battery","V","","µV","","µV"
"10/14/2022","12:38:45","7","default","171425599","OXY_CH7","41.553","min","197.596","μmol/L","Humid","21.047","deg","94893","µV","27.159","°C","1020.000","hPa","36.0","pmil","0","55.700","deg","20.000","°C","100.000","%a.s.","22.210","deg","20.000","°C","971.000","hPa","0.826","-0.01532","0.000401","-0.00012","0","11.08","Humid","30.45","0","49.40","253229.56","SABD0002000012","AAV2.0.0.13","4.0.0.2323","PSt7-10","171027-008","9/15/2022 2:43:31 PM","0000-00","0","no battery","V","","µV","","µV"
"10/14/2022","12:38:46","7","default","171425599","OXY_CH7","41.570","min","197.614","μmol/L","Humid","21.046","deg","94904","µV","27.159","°C","1020.000","hPa","36.0","pmil","0","55.700","deg","20.000","°C","100.000","%a.s.","22.210","deg","20.000","°C","971.000","hPa","0.826","-0.01532","0.000401","-0.00012","0","11.08","Humid","30.45","0","49.40","253238.17","SABD0002000012","AAV2.0.0.13","4.0.0.2323","PSt7-10","171027-008","9/15/2022 2:43:31 PM","0000-00","0","no battery","V","","µV","","µV"
"10/14/2022","12:38:47","7","default","171425599","OXY_CH7","41.586","min","197.614","μmol/L","Humid","21.046","deg","94897","µV","27.159","°C","1020.000","hPa","36.0","pmil","0","55.700","deg","20.000","°C","100.000","%a.s.","22.210","deg","20.000","°C","971.000","hPa","0.826","-0.01532","0.000401","-0.00012","0","11.08","Humid","30.45","0","49.40","253227.56","SABD0002000012","AAV2.0.0.13","4.0.0.2323","PSt7-10","171027-008","9/15/2022 2:43:31 PM","0000-00","0","no battery","V","","µV","","µV"
"10/14/2022","12:38:48","7","default","171425599","OXY_CH7","41.603","min","197.633","μmol/L","Humid","21.047","deg","94896","µV","27.153","°C","1020.000","hPa","36.0","pmil","0","55.700","deg","20.000","°C","100.000","%a.s.","22.210","deg","20.000","°C","971.000","hPa","0.826","-0.01532","0.000401","-0.00012","0","11.08","Humid","30.45","0","49.40","253229.77","SABD0002000012","AAV2.0.0.13","4.0.0.2323","PSt7-10","171027-008","9/15/2022 2:43:31 PM","0000-00","0","no battery","V","","µV","","µV"
"10/14/2022","12:38:49","7","default","171425599","OXY_CH7","41.620","min","197.704","μmol/L","Humid","21.045","deg","94907","µV","27.147","°C","1020.000","hPa","36.0","pmil","0","55.700","deg","20.000","°C","100.000","%a.s.","22.210","deg","20.000","°C","971.000","hPa","0.826","-0.01532","0.000401","-0.00012","0","11.08","Humid","30.45","0","49.40","253220.90","SABD0002000012","AAV2.0.0.13","4.0.0.2323","PSt7-10","171027-008","9/15/2022 2:43:31 PM","0000-00","0","no battery","V","","µV","","µV"
"10/14/2022","12:38:50","7","default","171425599","OXY_CH7","41.637","min","197.650","μmol/L","Humid","21.046","deg","94902","µV","27.153","°C","1020.000","hPa","36.0","pmil","0","55.700","deg","20.000","°C","100.000","%a.s.","22.210","deg","20.000","°C","971.000","hPa","0.826","-0.01532","0.000401","-0.00012","0","11.08","Humid","30.45","0","49.40","253232.73","SABD0002000012","AAV2.0.0.13","4.0.0.2323","PSt7-10","171027-008","9/15/2022 2:43:31 PM","0000-00","0","no battery","V","","µV","","µV"
"10/14/2022","12:38:51","7","default","171425599","OXY_CH7","41.653","min","197.561","μmol/L","Humid","21.049","deg","94909","µV","27.159","°C","1020.000","hPa","36.0","pmil","0","55.700","deg","20.000","°C","100.000","%a.s.","22.210","deg","20.000","°C","971.000","hPa","0.826","-0.01532","0.000401","-0.00012","0","11.08","Humid","30.45","0","49.40","253221.25","SABD0002000012","AAV2.0.0.13","4.0.0.2323","PSt7-10","171027-008","9/15/2022 2:43:31 PM","0000-00","0","no battery","V","","µV","","µV"
"10/14/2022","12:38:52","7","default","171425599","OXY_CH7","41.669","min","197.615","μmol/L","Humid","21.048","deg","94917","µV","27.153","°C","1020.000","hPa","36.0","pmil","0","55.700","deg","20.000","°C","100.000","%a.s.","22.210","deg","20.000","°C","971.000","hPa","0.826","-0.01532","0.000401","-0.00012","0","11.08","Humid","30.45","0","49.40","253230.72","SABD0002000012","AAV2.0.0.13","4.0.0.2323","PSt7-10","171027-008","9/15/2022 2:43:31 PM","0000-00","0","no battery","V","","µV","","µV"
"10/14/2022","12:38:53","7","default","171425599","OXY_CH7","41.686","min","197.544","μmol/L","Humid","21.050","deg","94915","µV","27.159","°C","1020.000","hPa","36.0","pmil","0","55.700","deg","20.000","°C","100.000","%a.s.","22.210","deg","20.000","°C","971.000","hPa","0.826","-0.01532","0.000401","-0.00012","0","11.08","Humid","30.45","0","49.40","253226.03","SABD0002000012","AAV2.0.0.13","4.0.0.2323","PSt7-10","171027-008","9/15/2022 2:43:31 PM","0000-00","0","no battery","V","","µV","","µV"
"10/14/2022","12:38:54","7","default","171425599","OXY_CH7","41.702","min","197.633","μmol/L","Humid","21.047","deg","94919","µV","27.153","°C","1020.000","hPa","36.0","pmil","0","55.700","deg","20.000","°C","100.000","%a.s.","22.210","deg","20.000","°C","971.000","hPa","0.826","-0.01532","0.000401","-0.00012","0","11.08","Humid","30.45","0","49.40","253240.13","SABD0002000012","AAV2.0.0.13","4.0.0.2323","PSt7-10","171027-008","9/15/2022 2:43:31 PM","0000-00","0","no battery","V","","µV","","µV"
"10/14/2022","12:38:55","7","default","171425599","OXY_CH7","41.719","min","197.491","μmol/L","Humid","21.053","deg","94913","µV","27.159","°C","1020.000","hPa","36.0","pmil","0","55.700","deg","20.000","°C","100.000","%a.s.","22.210","deg","20.000","°C","971.000","hPa","0.826","-0.01532","0.000401","-0.00012","0","11.08","Humid","30.45","0","49.40","253227.34","SABD0002000012","AAV2.0.0.13","4.0.0.2323","PSt7-10","171027-008","9/15/2022 2:43:31 PM","0000-00","0","no battery","V","","µV","","µV"
"10/14/2022","12:38:56","7","default","171425599","OXY_CH7","41.736","min","197.544","μmol/L","Humid","21.050","deg","94928","µV","27.159","°C","1020.000","hPa","36.0","pmil","0","55.700","deg","20.000","°C","100.000","%a.s.","22.210","deg","20.000","°C","971.000","hPa","0.826","-0.01532","0.000401","-0.00012","0","11.08","Humid","30.45","0","49.40","253233.79","SABD0002000012","AAV2.0.0.13","4.0.0.2323","PSt7-10","171027-008","9/15/2022 2:43:31 PM","0000-00","0","no battery","V","","µV","","µV"
"10/14/2022","12:38:57","7","default","171425599","OXY_CH7","41.753","min","197.580","μmol/L","Humid","21.050","deg","94934","µV","27.153","°C","1020.000","hPa","36.0","pmil","0","55.700","deg","20.000","°C","100.000","%a.s.","22.210","deg","20.000","°C","971.000","hPa","0.826","-0.01532","0.000401","-0.00012","0","11.08","Humid","30.45","0","49.40","253239.09","SABD0002000012","AAV2.0.0.13","4.0.0.2323","PSt7-10","171027-008","9/15/2022 2:43:31 PM","0000-00","0","no battery","V","","µV","","µV"
"10/14/2022","12:38:58","7","default","171425599","OXY_CH7","41.770","min","197.526","μmol/L","Humid","21.051","deg","94928","µV","27.159","°C","1020.000","hPa","36.0","pmil","0","55.700","deg","20.000","°C","100.000","%a.s.","22.210","deg","20.000","°C","971.000","hPa","0.826","-0.01532","0.000401","-0.00012","0","11.08","Humid","30.45","0","49.40","253245.07","SABD0002000012","AAV2.0.0.13","4.0.0.2323","PSt7-10","171027-008","9/15/2022 2:43:31 PM","0000-00","0","no battery","V","","µV","","µV"
"10/14/2022","12:38:59","7","default","171425599","OXY_CH7","41.786","min","197.562","μmol/L","Humid","21.051","deg","94923","µV","27.153","°C","1020.000","hPa","36.0","pmil","0","55.700","deg","20.000","°C","100.000","%a.s.","22.210","deg","20.000","°C","971.000","hPa","0.826","-0.01532","0.000401","-0.00012","0","11.08","Humid","30.45","0","49.40","253237.46","SABD0002000012","AAV2.0.0.13","4.0.0.2323","PSt7-10","171027-008","9/15/2022 2:43:31 PM","0000-00","0","no battery","V","","µV","","µV"
"10/14/2022","12:39:00","7","default","171425599","OXY_CH7","41.803","min","197.510","μmol/L","Humid","21.054","deg","94931","µV","27.153","°C","1020.000","hPa","36.0","pmil","0","55.700","deg","20.000","°C","100.000","%a.s.","22.210","deg","20.000","°C","971.000","hPa","0.826","-0.01532","0.000401","-0.00012","0","11.08","Humid","30.45","0","49.40","253234.76","SABD0002000012","AAV2.0.0.13","4.0.0.2323","PSt7-10","171027-008","9/15/2022 2:43:31 PM","0000-00","0","no battery","V","","µV","","µV"
"10/14/2022","12:39:01","7","default","171425599","OXY_CH7","41.820","min","197.508","μmol/L","Humid","21.052","deg","94924","µV","27.159","°C","1020.000","hPa","36.0","pmil","0","55.700","deg","20.000","°C","100.000","%a.s.","22.210","deg","20.000","°C","971.000","hPa","0.826","-0.01532","0.000401","-0.00012","0","11.08","Humid","30.45","0","49.40","253229.77","SABD0002000012","AAV2.0.0.13","4.0.0.2323","PSt7-10","171027-008","9/15/2022 2:43:31 PM","0000-00","0","no battery","V","","µV","","µV"
"10/14/2022","12:39:02","7","default","171425599","OXY_CH7","41.836","min","197.492","μmol/L","Humid","21.055","deg","94936","µV","27.153","°C","1020.000","hPa","36.0","pmil","0","55.700","deg","20.000","°C","100.000","%a.s.","22.210","deg","20.000","°C","971.000","hPa","0.826","-0.01532","0.000401","-0.00012","0","11.08","Humid","30.45","0","49.40","253239.31","SABD0002000012","AAV2.0.0.13","4.0.0.2323","PSt7-10","171027-008","9/15/2022 2:43:31 PM","0000-00","0","no battery","V","","µV","","µV"
"10/14/2022","12:39:03","7","default","171425599","OXY_CH7","41.852","min","197.544","μmol/L","Humid","21.050","deg","94935","µV","27.159","°C","1020.000","hPa","36.0","pmil","0","55.700","deg","20.000","°C","100.000","%a.s.","22.210","deg","20.000","°C","971.000","hPa","0.826","-0.01532","0.000401","-0.00012","0","11.08","Humid","30.45","0","49.40","253232.51","SABD0002000012","AAV2.0.0.13","4.0.0.2323","PSt7-10","171027-008","9/15/2022 2:43:31 PM","0000-00","0","no battery","V","","µV","","µV"
"10/14/2022","12:39:04","7","default","171425599","OXY_CH7","41.869","min","197.475","μmol/L","Humid","21.056","deg","94948","µV","27.153","°C","1020.000","hPa","36.0","pmil","0","55.700","deg","20.000","°C","100.000","%a.s.","22.210","deg","20.000","°C","971.000","hPa","0.826","-0.01532","0.000401","-0.00012","0","11.08","Humid","30.45","0","49.40","253249.46","SABD0002000012","AAV2.0.0.13","4.0.0.2323","PSt7-10","171027-008","9/15/2022 2:43:31 PM","0000-00","0","no battery","V","","µV","","µV"
"10/14/2022","12:39:05","7","default","171425599","OXY_CH7","41.886","min","197.581","μmol/L","Humid","21.052","deg","94941","µV","27.147","°C","1020.000","hPa","36.0","pmil","0","55.700","deg","20.000","°C","100.000","%a.s.","22.210","deg","20.000","°C","971.000","hPa","0.826","-0.01532","0.000401","-0.00012","0","11.08","Humid","30.45","0","49.40","253245.38","SABD0002000012","AAV2.0.0.13","4.0.0.2323","PSt7-10","171027-008","9/15/2022 2:43:31 PM","0000-00","0","no battery","V","","µV","","µV"
"10/14/2022","12:39:06","7","default","171425599","OXY_CH7","41.903","min","197.528","μmol/L","Humid","21.055","deg","94943","µV","27.147","°C","1020.000","hPa","36.0","pmil","0","55.700","deg","20.000","°C","100.000","%a.s.","22.210","deg","20.000","°C","971.000","hPa","0.826","-0.01532","0.000401","-0.00012","0","11.08","Humid","30.45","0","49.40","253247.48","SABD0002000012","AAV2.0.0.13","4.0.0.2323","PSt7-10","171027-008","9/15/2022 2:43:31 PM","0000-00","0","no battery","V","","µV","","µV"
"10/14/2022","12:39:07","7","default","171425599","OXY_CH7","41.920","min","197.439","μmol/L","Humid","21.058","deg","94943","µV","27.153","°C","1020.000","hPa","36.0","pmil","0","55.700","deg","20.000","°C","100.000","%a.s.","22.210","deg","20.000","°C","971.000","hPa","0.826","-0.01532","0.000401","-0.00012","0","11.08","Humid","30.45","0","49.40","253241.67","SABD0002000012","AAV2.0.0.13","4.0.0.2323","PSt7-10","171027-008","9/15/2022 2:43:31 PM","0000-00","0","no battery","V","","µV","","µV"
"10/14/2022","12:39:08","7","default","171425599","OXY_CH7","41.936","min","197.491","μmol/L","Humid","21.053","deg","94937","µV","27.159","°C","1020.000","hPa","36.0","pmil","0","55.700","deg","20.000","°C","100.000","%a.s.","22.210","deg","20.000","°C","971.000","hPa","0.826","-0.01532","0.000401","-0.00012","0","11.08","Humid","30.45","0","49.40","253225.81","SABD0002000012","AAV2.0.0.13","4.0.0.2323","PSt7-10","171027-008","9/15/2022 2:43:31 PM","0000-00","0","no battery","V","","µV","","µV"
"10/14/2022","12:39:09","7","default","171425599","OXY_CH7","41.953","min","197.527","μmol/L","Humid","21.053","deg","94944","µV","27.153","°C","1020.000","hPa","36.0","pmil","0","55.700","deg","20.000","°C","100.000","%a.s.","22.210","deg","20.000","°C","971.000","hPa","0.826","-0.01532","0.000401","-0.00012","0","11.08","Humid","30.45","0","49.40","253246.51","SABD0002000012","AAV2.0.0.13","4.0.0.2323","PSt7-10","171027-008","9/15/2022 2:43:31 PM","0000-00","0","no battery","V","","µV","","µV"
"10/14/2022","12:39:10","7","default","171425599","OXY_CH7","41.969","min","197.387","μmol/L","Humid","21.061","deg","94950","µV","27.153","°C","1020.000","hPa","36.0","pmil","0","55.700","deg","20.000","°C","100.000","%a.s.","22.210","deg","20.000","°C","971.000","hPa","0.826","-0.01532","0.000401","-0.00012","0","11.08","Humid","30.45","0","49.40","253248.53","SABD0002000012","AAV2.0.0.13","4.0.0.2323","PSt7-10","171027-008","9/15/2022 2:43:31 PM","0000-00","0","no battery","V","","µV","","µV"
"10/14/2022","12:39:11","7","default","171425599","OXY_CH7","41.986","min","197.421","μmol/L","Humid","21.057","deg","94958","µV","27.159","°C","1020.000","hPa","36.0","pmil","0","55.700","deg","20.000","°C","100.000","%a.s.","22.210","deg","20.000","°C","971.000","hPa","0.826","-0.01532","0.000401","-0.00012","0","11.08","Humid","30.45","0","49.40","253246.64","SABD0002000012","AAV2.0.0.13","4.0.0.2323","PSt7-10","171027-008","9/15/2022 2:43:31 PM","0000-00","0","no battery","V","","µV","","µV"
"10/14/2022","12:39:12","7","default","171425599","OXY_CH7","42.002","min","197.403","μmol/L","Humid","21.058","deg","94949","µV","27.159","°C","1020.000","hPa","36.0","pmil","0","55.700","deg","20.000","°C","100.000","%a.s.","22.210","deg","20.000","°C","971.000","hPa","0.826","-0.01532","0.000401","-0.00012","0","11.08","Humid","30.45","0","49.40","253244.70","SABD0002000012","AAV2.0.0.13","4.0.0.2323","PSt7-10","171027-008","9/15/2022 2:43:31 PM","0000-00","0","no battery","V","","µV","","µV"
"10/14/2022","12:39:13","7","default","171425599","OXY_CH7","42.019","min","197.456","μmol/L","Humid","21.055","deg","94959","µV","27.159","°C","1020.000","hPa","36.0","pmil","0","55.700","deg","20.000","°C","100.000","%a.s.","22.210","deg","20.000","°C","971.000","hPa","0.826","-0.01532","0.000401","-0.00012","0","11.08","Humid","30.45","0","49.40","253238.08","SABD0002000012","AAV2.0.0.13","4.0.0.2323","PSt7-10","171027-008","9/15/2022 2:43:31 PM","0000-00","0","no battery","V","","µV","","µV"
"10/14/2022","12:39:14","7","default","171425599","OXY_CH7","42.036","min","197.404","μmol/L","Humid","21.060","deg","94957","µV","27.153","°C","1020.000","hPa","36.0","pmil","0","55.700","deg","20.000","°C","100.000","%a.s.","22.210","deg","20.000","°C","971.000","hPa","0.826","-0.01532","0.000401","-0.00012","0","11.08","Humid","30.45","0","49.40","253243.22","SABD0002000012","AAV2.0.0.13","4.0.0.2323","PSt7-10","171027-008","9/15/2022 2:43:31 PM","0000-00","0","no battery","V","","µV","","µV"
"10/14/2022","12:39:15","7","default","171425599","OXY_CH7","42.053","min","197.351","μmol/L","Humid","21.061","deg","94962","µV","27.159","°C","1020.000","hPa","36.0","pmil","0","55.700","deg","20.000","°C","100.000","%a.s.","22.210","deg","20.000","°C","971.000","hPa","0.826","-0.01532","0.000401","-0.00012","0","11.08","Humid","30.45","0","49.40","253236.88","SABD0002000012","AAV2.0.0.13","4.0.0.2323","PSt7-10","171027-008","9/15/2022 2:43:31 PM","0000-00","0","no battery","V","","µV","","µV"
"10/14/2022","12:39:16","7","default","171425599","OXY_CH7","42.069","min","197.368","μmol/L","Humid","21.060","deg","94963","µV","27.159","°C","1020.000","hPa","36.0","pmil","0","55.700","deg","20.000","°C","100.000","%a.s.","22.210","deg","20.000","°C","971.000","hPa","0.826","-0.01532","0.000401","-0.00012","0","11.08","Humid","30.45","0","49.40","253228.75","SABD0002000012","AAV2.0.0.13","4.0.0.2323","PSt7-10","171027-008","9/15/2022 2:43:31 PM","0000-00","0","no battery","V","","µV","","µV"
"10/14/2022","12:39:17","7","default","171425599","OXY_CH7","42.086","min","197.351","μmol/L","Humid","21.061","deg","94964","µV","27.159","°C","1020.000","hPa","36.0","pmil","0","55.700","deg","20.000","°C","100.000","%a.s.","22.210","deg","20.000","°C","971.000","hPa","0.826","-0.01532","0.000401","-0.00012","0","11.08","Humid","30.45","0","49.40","253233.03","SABD0002000012","AAV2.0.0.13","4.0.0.2323","PSt7-10","171027-008","9/15/2022 2:43:31 PM","0000-00","0","no battery","V","","µV","","µV"
"10/14/2022","12:39:18","7","default","171425599","OXY_CH7","42.103","min","197.352","μmol/L","Humid","21.063","deg","94964","µV","27.153","°C","1020.000","hPa","36.0","pmil","0","55.700","deg","20.000","°C","100.000","%a.s.","22.210","deg","20.000","°C","971.000","hPa","0.826","-0.01532","0.000401","-0.00012","0","11.08","Humid","30.45","0","49.40","253231.59","SABD0002000012","AAV2.0.0.13","4.0.0.2323","PSt7-10","171027-008","9/15/2022 2:43:31 PM","0000-00","0","no battery","V","","µV","","µV"
"10/14/2022","12:39:19","7","default","171425599","OXY_CH7","42.120","min","197.368","μmol/L","Humid","21.060","deg","94969","µV","27.159","°C","1020.000","hPa","36.0","pmil","0","55.700","deg","20.000","°C","100.000","%a.s.","22.210","deg","20.000","°C","971.000","hPa","0.826","-0.01532","0.000401","-0.00012","0","11.08","Humid","30.45","0","49.40","253233.99","SABD0002000012","AAV2.0.0.13","4.0.0.2323","PSt7-10","171027-008","9/15/2022 2:43:31 PM","0000-00","0","no battery","V","","µV","","µV"
"10/14/2022","12:39:20","7","default","171425599","OXY_CH7","42.136","min","197.334","μmol/L","Humid","21.064","deg","94968","µV","27.153","°C","1020.000","hPa","36.0","pmil","0","55.700","deg","20.000","°C","100.000","%a.s.","22.210","deg","20.000","°C","971.000","hPa","0.826","-0.01532","0.000401","-0.00012","0","11.08","Humid","30.45","0","49.40","253225.59","SABD0002000012","AAV2.0.0.13","4.0.0.2323","PSt7-10","171027-008","9/15/2022 2:43:31 PM","0000-00","0","no battery","V","","µV","","µV"
"10/14/2022","12:39:21","7","default","171425599","OXY_CH7","42.152","min","197.351","μmol/L","Humid","21.061","deg","94963","µV","27.159","°C","1020.000","hPa","36.0","pmil","0","55.700","deg","20.000","°C","100.000","%a.s.","22.210","deg","20.000","°C","971.000","hPa","0.826","-0.01532","0.000401","-0.00012","0","11.08","Humid","30.45","0","49.40","253228.35","SABD0002000012","AAV2.0.0.13","4.0.0.2323","PSt7-10","171027-008","9/15/2022 2:43:31 PM","0000-00","0","no battery","V","","µV","","µV"
"10/14/2022","12:39:22","7","default","171425599","OXY_CH7","42.169","min","197.299","μmol/L","Humid","21.066","deg","94978","µV","27.153","°C","1020.000","hPa","36.0","pmil","0","55.700","deg","20.000","°C","100.000","%a.s.","22.210","deg","20.000","°C","971.000","hPa","0.826","-0.01532","0.000401","-0.00012","0","11.08","Humid","30.45","0","49.40","253234.96","SABD0002000012","AAV2.0.0.13","4.0.0.2323","PSt7-10","171027-008","9/15/2022 2:43:31 PM","0000-00","0","no battery","V","","µV","","µV"
"10/14/2022","12:39:23","7","default","171425599","OXY_CH7","42.186","min","197.387","μmol/L","Humid","21.061","deg","94982","µV","27.153","°C","1020.000","hPa","36.0","pmil","0","55.700","deg","20.000","°C","100.000","%a.s.","22.210","deg","20.000","°C","971.000","hPa","0.826","-0.01532","0.000401","-0.00012","0","11.08","Humid","30.45","0","49.40","253238.90","SABD0002000012","AAV2.0.0.13","4.0.0.2323","PSt7-10","171027-008","9/15/2022 2:43:31 PM","0000-00","0","no battery","V","","µV","","µV"
"10/14/2022","12:39:24","7","default","171425599","OXY_CH7","42.203","min","197.334","μmol/L","Humid","21.064","deg","94984","µV","27.153","°C","1020.000","hPa","36.0","pmil","0","55.700","deg","20.000","°C","100.000","%a.s.","22.210","deg","20.000","°C","971.000","hPa","0.826","-0.01532","0.000401","-0.00012","0","11.08","Humid","30.45","0","49.40","253233.98","SABD0002000012","AAV2.0.0.13","4.0.0.2323","PSt7-10","171027-008","9/15/2022 2:43:31 PM","0000-00","0","no battery","V","","µV","","µV"
"10/14/2022","12:39:25","7","default","171425599","OXY_CH7","42.219","min","197.264","μmol/L","Humid","21.068","deg","94982","µV","27.153","°C","1020.000","hPa","36.0","pmil","0","55.700","deg","20.000","°C","100.000","%a.s.","22.210","deg","20.000","°C","971.000","hPa","0.826","-0.01532","0.000401","-0.00012","0","11.08","Humid","30.45","0","49.40","253239.78","SABD0002000012","AAV2.0.0.13","4.0.0.2323","PSt7-10","171027-008","9/15/2022 2:43:31 PM","0000-00","0","no battery","V","","µV","","µV"
"10/14/2022","12:39:26","7","default","171425599","OXY_CH7","42.236","min","197.264","μmol/L","Humid","21.068","deg","94980","µV","27.153","°C","1020.000","hPa","36.0","pmil","0","55.700","deg","20.000","°C","100.000","%a.s.","22.210","deg","20.000","°C","971.000","hPa","0.826","-0.01532","0.000401","-0.00012","0","11.08","Humid","30.45","0","49.40","253235.62","SABD0002000012","AAV2.0.0.13","4.0.0.2323","PSt7-10","171027-008","9/15/2022 2:43:31 PM","0000-00","0","no battery","V","","µV","","µV"
"10/14/2022","12:39:27","7","default","171425599","OXY_CH7","42.253","min","197.265","μmol/L","Humid","21.070","deg","94980","µV","27.147","°C","1020.000","hPa","36.0","pmil","0","55.700","deg","20.000","°C","100.000","%a.s.","22.210","deg","20.000","°C","971.000","hPa","0.826","-0.01532","0.000401","-0.00012","0","11.08","Humid","30.45","0","49.40","253231.54","SABD0002000012","AAV2.0.0.13","4.0.0.2323","PSt7-10","171027-008","9/15/2022 2:43:31 PM","0000-00","0","no battery","V","","µV","","µV"
"10/14/2022","12:39:28","7","default","171425599","OXY_CH7","42.270","min","197.299","μmol/L","Humid","21.066","deg","94987","µV","27.153","°C","1020.000","hPa","36.0","pmil","0","55.700","deg","20.000","°C","100.000","%a.s.","22.210","deg","20.000","°C","971.000","hPa","0.826","-0.01532","0.000401","-0.00012","0","11.08","Humid","30.45","0","49.40","253244.09","SABD0002000012","AAV2.0.0.13","4.0.0.2323","PSt7-10","171027-008","9/15/2022 2:43:31 PM","0000-00","0","no battery","V","","µV","","µV"
"10/14/2022","12:39:29","7","default","171425599","OXY_CH7","42.286","min","197.317","μmol/L","Humid","21.065","deg","94987","µV","27.153","°C","1020.000","hPa","36.0","pmil","0","55.700","deg","20.000","°C","100.000","%a.s.","22.210","deg","20.000","°C","971.000","hPa","0.826","-0.01532","0.000401","-0.00012","0","11.08","Humid","30.45","0","49.40","253241.94","SABD0002000012","AAV2.0.0.13","4.0.0.2323","PSt7-10","171027-008","9/15/2022 2:43:31 PM","0000-00","0","no battery","V","","µV","","µV"
"10/14/2022","12:39:30","7","default","171425599","OXY_CH7","42.302","min","197.211","μmol/L","Humid","21.071","deg","94984","µV","27.153","°C","1020.000","hPa","36.0","pmil","0","55.700","deg","20.000","°C","100.000","%a.s.","22.210","deg","20.000","°C","971.000","hPa","0.826","-0.01532","0.000401","-0.00012","0","11.08","Humid","30.45","0","49.40","253214.92","SABD0002000012","AAV2.0.0.13","4.0.0.2323","PSt7-10","171027-008","9/15/2022 2:43:31 PM","0000-00","0","no battery","V","","µV","","µV"
"10/14/2022","12:39:31","7","default","171425599","OXY_CH7","42.319","min","197.211","μmol/L","Humid","21.071","deg","94991","µV","27.153","°C","1020.000","hPa","36.0","pmil","0","55.700","deg","20.000","°C","100.000","%a.s.","22.210","deg","20.000","°C","971.000","hPa","0.826","-0.01532","0.000401","-0.00012","0","11.08","Humid","30.45","0","49.40","253247.71","SABD0002000012","AAV2.0.0.13","4.0.0.2323","PSt7-10","171027-008","9/15/2022 2:43:31 PM","0000-00","0","no battery","V","","µV","","µV"
"10/14/2022","12:39:32","7","default","171425599","OXY_CH7","42.336","min","197.192","μmol/L","Humid","21.068","deg","94994","µV","27.165","°C","1020.000","hPa","36.0","pmil","0","55.700","deg","20.000","°C","100.000","%a.s.","22.210","deg","20.000","°C","971.000","hPa","0.826","-0.01532","0.000401","-0.00012","0","11.08","Humid","30.45","0","49.40","253228.30","SABD0002000012","AAV2.0.0.13","4.0.0.2323","PSt7-10","171027-008","9/15/2022 2:43:31 PM","0000-00","0","no battery","V","","µV","","µV"
"10/14/2022","12:39:33","7","default","171425599","OXY_CH7","42.352","min","197.211","μmol/L","Humid","21.071","deg","95001","µV","27.153","°C","1020.000","hPa","36.0","pmil","0","55.700","deg","20.000","°C","100.000","%a.s.","22.210","deg","20.000","°C","971.000","hPa","0.826","-0.01532","0.000401","-0.00012","0","11.08","Humid","30.45","0","49.40","253227.51","SABD0002000012","AAV2.0.0.13","4.0.0.2323","PSt7-10","171027-008","9/15/2022 2:43:31 PM","0000-00","0","no battery","V","","µV","","µV"
"10/14/2022","12:39:34","7","default","171425599","OXY_CH7","42.369","min","197.245","μmol/L","Humid","21.067","deg","95003","µV","27.159","°C","1020.000","hPa","36.0","pmil","0","55.700","deg","20.000","°C","100.000","%a.s.","22.210","deg","20.000","°C","971.000","hPa","0.826","-0.01532","0.000401","-0.00012","0","11.08","Humid","30.45","0","49.40","253243.26","SABD0002000012","AAV2.0.0.13","4.0.0.2323","PSt7-10","171027-008","9/15/2022 2:43:31 PM","0000-00","0","no battery","V","","µV","","µV"
"10/14/2022","12:39:35","7","default","171425599","OXY_CH7","42.386","min","197.139","μmol/L","Humid","21.071","deg","95002","µV","27.165","°C","1020.000","hPa","36.0","pmil","0","55.700","deg","20.000","°C","100.000","%a.s.","22.210","deg","20.000","°C","971.000","hPa","0.826","-0.01532","0.000401","-0.00012","0","11.08","Humid","30.45","0","49.40","253234.11","SABD0002000012","AAV2.0.0.13","4.0.0.2323","PSt7-10","171027-008","9/15/2022 2:43:31 PM","0000-00","0","no battery","V","","µV","","µV"
"10/14/2022","12:39:36","7","default","171425599","OXY_CH7","42.403","min","197.229","μmol/L","Humid","21.070","deg","95006","µV","27.153","°C","1020.000","hPa","36.0","pmil","0","55.700","deg","20.000","°C","100.000","%a.s.","22.210","deg","20.000","°C","971.000","hPa","0.826","-0.01532","0.000401","-0.00012","0","11.08","Humid","30.45","0","49.40","253226.01","SABD0002000012","AAV2.0.0.13","4.0.0.2323","PSt7-10","171027-008","9/15/2022 2:43:31 PM","0000-00","0","no battery","V","","µV","","µV"
"10/14/2022","12:39:37","7","default","171425599","OXY_CH7","42.420","min","197.247","μmol/L","Humid","21.069","deg","95004","µV","27.153","°C","1020.000","hPa","36.0","pmil","0","55.700","deg","20.000","°C","100.000","%a.s.","22.210","deg","20.000","°C","971.000","hPa","0.826","-0.01532","0.000401","-0.00012","0","11.08","Humid","30.45","0","49.40","253239.87","SABD0002000012","AAV2.0.0.13","4.0.0.2323","PSt7-10","171027-008","9/15/2022 2:43:31 PM","0000-00","0","no battery","V","","µV","","µV"
"10/14/2022","12:39:38","7","default","171425599","OXY_CH7","42.436","min","197.121","μmol/L","Humid","21.072","deg","95007","µV","27.165","°C","1020.000","hPa","36.0","pmil","0","55.700","deg","20.000","°C","100.000","%a.s.","22.210","deg","20.000","°C","971.000","hPa","0.826","-0.01532","0.000401","-0.00012","0","11.08","Humid","30.45","0","49.40","253229.12","SABD0002000012","AAV2.0.0.13","4.0.0.2323","PSt7-10","171027-008","9/15/2022 2:43:31 PM","0000-00","0","no battery","V","","µV","","µV"
"10/14/2022","12:39:39","7","default","171425599","OXY_CH7","42.453","min","197.159","μmol/L","Humid","21.074","deg","95014","µV","27.153","°C","1020.000","hPa","36.0","pmil","0","55.700","deg","20.000","°C","100.000","%a.s.","22.210","deg","20.000","°C","971.000","hPa","0.826","-0.01532","0.000401","-0.00012","0","11.08","Humid","30.45","0","49.40","253226.04","SABD0002000012","AAV2.0.0.13","4.0.0.2323","PSt7-10","171027-008","9/15/2022 2:43:31 PM","0000-00","0","no battery","V","","µV","","µV"
"10/14/2022","12:39:40","7","default","171425599","OXY_CH7","42.470","min","197.178","μmol/L","Humid","21.075","deg","95008","µV","27.147","°C","1020.000","hPa","36.0","pmil","0","55.700","deg","20.000","°C","100.000","%a.s.","22.210","deg","20.000","°C","971.000","hPa","0.826","-0.01532","0.000401","-0.00012","0","11.08","Humid","30.45","0","49.40","253223.73","SABD0002000012","AAV2.0.0.13","4.0.0.2323","PSt7-10","171027-008","9/15/2022 2:43:31 PM","0000-00","0","no battery","V","","µV","","µV"
"10/14/2022","12:39:41","7","default","171425599","OXY_CH7","42.486","min","197.211","μmol/L","Humid","21.071","deg","95011","µV","27.153","°C","1020.000","hPa","36.0","pmil","0","55.700","deg","20.000","°C","100.000","%a.s.","22.210","deg","20.000","°C","971.000","hPa","0.826","-0.01532","0.000401","-0.00012","0","11.08","Humid","30.45","0","49.40","253224.57","SABD0002000012","AAV2.0.0.13","4.0.0.2323","PSt7-10","171027-008","9/15/2022 2:43:31 PM","0000-00","0","no battery","V","","µV","","µV"
"10/14/2022","12:39:42","7","default","171425599","OXY_CH7","42.502","min","197.140","μmol/L","Humid","21.073","deg","95014","µV","27.159","°C","1020.000","hPa","36.0","pmil","0","55.700","deg","20.000","°C","100.000","%a.s.","22.210","deg","20.000","°C","971.000","hPa","0.826","-0.01532","0.000401","-0.00012","0","11.08","Humid","30.45","0","49.40","253217.30","SABD0002000012","AAV2.0.0.13","4.0.0.2323","PSt7-10","171027-008","9/15/2022 2:43:31 PM","0000-00","0","no battery","V","","µV","","µV"
"10/14/2022","12:39:43","7","default","171425599","OXY_CH7","42.519","min","197.176","μmol/L","Humid","21.073","deg","95015","µV","27.153","°C","1020.000","hPa","36.0","pmil","0","55.700","deg","20.000","°C","100.000","%a.s.","22.210","deg","20.000","°C","971.000","hPa","0.826","-0.01532","0.000401","-0.00012","0","11.08","Humid","30.45","0","49.40","253224.92","SABD0002000012","AAV2.0.0.13","4.0.0.2323","PSt7-10","171027-008","9/15/2022 2:43:31 PM","0000-00","0","no battery","V","","µV","","µV"
"10/14/2022","12:39:44","7","default","171425599","OXY_CH7","42.536","min","197.018","μmol/L","Humid","21.080","deg","95019","µV","27.159","°C","1020.000","hPa","36.0","pmil","0","55.700","deg","20.000","°C","100.000","%a.s.","22.210","deg","20.000","°C","971.000","hPa","0.826","-0.01532","0.000401","-0.00012","0","11.08","Humid","30.45","0","49.40","253235.69","SABD0002000012","AAV2.0.0.13","4.0.0.2323","PSt7-10","171027-008","9/15/2022 2:43:31 PM","0000-00","0","no battery","V","","µV","","µV"
"10/14/2022","12:39:45","7","default","171425599","OXY_CH7","42.553","min","197.088","μmol/L","Humid","21.076","deg","95025","µV","27.159","°C","1020.000","hPa","36.0","pmil","0","55.700","deg","20.000","°C","100.000","%a.s.","22.210","deg","20.000","°C","971.000","hPa","0.826","-0.01532","0.000401","-0.00012","0","11.08","Humid","30.45","0","49.40","253236.21","SABD0002000012","AAV2.0.0.13","4.0.0.2323","PSt7-10","171027-008","9/15/2022 2:43:31 PM","0000-00","0","no battery","V","","µV","","µV"
"10/14/2022","12:39:46","7","default","171425599","OXY_CH7","42.569","min","197.105","μmol/L","Humid","21.075","deg","95025","µV","27.159","°C","1020.000","hPa","36.0","pmil","0","55.700","deg","20.000","°C","100.000","%a.s.","22.210","deg","20.000","°C","971.000","hPa","0.826","-0.01532","0.000401","-0.00012","0","11.08","Humid","30.45","0","49.40","253229.56","SABD0002000012","AAV2.0.0.13","4.0.0.2323","PSt7-10","171027-008","9/15/2022 2:43:31 PM","0000-00","0","no battery","V","","µV","","µV"
"10/14/2022","12:39:47","7","default","171425599","OXY_CH7","42.586","min","197.143","μmol/L","Humid","21.077","deg","95026","µV","27.147","°C","1020.000","hPa","36.0","pmil","0","55.700","deg","20.000","°C","100.000","%a.s.","22.210","deg","20.000","°C","971.000","hPa","0.826","-0.01532","0.000401","-0.00012","0","11.08","Humid","30.45","0","49.40","253243.96","SABD0002000012","AAV2.0.0.13","4.0.0.2323","PSt7-10","171027-008","9/15/2022 2:43:31 PM","0000-00","0","no battery","V","","µV","","µV"
"10/14/2022","12:39:48","7","default","171425599","OXY_CH7","42.603","min","197.125","μmol/L","Humid","21.078","deg","95028","µV","27.147","°C","1020.000","hPa","36.0","pmil","0","55.700","deg","20.000","°C","100.000","%a.s.","22.210","deg","20.000","°C","971.000","hPa","0.826","-0.01532","0.000401","-0.00012","0","11.08","Humid","30.45","0","49.40","253241.41","SABD0002000012","AAV2.0.0.13","4.0.0.2323","PSt7-10","171027-008","9/15/2022 2:43:31 PM","0000-00","0","no battery","V","","µV","","µV"
"10/14/2022","12:39:49","7","default","171425599","OXY_CH7","42.620","min","197.194","μmol/L","Humid","21.072","deg","95028","µV","27.153","°C","1020.000","hPa","36.0","pmil","0","55.700","deg","20.000","°C","100.000","%a.s.","22.210","deg","20.000","°C","971.000","hPa","0.826","-0.01532","0.000401","-0.00012","0","11.08","Humid","30.45","0","49.40","253224.40","SABD0002000012","AAV2.0.0.13","4.0.0.2323","PSt7-10","171027-008","9/15/2022 2:43:31 PM","0000-00","0","no battery","V","","µV","","µV"
"10/14/2022","12:39:50","7","default","171425599","OXY_CH7","42.637","min","197.195","μmol/L","Humid","21.074","deg","95030","µV","27.147","°C","1020.000","hPa","36.0","pmil","0","55.700","deg","20.000","°C","100.000","%a.s.","22.210","deg","20.000","°C","971.000","hPa","0.826","-0.01532","0.000401","-0.00012","0","11.08","Humid","30.45","0","49.40","253239.85","SABD0002000012","AAV2.0.0.13","4.0.0.2323","PSt7-10","171027-008","9/15/2022 2:43:31 PM","0000-00","0","no battery","V","","µV","","µV"
"10/14/2022","12:39:51","7","default","171425599","OXY_CH7","42.652","min","197.035","μmol/L","Humid","21.079","deg","95037","µV","27.159","°C","1020.000","hPa","36.0","pmil","0","55.700","deg","20.000","°C","100.000","%a.s.","22.210","deg","20.000","°C","971.000","hPa","0.826","-0.01532","0.000401","-0.00012","0","11.08","Humid","30.45","0","49.40","253229.83","SABD0002000012","AAV2.0.0.13","4.0.0.2323","PSt7-10","171027-008","9/15/2022 2:43:31 PM","0000-00","0","no battery","V","","µV","","µV"
"10/14/2022","12:39:52","7","default","171425599","OXY_CH7","42.669","min","197.088","μmol/L","Humid","21.076","deg","95041","µV","27.159","°C","1020.000","hPa","36.0","pmil","0","55.700","deg","20.000","°C","100.000","%a.s.","22.210","deg","20.000","°C","971.000","hPa","0.826","-0.01532","0.000401","-0.00012","0","11.08","Humid","30.45","0","49.40","253235.95","SABD0002000012","AAV2.0.0.13","4.0.0.2323","PSt7-10","171027-008","9/15/2022 2:43:31 PM","0000-00","0","no battery","V","","µV","","µV"
"10/14/2022","12:39:53","7","default","171425599","OXY_CH7","42.686","min","197.069","μmol/L","Humid","21.075","deg","95034","µV","27.165","°C","1020.000","hPa","36.0","pmil","0","55.700","deg","20.000","°C","100.000","%a.s.","22.210","deg","20.000","°C","971.000","hPa","0.826","-0.01532","0.000401","-0.00012","0","11.08","Humid","30.45","0","49.40","253226.37","SABD0002000012","AAV2.0.0.13","4.0.0.2323","PSt7-10","171027-008","9/15/2022 2:43:31 PM","0000-00","0","no battery","V","","µV","","µV"
"10/14/2022","12:39:54","7","default","171425599","OXY_CH7","42.703","min","197.036","μmol/L","Humid","21.081","deg","95038","µV","27.153","°C","1020.000","hPa","36.0","pmil","0","55.700","deg","20.000","°C","100.000","%a.s.","22.210","deg","20.000","°C","971.000","hPa","0.826","-0.01532","0.000401","-0.00012","0","11.08","Humid","30.45","0","49.40","253234.20","SABD0002000012","AAV2.0.0.13","4.0.0.2323","PSt7-10","171027-008","9/15/2022 2:43:31 PM","0000-00","0","no battery","V","","µV","","µV"
"10/14/2022","12:39:55","7","default","171425599","OXY_CH7","42.720","min","197.019","μmol/L","Humid","21.082","deg","95044","µV","27.153","°C","1020.000","hPa","36.0","pmil","0","55.700","deg","20.000","°C","100.000","%a.s.","22.210","deg","20.000","°C","971.000","hPa","0.826","-0.01532","0.000401","-0.00012","0","11.08","Humid","30.45","0","49.40","253221.55","SABD0002000012","AAV2.0.0.13","4.0.0.2323","PSt7-10","171027-008","9/15/2022 2:43:31 PM","0000-00","0","no battery","V","","µV","","µV"
"10/14/2022","12:39:56","7","default","171425599","OXY_CH7","42.736","min","196.948","μmol/L","Humid","21.084","deg","95043","µV","27.159","°C","1020.000","hPa","36.0","pmil","0","55.700","deg","20.000","°C","100.000","%a.s.","22.210","deg","20.000","°C","971.000","hPa","0.826","-0.01532","0.000401","-0.00012","0","11.08","Humid","30.45","0","49.40","253221.62","SABD0002000012","AAV2.0.0.13","4.0.0.2323","PSt7-10","171027-008","9/15/2022 2:43:31 PM","0000-00","0","no battery","V","","µV","","µV"
"10/14/2022","12:39:57","7","default","171425599","OXY_CH7","42.753","min","197.019","μmol/L","Humid","21.082","deg","95045","µV","27.153","°C","1020.000","hPa","36.0","pmil","0","55.700","deg","20.000","°C","100.000","%a.s.","22.210","deg","20.000","°C","971.000","hPa","0.826","-0.01532","0.000401","-0.00012","0","11.08","Humid","30.45","0","49.40","253226.45","SABD0002000012","AAV2.0.0.13","4.0.0.2323","PSt7-10","171027-008","9/15/2022 2:43:31 PM","0000-00","0","no battery","V","","µV","","µV"
"10/14/2022","12:39:58","7","default","171425599","OXY_CH7","42.770","min","197.054","μmol/L","Humid","21.080","deg","95051","µV","27.153","°C","1020.000","hPa","36.0","pmil","0","55.700","deg","20.000","°C","100.000","%a.s.","22.210","deg","20.000","°C","971.000","hPa","0.826","-0.01532","0.000401","-0.00012","0","11.08","Humid","30.45","0","49.40","253231.26","SABD0002000012","AAV2.0.0.13","4.0.0.2323","PSt7-10","171027-008","9/15/2022 2:43:31 PM","0000-00","0","no battery","V","","µV","","µV"
"10/14/2022","12:39:59","7","default","171425599","OXY_CH7","42.786","min","197.071","μmol/L","Humid","21.079","deg","95053","µV","27.153","°C","1020.000","hPa","36.0","pmil","0","55.700","deg","20.000","°C","100.000","%a.s.","22.210","deg","20.000","°C","971.000","hPa","0.826","-0.01532","0.000401","-0.00012","0","11.08","Humid","30.45","0","49.40","253229.10","SABD0002000012","AAV2.0.0.13","4.0.0.2323","PSt7-10","171027-008","9/15/2022 2:43:31 PM","0000-00","0","no battery","V","","µV","","µV"
"10/14/2022","12:40:00","7","default","171425599","OXY_CH7","42.802","min","197.000","μmol/L","Humid","21.081","deg","95049","µV","27.159","°C","1020.000","hPa","36.0","pmil","0","55.700","deg","20.000","°C","100.000","%a.s.","22.210","deg","20.000","°C","971.000","hPa","0.826","-0.01532","0.000401","-0.00012","0","11.08","Humid","30.45","0","49.40","253227.48","SABD0002000012","AAV2.0.0.13","4.0.0.2323","PSt7-10","171027-008","9/15/2022 2:43:31 PM","0000-00","0","no battery","V","","µV","","µV"
"10/14/2022","12:40:01","7","default","171425599","OXY_CH7","42.819","min","197.001","μmol/L","Humid","21.083","deg","95052","µV","27.153","°C","1020.000","hPa","36.0","pmil","0","55.700","deg","20.000","°C","100.000","%a.s.","22.210","deg","20.000","°C","971.000","hPa","0.826","-0.01532","0.000401","-0.00012","0","11.08","Humid","30.45","0","49.40","253223.62","SABD0002000012","AAV2.0.0.13","4.0.0.2323","PSt7-10","171027-008","9/15/2022 2:43:31 PM","0000-00","0","no battery","V","","µV","","µV"
"10/14/2022","12:40:02","7","default","171425599","OXY_CH7","42.836","min","196.930","μmol/L","Humid","21.085","deg","95057","µV","27.159","°C","1020.000","hPa","36.0","pmil","0","55.700","deg","20.000","°C","100.000","%a.s.","22.210","deg","20.000","°C","971.000","hPa","0.826","-0.01532","0.000401","-0.00012","0","11.08","Humid","30.45","0","49.40","253240.76","SABD0002000012","AAV2.0.0.13","4.0.0.2323","PSt7-10","171027-008","9/15/2022 2:43:31 PM","0000-00","0","no battery","V","","µV","","µV"
"10/14/2022","12:40:03","7","default","171425599","OXY_CH7","42.853","min","197.020","μmol/L","Humid","21.084","deg","95061","µV","27.147","°C","1020.000","hPa","36.0","pmil","0","55.700","deg","20.000","°C","100.000","%a.s.","22.210","deg","20.000","°C","971.000","hPa","0.826","-0.01532","0.000401","-0.00012","0","11.08","Humid","30.45","0","49.40","253231.65","SABD0002000012","AAV2.0.0.13","4.0.0.2323","PSt7-10","171027-008","9/15/2022 2:43:31 PM","0000-00","0","no battery","V","","µV","","µV"
"10/14/2022","12:40:04","7","default","171425599","OXY_CH7","42.869","min","196.983","μmol/L","Humid","21.082","deg","95061","µV","27.159","°C","1020.000","hPa","36.0","pmil","0","55.700","deg","20.000","°C","100.000","%a.s.","22.210","deg","20.000","°C","971.000","hPa","0.826","-0.01532","0.000401","-0.00012","0","11.08","Humid","30.45","0","49.40","253230.55","SABD0002000012","AAV2.0.0.13","4.0.0.2323","PSt7-10","171027-008","9/15/2022 2:43:31 PM","0000-00","0","no battery","V","","µV","","µV"
"10/14/2022","12:40:05","7","default","171425599","OXY_CH7","42.886","min","196.880","μmol/L","Humid","21.092","deg","95064","µV","27.147","°C","1020.000","hPa","36.0","pmil","0","55.700","deg","20.000","°C","100.000","%a.s.","22.210","deg","20.000","°C","971.000","hPa","0.826","-0.01532","0.000401","-0.00012","0","11.08","Humid","30.45","0","49.40","253227.09","SABD0002000012","AAV2.0.0.13","4.0.0.2323","PSt7-10","171027-008","9/15/2022 2:43:31 PM","0000-00","0","no battery","V","","µV","","µV"
"10/14/2022","12:40:06","7","default","171425599","OXY_CH7","42.903","min","196.931","μmol/L","Humid","21.087","deg","95066","µV","27.153","°C","1020.000","hPa","36.0","pmil","0","55.700","deg","20.000","°C","100.000","%a.s.","22.210","deg","20.000","°C","971.000","hPa","0.826","-0.01532","0.000401","-0.00012","0","11.08","Humid","30.45","0","49.40","253232.12","SABD0002000012","AAV2.0.0.13","4.0.0.2323","PSt7-10","171027-008","9/15/2022 2:43:31 PM","0000-00","0","no battery","V","","µV","","µV"
"10/14/2022","12:40:07","7","default","171425599","OXY_CH7","42.920","min","196.984","μmol/L","Humid","21.084","deg","95062","µV","27.153","°C","1020.000","hPa","36.0","pmil","0","55.700","deg","20.000","°C","100.000","%a.s.","22.210","deg","20.000","°C","971.000","hPa","0.826","-0.01532","0.000401","-0.00012","0","11.08","Humid","30.45","0","49.40","253222.13","SABD0002000012","AAV2.0.0.13","4.0.0.2323","PSt7-10","171027-008","9/15/2022 2:43:31 PM","0000-00","0","no battery","V","","µV","","µV"
"10/14/2022","12:40:08","7","default","171425599","OXY_CH7","42.936","min","196.984","μmol/L","Humid","21.084","deg","95075","µV","27.153","°C","1020.000","hPa","36.0","pmil","0","55.700","deg","20.000","°C","100.000","%a.s.","22.210","deg","20.000","°C","971.000","hPa","0.826","-0.01532","0.000401","-0.00012","0","11.08","Humid","30.45","0","49.40","253225.58","SABD0002000012","AAV2.0.0.13","4.0.0.2323","PSt7-10","171027-008","9/15/2022 2:43:31 PM","0000-00","0","no battery","V","","µV","","µV"
"10/14/2022","12:40:09","7","default","171425599","OXY_CH7","42.952","min","196.930","μmol/L","Humid","21.085","deg","95064","µV","27.159","°C","1020.000","hPa","36.0","pmil","0","55.700","deg","20.000","°C","100.000","%a.s.","22.210","deg","20.000","°C","971.000","hPa","0.826","-0.01532","0.000401","-0.00012","0","11.08","Humid","30.45","0","49.40","253228.43","SABD0002000012","AAV2.0.0.13","4.0.0.2323","PSt7-10","171027-008","9/15/2022 2:43:31 PM","0000-00","0","no battery","V","","µV","","µV"
"10/14/2022","12:40:10","7","default","171425599","OXY_CH7","42.969","min","196.949","μmol/L","Humid","21.086","deg","95072","µV","27.153","°C","1020.000","hPa","36.0","pmil","0","55.700","deg","20.000","°C","100.000","%a.s.","22.210","deg","20.000","°C","971.000","hPa","0.826","-0.01532","0.000401","-0.00012","0","11.08","Humid","30.45","0","49.40","253231.24","SABD0002000012","AAV2.0.0.13","4.0.0.2323","PSt7-10","171027-008","9/15/2022 2:43:31 PM","0000-00","0","no battery","V","","µV","","µV"
"10/14/2022","12:40:11","7","default","171425599","OXY_CH7","42.986","min","196.949","μmol/L","Humid","21.086","deg","95075","µV","27.153","°C","1020.000","hPa","36.0","pmil","0","55.700","deg","20.000","°C","100.000","%a.s.","22.210","deg","20.000","°C","971.000","hPa","0.826","-0.01532","0.000401","-0.00012","0","11.08","Humid","30.45","0","49.40","253232.82","SABD0002000012","AAV2.0.0.13","4.0.0.2323","PSt7-10","171027-008","9/15/2022 2:43:31 PM","0000-00","0","no battery","V","","µV","","µV"
"10/14/2022","12:40:12","7","default","171425599","OXY_CH7","43.003","min","196.861","μmol/L","Humid","21.091","deg","95070","µV","27.153","°C","1020.000","hPa","36.0","pmil","0","55.700","deg","20.000","°C","100.000","%a.s.","22.210","deg","20.000","°C","971.000","hPa","0.826","-0.01532","0.000401","-0.00012","0","11.08","Humid","30.45","0","49.40","253234.72","SABD0002000012","AAV2.0.0.13","4.0.0.2323","PSt7-10","171027-008","9/15/2022 2:43:31 PM","0000-00","0","no battery","V","","µV","","µV"
"10/14/2022","12:40:13","7","default","171425599","OXY_CH7","43.020","min","196.825","μmol/L","Humid","21.091","deg","95086","µV","27.159","°C","1020.000","hPa","36.0","pmil","0","55.700","deg","20.000","°C","100.000","%a.s.","22.210","deg","20.000","°C","971.000","hPa","0.826","-0.01532","0.000401","-0.00012","0","11.08","Humid","30.45","0","49.40","253243.04","SABD0002000012","AAV2.0.0.13","4.0.0.2323","PSt7-10","171027-008","9/15/2022 2:43:31 PM","0000-00","0","no battery","V","","µV","","µV"
"10/14/2022","12:40:14","7","default","171425599","OXY_CH7","43.036","min","196.879","μmol/L","Humid","21.090","deg","95077","µV","27.153","°C","1020.000","hPa","36.0","pmil","0","55.700","deg","20.000","°C","100.000","%a.s.","22.210","deg","20.000","°C","971.000","hPa","0.826","-0.01532","0.000401","-0.00012","0","11.08","Humid","30.45","0","49.40","253234.06","SABD0002000012","AAV2.0.0.13","4.0.0.2323","PSt7-10","171027-008","9/15/2022 2:43:31 PM","0000-00","0","no battery","V","","µV","","µV"
"10/14/2022","12:40:15","7","default","171425599","OXY_CH7","43.053","min","196.933","μmol/L","Humid","21.089","deg","95082","µV","27.147","°C","1020.000","hPa","36.0","pmil","0","55.700","deg","20.000","°C","100.000","%a.s.","22.210","deg","20.000","°C","971.000","hPa","0.826","-0.01532","0.000401","-0.00012","0","11.08","Humid","30.45","0","49.40","253243.32","SABD0002000012","AAV2.0.0.13","4.0.0.2323","PSt7-10","171027-008","9/15/2022 2:43:31 PM","0000-00","0","no battery","V","","µV","","µV"
"10/14/2022","12:40:16","7","default","171425599","OXY_CH7","43.070","min","196.755","μmol/L","Humid","21.095","deg","95088","µV","27.159","°C","1020.000","hPa","36.0","pmil","0","55.700","deg","20.000","°C","100.000","%a.s.","22.210","deg","20.000","°C","971.000","hPa","0.826","-0.01532","0.000401","-0.00012","0","11.08","Humid","30.45","0","49.40","253235.27","SABD0002000012","AAV2.0.0.13","4.0.0.2323","PSt7-10","171027-008","9/15/2022 2:43:31 PM","0000-00","0","no battery","V","","µV","","µV"
"10/14/2022","12:40:17","7","default","171425599","OXY_CH7","43.086","min","196.790","μmol/L","Humid","21.093","deg","95086","µV","27.159","°C","1020.000","hPa","36.0","pmil","0","55.700","deg","20.000","°C","100.000","%a.s.","22.210","deg","20.000","°C","971.000","hPa","0.826","-0.01532","0.000401","-0.00012","0","11.08","Humid","30.45","0","49.40","253244.39","SABD0002000012","AAV2.0.0.13","4.0.0.2323","PSt7-10","171027-008","9/15/2022 2:43:31 PM","0000-00","0","no battery","V","","µV","","µV"
"10/14/2022","12:40:18","7","default","171425599","OXY_CH7","43.102","min","196.878","μmol/L","Humid","21.088","deg","95087","µV","27.159","°C","1020.000","hPa","36.0","pmil","0","55.700","deg","20.000","°C","100.000","%a.s.","22.210","deg","20.000","°C","971.000","hPa","0.826","-0.01532","0.000401","-0.00012","0","11.08","Humid","30.45","0","49.40","253236.84","SABD0002000012","AAV2.0.0.13","4.0.0.2323","PSt7-10","171027-008","9/15/2022 2:43:31 PM","0000-00","0","no battery","V","","µV","","µV"
"10/14/2022","12:40:19","7","default","171425599","OXY_CH7","43.119","min","196.844","μmol/L","Humid","21.092","deg","95088","µV","27.153","°C","1020.000","hPa","36.0","pmil","0","55.700","deg","20.000","°C","100.000","%a.s.","22.210","deg","20.000","°C","971.000","hPa","0.826","-0.01532","0.000401","-0.00012","0","11.08","Humid","30.45","0","49.40","253231.71","SABD0002000012","AAV2.0.0.13","4.0.0.2323","PSt7-10","171027-008","9/15/2022 2:43:31 PM","0000-00","0","no battery","V","","µV","","µV"
"10/14/2022","12:40:20","7","default","171425599","OXY_CH7","43.136","min","196.826","μmol/L","Humid","21.093","deg","95094","µV","27.153","°C","1020.000","hPa","36.0","pmil","0","55.700","deg","20.000","°C","100.000","%a.s.","22.210","deg","20.000","°C","971.000","hPa","0.826","-0.01532","0.000401","-0.00012","0","11.08","Humid","30.45","0","49.40","253229.49","SABD0002000012","AAV2.0.0.13","4.0.0.2323","PSt7-10","171027-008","9/15/2022 2:43:31 PM","0000-00","0","no battery","V","","µV","","µV"
"10/14/2022","12:40:21","7","default","171425599","OXY_CH7","43.153","min","196.773","μmol/L","Humid","21.094","deg","95097","µV","27.159","°C","1020.000","hPa","36.0","pmil","0","55.700","deg","20.000","°C","100.000","%a.s.","22.210","deg","20.000","°C","971.000","hPa","0.826","-0.01532","0.000401","-0.00012","0","11.08","Humid","30.45","0","49.40","253242.34","SABD0002000012","AAV2.0.0.13","4.0.0.2323","PSt7-10","171027-008","9/15/2022 2:43:31 PM","0000-00","0","no battery","V","","µV","","µV"
"10/14/2022","12:40:22","7","default","171425599","OXY_CH7","43.170","min","196.809","μmol/L","Humid","21.094","deg","95098","µV","27.153","°C","1020.000","hPa","36.0","pmil","0","55.700","deg","20.000","°C","100.000","%a.s.","22.210","deg","20.000","°C","971.000","hPa","0.826","-0.01532","0.000401","-0.00012","0","11.08","Humid","30.45","0","49.40","253246.53","SABD0002000012","AAV2.0.0.13","4.0.0.2323","PSt7-10","171027-008","9/15/2022 2:43:31 PM","0000-00","0","no battery","V","","µV","","µV"
"10/14/2022","12:40:23","7","default","171425599","OXY_CH7","43.187","min","196.773","μmol/L","Humid","21.094","deg","95102","µV","27.159","°C","1020.000","hPa","36.0","pmil","0","55.700","deg","20.000","°C","100.000","%a.s.","22.210","deg","20.000","°C","971.000","hPa","0.826","-0.01532","0.000401","-0.00012","0","11.08","Humid","30.45","0","49.40","253232.05","SABD0002000012","AAV2.0.0.13","4.0.0.2323","PSt7-10","171027-008","9/15/2022 2:43:31 PM","0000-00","0","no battery","V","","µV","","µV"
"10/14/2022","12:40:24","7","default","171425599","OXY_CH7","43.203","min","196.755","μmol/L","Humid","21.095","deg","95098","µV","27.159","°C","1020.000","hPa","36.0","pmil","0","55.700","deg","20.000","°C","100.000","%a.s.","22.210","deg","20.000","°C","971.000","hPa","0.826","-0.01532","0.000401","-0.00012","0","11.08","Humid","30.45","0","49.40","253227.55","SABD0002000012","AAV2.0.0.13","4.0.0.2323","PSt7-10","171027-008","9/15/2022 2:43:31 PM","0000-00","0","no battery","V","","µV","","µV"
"10/14/2022","12:40:25","7","default","171425599","OXY_CH7","43.219","min","196.755","μmol/L","Humid","21.095","deg","95102","µV","27.159","°C","1020.000","hPa","36.0","pmil","0","55.700","deg","20.000","°C","100.000","%a.s.","22.210","deg","20.000","°C","971.000","hPa","0.826","-0.01532","0.000401","-0.00012","0","11.08","Humid","30.45","0","49.40","253234.03","SABD0002000012","AAV2.0.0.13","4.0.0.2323","PSt7-10","171027-008","9/15/2022 2:43:31 PM","0000-00","0","no battery","V","","µV","","µV"
"10/14/2022","12:40:26","7","default","171425599","OXY_CH7","43.236","min","196.755","μmol/L","Humid","21.095","deg","95105","µV","27.159","°C","1020.000","hPa","36.0","pmil","0","55.700","deg","20.000","°C","100.000","%a.s.","22.210","deg","20.000","°C","971.000","hPa","0.826","-0.01532","0.000401","-0.00012","0","11.08","Humid","30.45","0","49.40","253230.27","SABD0002000012","AAV2.0.0.13","4.0.0.2323","PSt7-10","171027-008","9/15/2022 2:43:31 PM","0000-00","0","no battery","V","","µV","","µV"
"10/14/2022","12:40:27","7","default","171425599","OXY_CH7","43.253","min","196.722","μmol/L","Humid","21.099","deg","95101","µV","27.153","°C","1020.000","hPa","36.0","pmil","0","55.700","deg","20.000","°C","100.000","%a.s.","22.210","deg","20.000","°C","971.000","hPa","0.826","-0.01532","0.000401","-0.00012","0","11.08","Humid","30.45","0","49.40","253229.88","SABD0002000012","AAV2.0.0.13","4.0.0.2323","PSt7-10","171027-008","9/15/2022 2:43:31 PM","0000-00","0","no battery","V","","µV","","µV"
"10/14/2022","12:40:28","7","default","171425599","OXY_CH7","43.269","min","196.757","μmol/L","Humid","21.097","deg","95104","µV","27.153","°C","1020.000","hPa","36.0","pmil","0","55.700","deg","20.000","°C","100.000","%a.s.","22.210","deg","20.000","°C","971.000","hPa","0.826","-0.01532","0.000401","-0.00012","0","11.08","Humid","30.45","0","49.40","253227.00","SABD0002000012","AAV2.0.0.13","4.0.0.2323","PSt7-10","171027-008","9/15/2022 2:43:31 PM","0000-00","0","no battery","V","","µV","","µV"
"10/14/2022","12:40:29","7","default","171425599","OXY_CH7","43.286","min","196.723","μmol/L","Humid","21.101","deg","95116","µV","27.147","°C","1020.000","hPa","36.0","pmil","0","55.700","deg","20.000","°C","100.000","%a.s.","22.210","deg","20.000","°C","971.000","hPa","0.826","-0.01532","0.000401","-0.00012","0","11.08","Humid","30.45","0","49.40","253229.14","SABD0002000012","AAV2.0.0.13","4.0.0.2323","PSt7-10","171027-008","9/15/2022 2:43:31 PM","0000-00","0","no battery","V","","µV","","µV"
"10/14/2022","12:40:30","7","default","171425599","OXY_CH7","43.303","min","196.739","μmol/L","Humid","21.098","deg","95110","µV","27.153","°C","1020.000","hPa","36.0","pmil","0","55.700","deg","20.000","°C","100.000","%a.s.","22.210","deg","20.000","°C","971.000","hPa","0.826","-0.01532","0.000401","-0.00012","0","11.08","Humid","30.45","0","49.40","253227.98","SABD0002000012","AAV2.0.0.13","4.0.0.2323","PSt7-10","171027-008","9/15/2022 2:43:31 PM","0000-00","0","no battery","V","","µV","","µV"
"10/14/2022","12:40:31","7","default","171425599","OXY_CH7","43.320","min","196.774","μmol/L","Humid","21.096","deg","95120","µV","27.153","°C","1020.000","hPa","36.0","pmil","0","55.700","deg","20.000","°C","100.000","%a.s.","22.210","deg","20.000","°C","971.000","hPa","0.826","-0.01532","0.000401","-0.00012","0","11.08","Humid","30.45","0","49.40","253237.90","SABD0002000012","AAV2.0.0.13","4.0.0.2323","PSt7-10","171027-008","9/15/2022 2:43:31 PM","0000-00","0","no battery","V","","µV","","µV"
"10/14/2022","12:40:32","7","default","171425599","OXY_CH7","43.336","min","196.704","μmol/L","Humid","21.100","deg","95121","µV","27.153","°C","1020.000","hPa","36.0","pmil","0","55.700","deg","20.000","°C","100.000","%a.s.","22.210","deg","20.000","°C","971.000","hPa","0.826","-0.01532","0.000401","-0.00012","0","11.08","Humid","30.45","0","49.40","253231.18","SABD0002000012","AAV2.0.0.13","4.0.0.2323","PSt7-10","171027-008","9/15/2022 2:43:31 PM","0000-00","0","no battery","V","","µV","","µV"
"10/14/2022","12:40:33","7","default","171425599","OXY_CH7","43.353","min","196.723","μmol/L","Humid","21.101","deg","95127","µV","27.147","°C","1020.000","hPa","36.0","pmil","0","55.700","deg","20.000","°C","100.000","%a.s.","22.210","deg","20.000","°C","971.000","hPa","0.826","-0.01532","0.000401","-0.00012","0","11.08","Humid","30.45","0","49.40","253237.03","SABD0002000012","AAV2.0.0.13","4.0.0.2323","PSt7-10","171027-008","9/15/2022 2:43:31 PM","0000-00","0","no battery","V","","µV","","µV"
"10/14/2022","12:40:34","7","default","171425599","OXY_CH7","43.370","min","196.723","μmol/L","Humid","21.101","deg","95129","µV","27.147","°C","1020.000","hPa","36.0","pmil","0","55.700","deg","20.000","°C","100.000","%a.s.","22.210","deg","20.000","°C","971.000","hPa","0.826","-0.01532","0.000401","-0.00012","0","11.08","Humid","30.45","0","49.40","253233.19","SABD0002000012","AAV2.0.0.13","4.0.0.2323","PSt7-10","171027-008","9/15/2022 2:43:31 PM","0000-00","0","no battery","V","","µV","","µV"
"10/14/2022","12:40:35","7","default","171425599","OXY_CH7","43.386","min","196.669","μmol/L","Humid","21.102","deg","95121","µV","27.153","°C","1020.000","hPa","36.0","pmil","0","55.700","deg","20.000","°C","100.000","%a.s.","22.210","deg","20.000","°C","971.000","hPa","0.826","-0.01532","0.000401","-0.00012","0","11.08","Humid","30.45","0","49.40","253225.74","SABD0002000012","AAV2.0.0.13","4.0.0.2323","PSt7-10","171027-008","9/15/2022 2:43:31 PM","0000-00","0","no battery","V","","µV","","µV"
"10/14/2022","12:40:36","7","default","171425599","OXY_CH7","43.402","min","196.722","μmol/L","Humid","21.099","deg","95125","µV","27.153","°C","1020.000","hPa","36.0","pmil","0","55.700","deg","20.000","°C","100.000","%a.s.","22.210","deg","20.000","°C","971.000","hPa","0.826","-0.01532","0.000401","-0.00012","0","11.08","Humid","30.45","0","49.40","253221.39","SABD0002000012","AAV2.0.0.13","4.0.0.2323","PSt7-10","171027-008","9/15/2022 2:43:31 PM","0000-00","0","no battery","V","","µV","","µV"
"10/14/2022","12:40:37","7","default","171425599","OXY_CH7","43.419","min","196.599","μmol/L","Humid","21.106","deg","95123","µV","27.153","°C","1020.000","hPa","36.0","pmil","0","55.700","deg","20.000","°C","100.000","%a.s.","22.210","deg","20.000","°C","971.000","hPa","0.826","-0.01532","0.000401","-0.00012","0","11.08","Humid","30.45","0","49.40","253223.46","SABD0002000012","AAV2.0.0.13","4.0.0.2323","PSt7-10","171027-008","9/15/2022 2:43:31 PM","0000-00","0","no battery","V","","µV","","µV"
"10/14/2022","12:40:38","7","default","171425599","OXY_CH7","43.436","min","196.616","μmol/L","Humid","21.103","deg","95136","µV","27.159","°C","1020.000","hPa","36.0","pmil","0","55.700","deg","20.000","°C","100.000","%a.s.","22.210","deg","20.000","°C","971.000","hPa","0.826","-0.01532","0.000401","-0.00012","0","11.08","Humid","30.45","0","49.40","253232.88","SABD0002000012","AAV2.0.0.13","4.0.0.2323","PSt7-10","171027-008","9/15/2022 2:43:31 PM","0000-00","0","no battery","V","","µV","","µV"
"10/14/2022","12:40:39","7","default","171425599","OXY_CH7","43.453","min","196.722","μmol/L","Humid","21.099","deg","95131","µV","27.153","°C","1020.000","hPa","36.0","pmil","0","55.700","deg","20.000","°C","100.000","%a.s.","22.210","deg","20.000","°C","971.000","hPa","0.826","-0.01532","0.000401","-0.00012","0","11.08","Humid","30.45","0","49.40","253237.15","SABD0002000012","AAV2.0.0.13","4.0.0.2323","PSt7-10","171027-008","9/15/2022 2:43:31 PM","0000-00","0","no battery","V","","µV","","µV"
"10/14/2022","12:40:40","7","default","171425599","OXY_CH7","43.470","min","196.633","μmol/L","Humid","21.102","deg","95136","µV","27.159","°C","1020.000","hPa","36.0","pmil","0","55.700","deg","20.000","°C","100.000","%a.s.","22.210","deg","20.000","°C","971.000","hPa","0.826","-0.01532","0.000401","-0.00012","0","11.08","Humid","30.45","0","49.40","253225.59","SABD0002000012","AAV2.0.0.13","4.0.0.2323","PSt7-10","171027-008","9/15/2022 2:43:31 PM","0000-00","0","no battery","V","","µV","","µV"
"10/14/2022","12:40:41","7","default","171425599","OXY_CH7","43.486","min","196.616","μmol/L","Humid","21.103","deg","95137","µV","27.159","°C","1020.000","hPa","36.0","pmil","0","55.700","deg","20.000","°C","100.000","%a.s.","22.210","deg","20.000","°C","971.000","hPa","0.826","-0.01532","0.000401","-0.00012","0","11.08","Humid","30.45","0","49.40","253230.35","SABD0002000012","AAV2.0.0.13","4.0.0.2323","PSt7-10","171027-008","9/15/2022 2:43:31 PM","0000-00","0","no battery","V","","µV","","µV"
"10/14/2022","12:40:42","7","default","171425599","OXY_CH7","43.503","min","196.599","μmol/L","Humid","21.106","deg","95148","µV","27.153","°C","1020.000","hPa","36.0","pmil","0","55.700","deg","20.000","°C","100.000","%a.s.","22.210","deg","20.000","°C","971.000","hPa","0.826","-0.01532","0.000401","-0.00012","0","11.08","Humid","30.45","0","49.40","253227.24","SABD0002000012","AAV2.0.0.13","4.0.0.2323","PSt7-10","171027-008","9/15/2022 2:43:31 PM","0000-00","0","no battery","V","","µV","","µV"
"10/14/2022","12:40:43","7","default","171425599","OXY_CH7","43.519","min","196.617","μmol/L","Humid","21.105","deg","95145","µV","27.153","°C","1020.000","hPa","36.0","pmil","0","55.700","deg","20.000","°C","100.000","%a.s.","22.210","deg","20.000","°C","971.000","hPa","0.826","-0.01532","0.000401","-0.00012","0","11.08","Humid","30.45","0","49.40","253231.03","SABD0002000012","AAV2.0.0.13","4.0.0.2323","PSt7-10","171027-008","9/15/2022 2:43:31 PM","0000-00","0","no battery","V","","µV","","µV"
"10/14/2022","12:40:44","7","default","171425599","OXY_CH7","43.536","min","196.599","μmol/L","Humid","21.106","deg","95148","µV","27.153","°C","1020.000","hPa","36.0","pmil","0","55.700","deg","20.000","°C","100.000","%a.s.","22.210","deg","20.000","°C","971.000","hPa","0.826","-0.01532","0.000401","-0.00012","0","11.08","Humid","30.45","0","49.40","253235.99","SABD0002000012","AAV2.0.0.13","4.0.0.2323","PSt7-10","171027-008","9/15/2022 2:43:31 PM","0000-00","0","no battery","V","","µV","","µV"
"10/14/2022","12:40:45","7","default","171425599","OXY_CH7","43.553","min","196.598","μmol/L","Humid","21.104","deg","95152","µV","27.159","°C","1020.000","hPa","36.0","pmil","0","55.700","deg","20.000","°C","100.000","%a.s.","22.210","deg","20.000","°C","971.000","hPa","0.826","-0.01532","0.000401","-0.00012","0","11.08","Humid","30.45","0","49.40","253236.62","SABD0002000012","AAV2.0.0.13","4.0.0.2323","PSt7-10","171027-008","9/15/2022 2:43:31 PM","0000-00","0","no battery","V","","µV","","µV"
"10/14/2022","12:40:46","7","default","171425599","OXY_CH7","43.569","min","196.582","μmol/L","Humid","21.107","deg","95151","µV","27.153","°C","1020.000","hPa","36.0","pmil","0","55.700","deg","20.000","°C","100.000","%a.s.","22.210","deg","20.000","°C","971.000","hPa","0.826","-0.01532","0.000401","-0.00012","0","11.08","Humid","30.45","0","49.40","253236.17","SABD0002000012","AAV2.0.0.13","4.0.0.2323","PSt7-10","171027-008","9/15/2022 2:43:31 PM","0000-00","0","no battery","V","","µV","","µV"
"10/14/2022","12:40:47","7","default","171425599","OXY_CH7","43.586","min","196.599","μmol/L","Humid","21.106","deg","95153","µV","27.153","°C","1020.000","hPa","36.0","pmil","0","55.700","deg","20.000","°C","100.000","%a.s.","22.210","deg","20.000","°C","971.000","hPa","0.826","-0.01532","0.000401","-0.00012","0","11.08","Humid","30.45","0","49.40","253221.89","SABD0002000012","AAV2.0.0.13","4.0.0.2323","PSt7-10","171027-008","9/15/2022 2:43:31 PM","0000-00","0","no battery","V","","µV","","µV"
"10/14/2022","12:40:48","7","default","171425599","OXY_CH7","43.603","min","196.546","μmol/L","Humid","21.107","deg","95149","µV","27.159","°C","1020.000","hPa","36.0","pmil","0","55.700","deg","20.000","°C","100.000","%a.s.","22.210","deg","20.000","°C","971.000","hPa","0.826","-0.01532","0.000401","-0.00012","0","11.08","Humid","30.45","0","49.40","253229.17","SABD0002000012","AAV2.0.0.13","4.0.0.2323","PSt7-10","171027-008","9/15/2022 2:43:31 PM","0000-00","0","no battery","V","","µV","","µV"
"10/14/2022","12:40:49","7","default","171425599","OXY_CH7","43.620","min","196.530","μmol/L","Humid","21.110","deg","95151","µV","27.153","°C","1020.000","hPa","36.0","pmil","0","55.700","deg","20.000","°C","100.000","%a.s.","22.210","deg","20.000","°C","971.000","hPa","0.826","-0.01532","0.000401","-0.00012","0","11.08","Humid","30.45","0","49.40","253217.08","SABD0002000012","AAV2.0.0.13","4.0.0.2323","PSt7-10","171027-008","9/15/2022 2:43:31 PM","0000-00","0","no battery","V","","µV","","µV"
"10/14/2022","12:40:50","7","default","171425599","OXY_CH7","43.636","min","196.424","μmol/L","Humid","21.114","deg","95159","µV","27.159","°C","1020.000","hPa","36.0","pmil","0","55.700","deg","20.000","°C","100.000","%a.s.","22.210","deg","20.000","°C","971.000","hPa","0.826","-0.01532","0.000401","-0.00012","0","11.08","Humid","30.45","0","49.40","253218.07","SABD0002000012","AAV2.0.0.13","4.0.0.2323","PSt7-10","171027-008","9/15/2022 2:43:31 PM","0000-00","0","no battery","V","","µV","","µV"
"10/14/2022","12:40:51","7","default","171425599","OXY_CH7","43.653","min","196.563","μmol/L","Humid","21.106","deg","95159","µV","27.159","°C","1020.000","hPa","36.0","pmil","0","55.700","deg","20.000","°C","100.000","%a.s.","22.210","deg","20.000","°C","971.000","hPa","0.826","-0.01532","0.000401","-0.00012","0","11.08","Humid","30.45","0","49.40","253222.17","SABD0002000012","AAV2.0.0.13","4.0.0.2323","PSt7-10","171027-008","9/15/2022 2:43:31 PM","0000-00","0","no battery","V","","µV","","µV"
"10/14/2022","12:40:52","7","default","171425599","OXY_CH7","43.669","min","196.528","μmol/L","Humid","21.108","deg","95155","µV","27.159","°C","1020.000","hPa","36.0","pmil","0","55.700","deg","20.000","°C","100.000","%a.s.","22.210","deg","20.000","°C","971.000","hPa","0.826","-0.01532","0.000401","-0.00012","0","11.08","Humid","30.45","0","49.40","253228.34","SABD0002000012","AAV2.0.0.13","4.0.0.2323","PSt7-10","171027-008","9/15/2022 2:43:31 PM","0000-00","0","no battery","V","","µV","","µV"
"10/14/2022","12:40:53","7","default","171425599","OXY_CH7","43.686","min","196.530","μmol/L","Humid","21.110","deg","95163","µV","27.153","°C","1020.000","hPa","36.0","pmil","0","55.700","deg","20.000","°C","100.000","%a.s.","22.210","deg","20.000","°C","971.000","hPa","0.826","-0.01532","0.000401","-0.00012","0","11.08","Humid","30.45","0","49.40","253224.62","SABD0002000012","AAV2.0.0.13","4.0.0.2323","PSt7-10","171027-008","9/15/2022 2:43:31 PM","0000-00","0","no battery","V","","µV","","µV"
"10/14/2022","12:40:54","7","default","171425599","OXY_CH7","43.702","min","196.582","μmol/L","Humid","21.107","deg","95161","µV","27.153","°C","1020.000","hPa","36.0","pmil","0","55.700","deg","20.000","°C","100.000","%a.s.","22.210","deg","20.000","°C","971.000","hPa","0.826","-0.01532","0.000401","-0.00012","0","11.08","Humid","30.45","0","49.40","253218.79","SABD0002000012","AAV2.0.0.13","4.0.0.2323","PSt7-10","171027-008","9/15/2022 2:43:31 PM","0000-00","0","no battery","V","","µV","","µV"
"10/14/2022","12:40:55","7","default","171425599","OXY_CH7","43.719","min","196.441","μmol/L","Humid","21.113","deg","95164","µV","27.159","°C","1020.000","hPa","36.0","pmil","0","55.700","deg","20.000","°C","100.000","%a.s.","22.210","deg","20.000","°C","971.000","hPa","0.826","-0.01532","0.000401","-0.00012","0","11.08","Humid","30.45","0","49.40","253216.16","SABD0002000012","AAV2.0.0.13","4.0.0.2323","PSt7-10","171027-008","9/15/2022 2:43:31 PM","0000-00","0","no battery","V","","µV","","µV"
"10/14/2022","12:40:56","7","default","171425599","OXY_CH7","43.736","min","196.440","μmol/L","Humid","21.111","deg","95168","µV","27.165","°C","1020.000","hPa","36.0","pmil","0","55.700","deg","20.000","°C","100.000","%a.s.","22.210","deg","20.000","°C","971.000","hPa","0.826","-0.01532","0.000401","-0.00012","0","11.08","Humid","30.45","0","49.40","253210.27","SABD0002000012","AAV2.0.0.13","4.0.0.2323","PSt7-10","171027-008","9/15/2022 2:43:31 PM","0000-00","0","no battery","V","","µV","","µV"
"10/14/2022","12:40:57","7","default","171425599","OXY_CH7","43.753","min","196.513","μmol/L","Humid","21.113","deg","95176","µV","27.147","°C","1020.000","hPa","36.0","pmil","0","55.700","deg","20.000","°C","100.000","%a.s.","22.210","deg","20.000","°C","971.000","hPa","0.826","-0.01532","0.000401","-0.00012","0","11.08","Humid","30.45","0","49.40","253215.22","SABD0002000012","AAV2.0.0.13","4.0.0.2323","PSt7-10","171027-008","9/15/2022 2:43:31 PM","0000-00","0","no battery","V","","µV","","µV"
"10/14/2022","12:40:58","7","default","171425599","OXY_CH7","43.770","min","196.389","μmol/L","Humid","21.116","deg","95167","µV","27.159","°C","1020.000","hPa","36.0","pmil","0","55.700","deg","20.000","°C","100.000","%a.s.","22.210","deg","20.000","°C","971.000","hPa","0.826","-0.01532","0.000401","-0.00012","0","11.08","Humid","30.45","0","49.40","253227.23","SABD0002000012","AAV2.0.0.13","4.0.0.2323","PSt7-10","171027-008","9/15/2022 2:43:31 PM","0000-00","0","no battery","V","","µV","","µV"
"10/14/2022","12:40:59","7","default","171425599","OXY_CH7","43.786","min","196.477","μmol/L","Humid","21.113","deg","95181","µV","27.153","°C","1020.000","hPa","36.0","pmil","0","55.700","deg","20.000","°C","100.000","%a.s.","22.210","deg","20.000","°C","971.000","hPa","0.826","-0.01532","0.000401","-0.00012","0","11.08","Humid","30.45","0","49.40","253221.18","SABD0002000012","AAV2.0.0.13","4.0.0.2323","PSt7-10","171027-008","9/15/2022 2:43:31 PM","0000-00","0","no battery","V","","µV","","µV"
"10/14/2022","12:41:00","7","default","171425599","OXY_CH7","43.803","min","196.424","μmol/L","Humid","21.114","deg","95179","µV","27.159","°C","1020.000","hPa","36.0","pmil","0","55.700","deg","20.000","°C","100.000","%a.s.","22.210","deg","20.000","°C","971.000","hPa","0.826","-0.01532","0.000401","-0.00012","0","11.08","Humid","30.45","0","49.40","253236.59","SABD0002000012","AAV2.0.0.13","4.0.0.2323","PSt7-10","171027-008","9/15/2022 2:43:31 PM","0000-00","0","no battery","V","","µV","","µV"
"10/14/2022","12:41:01","7","default","171425599","OXY_CH7","43.819","min","196.460","μmol/L","Humid","21.114","deg","95181","µV","27.153","°C","1020.000","hPa","36.0","pmil","0","55.700","deg","20.000","°C","100.000","%a.s.","22.210","deg","20.000","°C","971.000","hPa","0.826","-0.01532","0.000401","-0.00012","0","11.08","Humid","30.45","0","49.40","253225.65","SABD0002000012","AAV2.0.0.13","4.0.0.2323","PSt7-10","171027-008","9/15/2022 2:43:31 PM","0000-00","0","no battery","V","","µV","","µV"
"10/14/2022","12:41:02","7","default","171425599","OXY_CH7","43.836","min","196.495","μmol/L","Humid","21.112","deg","95179","µV","27.153","°C","1020.000","hPa","36.0","pmil","0","55.700","deg","20.000","°C","100.000","%a.s.","22.210","deg","20.000","°C","971.000","hPa","0.826","-0.01532","0.000401","-0.00012","0","11.08","Humid","30.45","0","49.40","253214.70","SABD0002000012","AAV2.0.0.13","4.0.0.2323","PSt7-10","171027-008","9/15/2022 2:43:31 PM","0000-00","0","no battery","V","","µV","","µV"
"10/14/2022","12:41:03","7","default","171425599","OXY_CH7","43.853","min","196.408","μmol/L","Humid","21.117","deg","95190","µV","27.153","°C","1020.000","hPa","36.0","pmil","0","55.700","deg","20.000","°C","100.000","%a.s.","22.210","deg","20.000","°C","971.000","hPa","0.826","-0.01532","0.000401","-0.00012","0","11.08","Humid","30.45","0","49.40","253218.83","SABD0002000012","AAV2.0.0.13","4.0.0.2323","PSt7-10","171027-008","9/15/2022 2:43:31 PM","0000-00","0","no battery","V","","µV","","µV"
"10/14/2022","12:41:04","7","default","171425599","OXY_CH7","43.869","min","196.425","μmol/L","Humid","21.116","deg","95187","µV","27.153","°C","1020.000","hPa","36.0","pmil","0","55.700","deg","20.000","°C","100.000","%a.s.","22.210","deg","20.000","°C","971.000","hPa","0.826","-0.01532","0.000401","-0.00012","0","11.08","Humid","30.45","0","49.40","253214.19","SABD0002000012","AAV2.0.0.13","4.0.0.2323","PSt7-10","171027-008","9/15/2022 2:43:31 PM","0000-00","0","no battery","V","","µV","","µV"
"10/14/2022","12:41:05","7","default","171425599","OXY_CH7","43.886","min","196.389","μmol/L","Humid","21.116","deg","95185","µV","27.159","°C","1020.000","hPa","36.0","pmil","0","55.700","deg","20.000","°C","100.000","%a.s.","22.210","deg","20.000","°C","971.000","hPa","0.826","-0.01532","0.000401","-0.00012","0","11.08","Humid","30.45","0","49.40","253213.88","SABD0002000012","AAV2.0.0.13","4.0.0.2323","PSt7-10","171027-008","9/15/2022 2:43:31 PM","0000-00","0","no battery","V","","µV","","µV"
"10/14/2022","12:41:06","7","default","171425599","OXY_CH7","43.903","min","196.426","μmol/L","Humid","21.118","deg","95197","µV","27.147","°C","1020.000","hPa","36.0","pmil","0","55.700","deg","20.000","°C","100.000","%a.s.","22.210","deg","20.000","°C","971.000","hPa","0.826","-0.01532","0.000401","-0.00012","0","11.08","Humid","30.45","0","49.40","253215.70","SABD0002000012","AAV2.0.0.13","4.0.0.2323","PSt7-10","171027-008","9/15/2022 2:43:31 PM","0000-00","0","no battery","V","","µV","","µV"
"10/14/2022","12:41:07","7","default","171425599","OXY_CH7","43.920","min","196.389","μmol/L","Humid","21.116","deg","95192","µV","27.159","°C","1020.000","hPa","36.0","pmil","0","55.700","deg","20.000","°C","100.000","%a.s.","22.210","deg","20.000","°C","971.000","hPa","0.826","-0.01532","0.000401","-0.00012","0","11.08","Humid","30.45","0","49.40","253210.29","SABD0002000012","AAV2.0.0.13","4.0.0.2323","PSt7-10","171027-008","9/15/2022 2:43:31 PM","0000-00","0","no battery","V","","µV","","µV"
"10/14/2022","12:41:08","7","default","171425599","OXY_CH7","43.936","min","196.355","μmol/L","Humid","21.120","deg","95189","µV","27.153","°C","1020.000","hPa","36.0","pmil","0","55.700","deg","20.000","°C","100.000","%a.s.","22.210","deg","20.000","°C","971.000","hPa","0.826","-0.01532","0.000401","-0.00012","0","11.08","Humid","30.45","0","49.40","253218.98","SABD0002000012","AAV2.0.0.13","4.0.0.2323","PSt7-10","171027-008","9/15/2022 2:43:31 PM","0000-00","0","no battery","V","","µV","","µV"
"10/14/2022","12:41:09","7","default","171425599","OXY_CH7","43.953","min","196.425","μmol/L","Humid","21.116","deg","95197","µV","27.153","°C","1020.000","hPa","36.0","pmil","0","55.700","deg","20.000","°C","100.000","%a.s.","22.210","deg","20.000","°C","971.000","hPa","0.826","-0.01532","0.000401","-0.00012","0","11.08","Humid","30.45","0","49.40","253218.50","SABD0002000012","AAV2.0.0.13","4.0.0.2323","PSt7-10","171027-008","9/15/2022 2:43:31 PM","0000-00","0","no battery","V","","µV","","µV"
"10/14/2022","12:41:10","7","default","171425599","OXY_CH7","43.969","min","196.391","μmol/L","Humid","21.120","deg","95203","µV","27.147","°C","1020.000","hPa","36.0","pmil","0","55.700","deg","20.000","°C","100.000","%a.s.","22.210","deg","20.000","°C","971.000","hPa","0.826","-0.01532","0.000401","-0.00012","0","11.08","Humid","30.45","0","49.40","253218.30","SABD0002000012","AAV2.0.0.13","4.0.0.2323","PSt7-10","171027-008","9/15/2022 2:43:31 PM","0000-00","0","no battery","V","","µV","","µV"
"10/14/2022","12:41:11","7","default","171425599","OXY_CH7","43.986","min","196.354","μmol/L","Humid","21.118","deg","95198","µV","27.159","°C","1020.000","hPa","36.0","pmil","0","55.700","deg","20.000","°C","100.000","%a.s.","22.210","deg","20.000","°C","971.000","hPa","0.826","-0.01532","0.000401","-0.00012","0","11.08","Humid","30.45","0","49.40","253212.03","SABD0002000012","AAV2.0.0.13","4.0.0.2323","PSt7-10","171027-008","9/15/2022 2:43:31 PM","0000-00","0","no battery","V","","µV","","µV"
"10/14/2022","12:41:12","7","default","171425599","OXY_CH7","44.003","min","196.373","μmol/L","Humid","21.119","deg","95206","µV","27.153","°C","1020.000","hPa","36.0","pmil","0","55.700","deg","20.000","°C","100.000","%a.s.","22.210","deg","20.000","°C","971.000","hPa","0.826","-0.01532","0.000401","-0.00012","0","11.08","Humid","30.45","0","49.40","253219.86","SABD0002000012","AAV2.0.0.13","4.0.0.2323","PSt7-10","171027-008","9/15/2022 2:43:31 PM","0000-00","0","no battery","V","","µV","","µV"
"10/14/2022","12:41:13","7","default","171425599","OXY_CH7","44.019","min","196.338","μmol/L","Humid","21.121","deg","95209","µV","27.153","°C","1020.000","hPa","36.0","pmil","0","55.700","deg","20.000","°C","100.000","%a.s.","22.210","deg","20.000","°C","971.000","hPa","0.826","-0.01532","0.000401","-0.00012","0","11.08","Humid","30.45","0","49.40","253220.27","SABD0002000012","AAV2.0.0.13","4.0.0.2323","PSt7-10","171027-008","9/15/2022 2:43:31 PM","0000-00","0","no battery","V","","µV","","µV"
"10/14/2022","12:41:14","7","default","171425599","OXY_CH7","44.036","min","196.373","μmol/L","Humid","21.119","deg","95211","µV","27.153","°C","1020.000","hPa","36.0","pmil","0","55.700","deg","20.000","°C","100.000","%a.s.","22.210","deg","20.000","°C","971.000","hPa","0.826","-0.01532","0.000401","-0.00012","0","11.08","Humid","30.45","0","49.40","253207.43","SABD0002000012","AAV2.0.0.13","4.0.0.2323","PSt7-10","171027-008","9/15/2022 2:43:31 PM","0000-00","0","no battery","V","","µV","","µV"
"10/14/2022","12:41:15","7","default","171425599","OXY_CH7","44.053","min","196.355","μmol/L","Humid","21.120","deg","95212","µV","27.153","°C","1020.000","hPa","36.0","pmil","0","55.700","deg","20.000","°C","100.000","%a.s.","22.210","deg","20.000","°C","971.000","hPa","0.826","-0.01532","0.000401","-0.00012","0","11.08","Humid","30.45","0","49.40","253221.08","SABD0002000012","AAV2.0.0.13","4.0.0.2323","PSt7-10","171027-008","9/15/2022 2:43:31 PM","0000-00","0","no battery","V","","µV","","µV"
"10/14/2022","12:41:16","7","default","171425599","OXY_CH7","44.070","min","196.320","μmol/L","Humid","21.122","deg","95210","µV","27.153","°C","1020.000","hPa","36.0","pmil","0","55.700","deg","20.000","°C","100.000","%a.s.","22.210","deg","20.000","°C","971.000","hPa","0.826","-0.01532","0.000401","-0.00012","0","11.08","Humid","30.45","0","49.40","253229.37","SABD0002000012","AAV2.0.0.13","4.0.0.2323","PSt7-10","171027-008","9/15/2022 2:43:31 PM","0000-00","0","no battery","V","","µV","","µV"
"10/14/2022","12:41:17","7","default","171425599","OXY_CH7","44.086","min","196.373","μmol/L","Humid","21.119","deg","95220","µV","27.153","°C","1020.000","hPa","36.0","pmil","0","55.700","deg","20.000","°C","100.000","%a.s.","22.210","deg","20.000","°C","971.000","hPa","0.826","-0.01532","0.000401","-0.00012","0","11.08","Humid","30.45","0","49.40","253215.01","SABD0002000012","AAV2.0.0.13","4.0.0.2323","PSt7-10","171027-008","9/15/2022 2:43:31 PM","0000-00","0","no battery","V","","µV","","µV"
"10/14/2022","12:41:18","7","default","171425599","OXY_CH7","44.103","min","196.320","μmol/L","Humid","21.122","deg","95210","µV","27.153","°C","1020.000","hPa","36.0","pmil","0","55.700","deg","20.000","°C","100.000","%a.s.","22.210","deg","20.000","°C","971.000","hPa","0.826","-0.01532","0.000401","-0.00012","0","11.08","Humid","30.45","0","49.40","253213.38","SABD0002000012","AAV2.0.0.13","4.0.0.2323","PSt7-10","171027-008","9/15/2022 2:43:31 PM","0000-00","0","no battery","V","","µV","","µV"
"10/14/2022","12:41:19","7","default","171425599","OXY_CH7","44.120","min","196.303","μmol/L","Humid","21.123","deg","95220","µV","27.153","°C","1020.000","hPa","36.0","pmil","0","55.700","deg","20.000","°C","100.000","%a.s.","22.210","deg","20.000","°C","971.000","hPa","0.826","-0.01532","0.000401","-0.00012","0","11.08","Humid","30.45","0","49.40","253217.02","SABD0002000012","AAV2.0.0.13","4.0.0.2323","PSt7-10","171027-008","9/15/2022 2:43:31 PM","0000-00","0","no battery","V","","µV","","µV"
"10/14/2022","12:41:20","7","default","171425599","OXY_CH7","44.136","min","196.249","μmol/L","Humid","21.124","deg","95220","µV","27.159","°C","1020.000","hPa","36.0","pmil","0","55.700","deg","20.000","°C","100.000","%a.s.","22.210","deg","20.000","°C","971.000","hPa","0.826","-0.01532","0.000401","-0.00012","0","11.08","Humid","30.45","0","49.40","253212.95","SABD0002000012","AAV2.0.0.13","4.0.0.2323","PSt7-10","171027-008","9/15/2022 2:43:31 PM","0000-00","0","no battery","V","","µV","","µV"
"10/14/2022","12:41:21","7","default","171425599","OXY_CH7","44.153","min","196.268","μmol/L","Humid","21.125","deg","95217","µV","27.153","°C","1020.000","hPa","36.0","pmil","0","55.700","deg","20.000","°C","100.000","%a.s.","22.210","deg","20.000","°C","971.000","hPa","0.826","-0.01532","0.000401","-0.00012","0","11.08","Humid","30.45","0","49.40","253223.74","SABD0002000012","AAV2.0.0.13","4.0.0.2323","PSt7-10","171027-008","9/15/2022 2:43:31 PM","0000-00","0","no battery","V","","µV","","µV"

"Date","Time","delta_t","Device_Serial","Channel","User","Annotation"
