"PreSens Measurement Studio 2","4.0.0.2323",""
"Date","Time","Channel","User","SensorID","Sensor_Name","delta_t","Time_Unit","Value","O2_Unit","Mode","Phase","Phase_Unit","Amplitude","Amplitude_Unit","Temp","Temp_Unit","Pressure","Pressure_Unit","Salinity","Salinity_Unit","Error","Cal0","Cal0_Unit","T0","T0_Unit","O2Cal2nd","O2_Unit","Cal2nd","Cal2nd_Unit","T2nd","T2nd_Unit","CalPressure","CalPressure_Unit","f1","dPhi1","dkSv1","dPhi2","dkSv2","m","Cal_Mode","SignalLEDCurrent","User_Signal_Intensity","ReferenceLEDCurrent","Reference_Amplitude","Device_Serial","FwVersion","SwVersion","Sensor_Type","BatchID","Calibration_Date","Sensor_Lot","PreSens_Calibr","Battery_Voltage","Battery_Voltage_Unit","Cal0_Amplitude","Cal0_Amplitude_Unit","Cal2nd_Amplitude","Cal2nd_Amplitude_Unit"
"11/15/2022","17:20:16","7","default","171425599","OXY_CH7","0.000","min","184.284","μmol/L","Humid","21.241","deg","90815","µV","28.910","°C","1025.000","hPa","36.0","pmil","0","55.700","deg","20.000","°C","100.000","%a.s.","22.210","deg","20.000","°C","971.000","hPa","0.826","-0.01532","0.000401","-0.00012","0","11.08","Humid","30.45","0","49.40","254170.77","SABD0002000012","AAV2.0.0.13","4.0.0.2323","PSt7-10","171027-008","9/15/2022 2:43:31 PM","0000-00","0","no battery","V","","µV","","µV"
"11/15/2022","17:20:17","7","default","171425599","OXY_CH7","0.013","min","184.368","μmol/L","Humid","21.238","deg","90790","µV","28.904","°C","1025.000","hPa","36.0","pmil","0","55.700","deg","20.000","°C","100.000","%a.s.","22.210","deg","20.000","°C","971.000","hPa","0.826","-0.01532","0.000401","-0.00012","0","11.08","Humid","30.45","0","49.40","254099.47","SABD0002000012","AAV2.0.0.13","4.0.0.2323","PSt7-10","171027-008","9/15/2022 2:43:31 PM","0000-00","0","no battery","V","","µV","","µV"
"11/15/2022","17:20:18","7","default","171425599","OXY_CH7","0.030","min","184.349","μmol/L","Humid","21.237","deg","90765","µV","28.910","°C","1025.000","hPa","36.0","pmil","0","55.700","deg","20.000","°C","100.000","%a.s.","22.210","deg","20.000","°C","971.000","hPa","0.826","-0.01532","0.000401","-0.00012","0","11.08","Humid","30.45","0","49.40","254077.11","SABD0002000012","AAV2.0.0.13","4.0.0.2323","PSt7-10","171027-008","9/15/2022 2:43:31 PM","0000-00","0","no battery","V","","µV","","µV"
"11/15/2022","17:20:19","7","default","171425599","OXY_CH7","0.047","min","184.331","μmol/L","Humid","21.236","deg","90790","µV","28.916","°C","1025.000","hPa","36.0","pmil","0","55.700","deg","20.000","°C","100.000","%a.s.","22.210","deg","20.000","°C","971.000","hPa","0.826","-0.01532","0.000401","-0.00012","0","11.08","Humid","30.45","0","49.40","254051.41","SABD0002000012","AAV2.0.0.13","4.0.0.2323","PSt7-10","171027-008","9/15/2022 2:43:31 PM","0000-00","0","no battery","V","","µV","","µV"
"11/15/2022","17:20:20","7","default","171425599","OXY_CH7","0.065","min","184.282","μmol/L","Humid","21.239","deg","90823","µV","28.916","°C","1025.000","hPa","36.0","pmil","0","55.700","deg","20.000","°C","100.000","%a.s.","22.210","deg","20.000","°C","971.000","hPa","0.826","-0.01532","0.000401","-0.00012","0","11.08","Humid","30.45","0","49.40","254045.03","SABD0002000012","AAV2.0.0.13","4.0.0.2323","PSt7-10","171027-008","9/15/2022 2:43:31 PM","0000-00","0","no battery","V","","µV","","µV"
"11/15/2022","17:20:21","7","default","171425599","OXY_CH7","0.081","min","184.298","μmol/L","Humid","21.238","deg","90753","µV","28.916","°C","1025.000","hPa","36.0","pmil","0","55.700","deg","20.000","°C","100.000","%a.s.","22.210","deg","20.000","°C","971.000","hPa","0.826","-0.01532","0.000401","-0.00012","0","11.08","Humid","30.45","0","49.40","254027.13","SABD0002000012","AAV2.0.0.13","4.0.0.2323","PSt7-10","171027-008","9/15/2022 2:43:31 PM","0000-00","0","no battery","V","","µV","","µV"
"11/15/2022","17:20:22","7","default","171425599","OXY_CH7","0.097","min","184.331","μmol/L","Humid","21.236","deg","90750","µV","28.916","°C","1025.000","hPa","36.0","pmil","0","55.700","deg","20.000","°C","100.000","%a.s.","22.210","deg","20.000","°C","971.000","hPa","0.826","-0.01532","0.000401","-0.00012","0","11.08","Humid","30.45","0","49.40","254003.94","SABD0002000012","AAV2.0.0.13","4.0.0.2323","PSt7-10","171027-008","9/15/2022 2:43:31 PM","0000-00","0","no battery","V","","µV","","µV"
"11/15/2022","17:20:23","7","default","171425599","OXY_CH7","0.114","min","184.247","μmol/L","Humid","21.239","deg","90747","µV","28.923","°C","1025.000","hPa","36.0","pmil","0","55.700","deg","20.000","°C","100.000","%a.s.","22.210","deg","20.000","°C","971.000","hPa","0.826","-0.01532","0.000401","-0.00012","0","11.08","Humid","30.45","0","49.40","254002.49","SABD0002000012","AAV2.0.0.13","4.0.0.2323","PSt7-10","171027-008","9/15/2022 2:43:31 PM","0000-00","0","no battery","V","","µV","","µV"
"11/15/2022","17:20:24","7","default","171425599","OXY_CH7","0.131","min","184.249","μmol/L","Humid","21.241","deg","90735","µV","28.916","°C","1025.000","hPa","36.0","pmil","0","55.700","deg","20.000","°C","100.000","%a.s.","22.210","deg","20.000","°C","971.000","hPa","0.826","-0.01532","0.000401","-0.00012","0","11.08","Humid","30.45","0","49.40","254004.41","SABD0002000012","AAV2.0.0.13","4.0.0.2323","PSt7-10","171027-008","9/15/2022 2:43:31 PM","0000-00","0","no battery","V","","µV","","µV"
"11/15/2022","17:20:25","7","default","171425599","OXY_CH7","0.148","min","184.331","μmol/L","Humid","21.236","deg","90731","µV","28.916","°C","1025.000","hPa","36.0","pmil","0","55.700","deg","20.000","°C","100.000","%a.s.","22.210","deg","20.000","°C","971.000","hPa","0.826","-0.01532","0.000401","-0.00012","0","11.08","Humid","30.45","0","49.40","254007.85","SABD0002000012","AAV2.0.0.13","4.0.0.2323","PSt7-10","171027-008","9/15/2022 2:43:31 PM","0000-00","0","no battery","V","","µV","","µV"
"11/15/2022","17:20:26","7","default","171425599","OXY_CH7","0.164","min","184.333","μmol/L","Humid","21.238","deg","90727","µV","28.910","°C","1025.000","hPa","36.0","pmil","0","55.700","deg","20.000","°C","100.000","%a.s.","22.210","deg","20.000","°C","971.000","hPa","0.826","-0.01532","0.000401","-0.00012","0","11.08","Humid","30.45","0","49.40","253995.77","SABD0002000012","AAV2.0.0.13","4.0.0.2323","PSt7-10","171027-008","9/15/2022 2:43:31 PM","0000-00","0","no battery","V","","µV","","µV"
"11/15/2022","17:20:27","7","default","171425599","OXY_CH7","0.180","min","184.300","μmol/L","Humid","21.240","deg","90716","µV","28.910","°C","1025.000","hPa","36.0","pmil","0","55.700","deg","20.000","°C","100.000","%a.s.","22.210","deg","20.000","°C","971.000","hPa","0.826","-0.01532","0.000401","-0.00012","0","11.08","Humid","30.45","0","49.40","253996.17","SABD0002000012","AAV2.0.0.13","4.0.0.2323","PSt7-10","171027-008","9/15/2022 2:43:31 PM","0000-00","0","no battery","V","","µV","","µV"
"11/15/2022","17:20:28","7","default","171425599","OXY_CH7","0.197","min","184.300","μmol/L","Humid","21.240","deg","90717","µV","28.910","°C","1025.000","hPa","36.0","pmil","0","55.700","deg","20.000","°C","100.000","%a.s.","22.210","deg","20.000","°C","971.000","hPa","0.826","-0.01532","0.000401","-0.00012","0","11.08","Humid","30.45","0","49.40","253983.23","SABD0002000012","AAV2.0.0.13","4.0.0.2323","PSt7-10","171027-008","9/15/2022 2:43:31 PM","0000-00","0","no battery","V","","µV","","µV"
"11/15/2022","17:20:29","7","default","171425599","OXY_CH7","0.214","min","184.333","μmol/L","Humid","21.238","deg","90712","µV","28.910","°C","1025.000","hPa","36.0","pmil","0","55.700","deg","20.000","°C","100.000","%a.s.","22.210","deg","20.000","°C","971.000","hPa","0.826","-0.01532","0.000401","-0.00012","0","11.08","Humid","30.45","0","49.40","253988.95","SABD0002000012","AAV2.0.0.13","4.0.0.2323","PSt7-10","171027-008","9/15/2022 2:43:31 PM","0000-00","0","no battery","V","","µV","","µV"
"11/15/2022","17:20:30","7","default","171425599","OXY_CH7","0.230","min","184.298","μmol/L","Humid","21.238","deg","90699","µV","28.916","°C","1025.000","hPa","36.0","pmil","0","55.700","deg","20.000","°C","100.000","%a.s.","22.210","deg","20.000","°C","971.000","hPa","0.826","-0.01532","0.000401","-0.00012","0","11.08","Humid","30.45","0","49.40","253982.56","SABD0002000012","AAV2.0.0.13","4.0.0.2323","PSt7-10","171027-008","9/15/2022 2:43:31 PM","0000-00","0","no battery","V","","µV","","µV"
"11/15/2022","17:20:31","7","default","171425599","OXY_CH7","0.247","min","184.282","μmol/L","Humid","21.239","deg","90695","µV","28.916","°C","1025.000","hPa","36.0","pmil","0","55.700","deg","20.000","°C","100.000","%a.s.","22.210","deg","20.000","°C","971.000","hPa","0.826","-0.01532","0.000401","-0.00012","0","11.08","Humid","30.45","0","49.40","253971.33","SABD0002000012","AAV2.0.0.13","4.0.0.2323","PSt7-10","171027-008","9/15/2022 2:43:31 PM","0000-00","0","no battery","V","","µV","","µV"
"11/15/2022","17:20:32","7","default","171425599","OXY_CH7","0.264","min","184.382","μmol/L","Humid","21.235","deg","90687","µV","28.910","°C","1025.000","hPa","36.0","pmil","0","55.700","deg","20.000","°C","100.000","%a.s.","22.210","deg","20.000","°C","971.000","hPa","0.826","-0.01532","0.000401","-0.00012","0","11.08","Humid","30.45","0","49.40","253965.75","SABD0002000012","AAV2.0.0.13","4.0.0.2323","PSt7-10","171027-008","9/15/2022 2:43:31 PM","0000-00","0","no battery","V","","µV","","µV"
"11/15/2022","17:20:33","7","default","171425599","OXY_CH7","0.281","min","184.268","μmol/L","Humid","21.242","deg","90686","µV","28.910","°C","1025.000","hPa","36.0","pmil","0","55.700","deg","20.000","°C","100.000","%a.s.","22.210","deg","20.000","°C","971.000","hPa","0.826","-0.01532","0.000401","-0.00012","0","11.08","Humid","30.45","0","49.40","253968.60","SABD0002000012","AAV2.0.0.13","4.0.0.2323","PSt7-10","171027-008","9/15/2022 2:43:31 PM","0000-00","0","no battery","V","","µV","","µV"
"11/15/2022","17:20:34","7","default","171425599","OXY_CH7","0.297","min","184.298","μmol/L","Humid","21.238","deg","90677","µV","28.916","°C","1025.000","hPa","36.0","pmil","0","55.700","deg","20.000","°C","100.000","%a.s.","22.210","deg","20.000","°C","971.000","hPa","0.826","-0.01532","0.000401","-0.00012","0","11.08","Humid","30.45","0","49.40","253971.60","SABD0002000012","AAV2.0.0.13","4.0.0.2323","PSt7-10","171027-008","9/15/2022 2:43:31 PM","0000-00","0","no battery","V","","µV","","µV"
"11/15/2022","17:20:35","7","default","171425599","OXY_CH7","0.314","min","184.249","μmol/L","Humid","21.241","deg","90673","µV","28.916","°C","1025.000","hPa","36.0","pmil","0","55.700","deg","20.000","°C","100.000","%a.s.","22.210","deg","20.000","°C","971.000","hPa","0.826","-0.01532","0.000401","-0.00012","0","11.08","Humid","30.45","0","49.40","253956.85","SABD0002000012","AAV2.0.0.13","4.0.0.2323","PSt7-10","171027-008","9/15/2022 2:43:31 PM","0000-00","0","no battery","V","","µV","","µV"
"11/15/2022","17:20:36","7","default","171425599","OXY_CH7","0.331","min","184.315","μmol/L","Humid","21.237","deg","90667","µV","28.916","°C","1025.000","hPa","36.0","pmil","0","55.700","deg","20.000","°C","100.000","%a.s.","22.210","deg","20.000","°C","971.000","hPa","0.826","-0.01532","0.000401","-0.00012","0","11.08","Humid","30.45","0","49.40","253949.25","SABD0002000012","AAV2.0.0.13","4.0.0.2323","PSt7-10","171027-008","9/15/2022 2:43:31 PM","0000-00","0","no battery","V","","µV","","µV"
"11/15/2022","17:20:37","7","default","171425599","OXY_CH7","0.347","min","184.282","μmol/L","Humid","21.239","deg","90667","µV","28.916","°C","1025.000","hPa","36.0","pmil","0","55.700","deg","20.000","°C","100.000","%a.s.","22.210","deg","20.000","°C","971.000","hPa","0.826","-0.01532","0.000401","-0.00012","0","11.08","Humid","30.45","0","49.40","253953.59","SABD0002000012","AAV2.0.0.13","4.0.0.2323","PSt7-10","171027-008","9/15/2022 2:43:31 PM","0000-00","0","no battery","V","","µV","","µV"
"11/15/2022","17:20:38","7","default","171425599","OXY_CH7","0.363","min","184.317","μmol/L","Humid","21.239","deg","90660","µV","28.910","°C","1025.000","hPa","36.0","pmil","0","55.700","deg","20.000","°C","100.000","%a.s.","22.210","deg","20.000","°C","971.000","hPa","0.826","-0.01532","0.000401","-0.00012","0","11.08","Humid","30.45","0","49.40","253939.61","SABD0002000012","AAV2.0.0.13","4.0.0.2323","PSt7-10","171027-008","9/15/2022 2:43:31 PM","0000-00","0","no battery","V","","µV","","µV"
"11/15/2022","17:20:39","7","default","171425599","OXY_CH7","0.380","min","184.266","μmol/L","Humid","21.240","deg","90651","µV","28.916","°C","1025.000","hPa","36.0","pmil","0","55.700","deg","20.000","°C","100.000","%a.s.","22.210","deg","20.000","°C","971.000","hPa","0.826","-0.01532","0.000401","-0.00012","0","11.08","Humid","30.45","0","49.40","253948.16","SABD0002000012","AAV2.0.0.13","4.0.0.2323","PSt7-10","171027-008","9/15/2022 2:43:31 PM","0000-00","0","no battery","V","","µV","","µV"
"11/15/2022","17:20:40","7","default","171425599","OXY_CH7","0.397","min","184.231","μmol/L","Humid","21.240","deg","90656","µV","28.923","°C","1025.000","hPa","36.0","pmil","0","55.700","deg","20.000","°C","100.000","%a.s.","22.210","deg","20.000","°C","971.000","hPa","0.826","-0.01532","0.000401","-0.00012","0","11.08","Humid","30.45","0","49.40","253934.88","SABD0002000012","AAV2.0.0.13","4.0.0.2323","PSt7-10","171027-008","9/15/2022 2:43:31 PM","0000-00","0","no battery","V","","µV","","µV"
"11/15/2022","17:20:41","7","default","171425599","OXY_CH7","0.414","min","184.200","μmol/L","Humid","21.244","deg","90649","µV","28.916","°C","1025.000","hPa","36.0","pmil","0","55.700","deg","20.000","°C","100.000","%a.s.","22.210","deg","20.000","°C","971.000","hPa","0.826","-0.01532","0.000401","-0.00012","0","11.08","Humid","30.45","0","49.40","253929.60","SABD0002000012","AAV2.0.0.13","4.0.0.2323","PSt7-10","171027-008","9/15/2022 2:43:31 PM","0000-00","0","no battery","V","","µV","","µV"
"11/15/2022","17:20:42","7","default","171425599","OXY_CH7","0.430","min","184.331","μmol/L","Humid","21.236","deg","90643","µV","28.916","°C","1025.000","hPa","36.0","pmil","0","55.700","deg","20.000","°C","100.000","%a.s.","22.210","deg","20.000","°C","971.000","hPa","0.826","-0.01532","0.000401","-0.00012","0","11.08","Humid","30.45","0","49.40","253938.12","SABD0002000012","AAV2.0.0.13","4.0.0.2323","PSt7-10","171027-008","9/15/2022 2:43:31 PM","0000-00","0","no battery","V","","µV","","µV"
"11/15/2022","17:20:43","7","default","171425599","OXY_CH7","0.447","min","184.349","μmol/L","Humid","21.237","deg","90634","µV","28.910","°C","1025.000","hPa","36.0","pmil","0","55.700","deg","20.000","°C","100.000","%a.s.","22.210","deg","20.000","°C","971.000","hPa","0.826","-0.01532","0.000401","-0.00012","0","11.08","Humid","30.45","0","49.40","253928.18","SABD0002000012","AAV2.0.0.13","4.0.0.2323","PSt7-10","171027-008","9/15/2022 2:43:31 PM","0000-00","0","no battery","V","","µV","","µV"
"11/15/2022","17:20:44","7","default","171425599","OXY_CH7","0.464","min","184.347","μmol/L","Humid","21.235","deg","90630","µV","28.916","°C","1025.000","hPa","36.0","pmil","0","55.700","deg","20.000","°C","100.000","%a.s.","22.210","deg","20.000","°C","971.000","hPa","0.826","-0.01532","0.000401","-0.00012","0","11.08","Humid","30.45","0","49.40","253940.87","SABD0002000012","AAV2.0.0.13","4.0.0.2323","PSt7-10","171027-008","9/15/2022 2:43:31 PM","0000-00","0","no battery","V","","µV","","µV"
"11/15/2022","17:20:45","7","default","171425599","OXY_CH7","0.481","min","184.249","μmol/L","Humid","21.241","deg","90628","µV","28.916","°C","1025.000","hPa","36.0","pmil","0","55.700","deg","20.000","°C","100.000","%a.s.","22.210","deg","20.000","°C","971.000","hPa","0.826","-0.01532","0.000401","-0.00012","0","11.08","Humid","30.45","0","49.40","253923.03","SABD0002000012","AAV2.0.0.13","4.0.0.2323","PSt7-10","171027-008","9/15/2022 2:43:31 PM","0000-00","0","no battery","V","","µV","","µV"
"11/15/2022","17:20:46","7","default","171425599","OXY_CH7","0.497","min","184.266","μmol/L","Humid","21.240","deg","90623","µV","28.916","°C","1025.000","hPa","36.0","pmil","0","55.700","deg","20.000","°C","100.000","%a.s.","22.210","deg","20.000","°C","971.000","hPa","0.826","-0.01532","0.000401","-0.00012","0","11.08","Humid","30.45","0","49.40","253927.43","SABD0002000012","AAV2.0.0.13","4.0.0.2323","PSt7-10","171027-008","9/15/2022 2:43:31 PM","0000-00","0","no battery","V","","µV","","µV"
"11/15/2022","17:20:47","7","default","171425599","OXY_CH7","0.514","min","184.347","μmol/L","Humid","21.235","deg","90625","µV","28.916","°C","1025.000","hPa","36.0","pmil","0","55.700","deg","20.000","°C","100.000","%a.s.","22.210","deg","20.000","°C","971.000","hPa","0.826","-0.01532","0.000401","-0.00012","0","11.08","Humid","30.45","0","49.40","253945.02","SABD0002000012","AAV2.0.0.13","4.0.0.2323","PSt7-10","171027-008","9/15/2022 2:43:31 PM","0000-00","0","no battery","V","","µV","","µV"
"11/15/2022","17:20:48","7","default","171425599","OXY_CH7","0.531","min","184.266","μmol/L","Humid","21.240","deg","90612","µV","28.916","°C","1025.000","hPa","36.0","pmil","0","55.700","deg","20.000","°C","100.000","%a.s.","22.210","deg","20.000","°C","971.000","hPa","0.826","-0.01532","0.000401","-0.00012","0","11.08","Humid","30.45","0","49.40","253917.03","SABD0002000012","AAV2.0.0.13","4.0.0.2323","PSt7-10","171027-008","9/15/2022 2:43:31 PM","0000-00","0","no battery","V","","µV","","µV"
"11/15/2022","17:20:49","7","default","171425599","OXY_CH7","0.547","min","184.364","μmol/L","Humid","21.234","deg","90609","µV","28.916","°C","1025.000","hPa","36.0","pmil","0","55.700","deg","20.000","°C","100.000","%a.s.","22.210","deg","20.000","°C","971.000","hPa","0.826","-0.01532","0.000401","-0.00012","0","11.08","Humid","30.45","0","49.40","253913.94","SABD0002000012","AAV2.0.0.13","4.0.0.2323","PSt7-10","171027-008","9/15/2022 2:43:31 PM","0000-00","0","no battery","V","","µV","","µV"
"11/15/2022","17:20:50","7","default","171425599","OXY_CH7","0.564","min","184.284","μmol/L","Humid","21.241","deg","90606","µV","28.910","°C","1025.000","hPa","36.0","pmil","0","55.700","deg","20.000","°C","100.000","%a.s.","22.210","deg","20.000","°C","971.000","hPa","0.826","-0.01532","0.000401","-0.00012","0","11.08","Humid","30.45","0","49.40","253913.80","SABD0002000012","AAV2.0.0.13","4.0.0.2323","PSt7-10","171027-008","9/15/2022 2:43:31 PM","0000-00","0","no battery","V","","µV","","µV"
"11/15/2022","17:20:51","7","default","171425599","OXY_CH7","0.580","min","184.251","μmol/L","Humid","21.243","deg","90599","µV","28.910","°C","1025.000","hPa","36.0","pmil","0","55.700","deg","20.000","°C","100.000","%a.s.","22.210","deg","20.000","°C","971.000","hPa","0.826","-0.01532","0.000401","-0.00012","0","11.08","Humid","30.45","0","49.40","253910.35","SABD0002000012","AAV2.0.0.13","4.0.0.2323","PSt7-10","171027-008","9/15/2022 2:43:31 PM","0000-00","0","no battery","V","","µV","","µV"
"11/15/2022","17:20:52","7","default","171425599","OXY_CH7","0.597","min","184.366","μmol/L","Humid","21.236","deg","90603","µV","28.910","°C","1025.000","hPa","36.0","pmil","0","55.700","deg","20.000","°C","100.000","%a.s.","22.210","deg","20.000","°C","971.000","hPa","0.826","-0.01532","0.000401","-0.00012","0","11.08","Humid","30.45","0","49.40","253906.50","SABD0002000012","AAV2.0.0.13","4.0.0.2323","PSt7-10","171027-008","9/15/2022 2:43:31 PM","0000-00","0","no battery","V","","µV","","µV"
"11/15/2022","17:20:53","7","default","171425599","OXY_CH7","0.614","min","184.280","μmol/L","Humid","21.237","deg","90592","µV","28.923","°C","1025.000","hPa","36.0","pmil","0","55.700","deg","20.000","°C","100.000","%a.s.","22.210","deg","20.000","°C","971.000","hPa","0.826","-0.01532","0.000401","-0.00012","0","11.08","Humid","30.45","0","49.40","253906.16","SABD0002000012","AAV2.0.0.13","4.0.0.2323","PSt7-10","171027-008","9/15/2022 2:43:31 PM","0000-00","0","no battery","V","","µV","","µV"
"11/15/2022","17:20:54","7","default","171425599","OXY_CH7","0.630","min","184.317","μmol/L","Humid","21.239","deg","90591","µV","28.910","°C","1025.000","hPa","36.0","pmil","0","55.700","deg","20.000","°C","100.000","%a.s.","22.210","deg","20.000","°C","971.000","hPa","0.826","-0.01532","0.000401","-0.00012","0","11.08","Humid","30.45","0","49.40","253893.35","SABD0002000012","AAV2.0.0.13","4.0.0.2323","PSt7-10","171027-008","9/15/2022 2:43:31 PM","0000-00","0","no battery","V","","µV","","µV"
"11/15/2022","17:20:55","7","default","171425599","OXY_CH7","0.647","min","184.347","μmol/L","Humid","21.235","deg","90581","µV","28.916","°C","1025.000","hPa","36.0","pmil","0","55.700","deg","20.000","°C","100.000","%a.s.","22.210","deg","20.000","°C","971.000","hPa","0.826","-0.01532","0.000401","-0.00012","0","11.08","Humid","30.45","0","49.40","253902.81","SABD0002000012","AAV2.0.0.13","4.0.0.2323","PSt7-10","171027-008","9/15/2022 2:43:31 PM","0000-00","0","no battery","V","","µV","","µV"
"11/15/2022","17:20:56","7","default","171425599","OXY_CH7","0.664","min","184.298","μmol/L","Humid","21.238","deg","90579","µV","28.916","°C","1025.000","hPa","36.0","pmil","0","55.700","deg","20.000","°C","100.000","%a.s.","22.210","deg","20.000","°C","971.000","hPa","0.826","-0.01532","0.000401","-0.00012","0","11.08","Humid","30.45","0","49.40","253911.79","SABD0002000012","AAV2.0.0.13","4.0.0.2323","PSt7-10","171027-008","9/15/2022 2:43:31 PM","0000-00","0","no battery","V","","µV","","µV"
"11/15/2022","17:20:57","7","default","171425599","OXY_CH7","0.681","min","184.268","μmol/L","Humid","21.242","deg","90584","µV","28.910","°C","1025.000","hPa","36.0","pmil","0","55.700","deg","20.000","°C","100.000","%a.s.","22.210","deg","20.000","°C","971.000","hPa","0.826","-0.01532","0.000401","-0.00012","0","11.08","Humid","30.45","0","49.40","253885.69","SABD0002000012","AAV2.0.0.13","4.0.0.2323","PSt7-10","171027-008","9/15/2022 2:43:31 PM","0000-00","0","no battery","V","","µV","","µV"
"11/15/2022","17:20:58","7","default","171425599","OXY_CH7","0.697","min","184.317","μmol/L","Humid","21.239","deg","90570","µV","28.910","°C","1025.000","hPa","36.0","pmil","0","55.700","deg","20.000","°C","100.000","%a.s.","22.210","deg","20.000","°C","971.000","hPa","0.826","-0.01532","0.000401","-0.00012","0","11.08","Humid","30.45","0","49.40","253887.11","SABD0002000012","AAV2.0.0.13","4.0.0.2323","PSt7-10","171027-008","9/15/2022 2:43:31 PM","0000-00","0","no battery","V","","µV","","µV"
"11/15/2022","17:20:59","7","default","171425599","OXY_CH7","0.714","min","184.298","μmol/L","Humid","21.238","deg","90565","µV","28.916","°C","1025.000","hPa","36.0","pmil","0","55.700","deg","20.000","°C","100.000","%a.s.","22.210","deg","20.000","°C","971.000","hPa","0.826","-0.01532","0.000401","-0.00012","0","11.08","Humid","30.45","0","49.40","253888.63","SABD0002000012","AAV2.0.0.13","4.0.0.2323","PSt7-10","171027-008","9/15/2022 2:43:31 PM","0000-00","0","no battery","V","","µV","","µV"
"11/15/2022","17:21:00","7","default","171425599","OXY_CH7","0.731","min","184.298","μmol/L","Humid","21.238","deg","90561","µV","28.916","°C","1025.000","hPa","36.0","pmil","0","55.700","deg","20.000","°C","100.000","%a.s.","22.210","deg","20.000","°C","971.000","hPa","0.826","-0.01532","0.000401","-0.00012","0","11.08","Humid","30.45","0","49.40","253888.29","SABD0002000012","AAV2.0.0.13","4.0.0.2323","PSt7-10","171027-008","9/15/2022 2:43:31 PM","0000-00","0","no battery","V","","µV","","µV"
"11/15/2022","17:21:01","7","default","171425599","OXY_CH7","0.748","min","184.315","μmol/L","Humid","21.237","deg","90563","µV","28.916","°C","1025.000","hPa","36.0","pmil","0","55.700","deg","20.000","°C","100.000","%a.s.","22.210","deg","20.000","°C","971.000","hPa","0.826","-0.01532","0.000401","-0.00012","0","11.08","Humid","30.45","0","49.40","253875.15","SABD0002000012","AAV2.0.0.13","4.0.0.2323","PSt7-10","171027-008","9/15/2022 2:43:31 PM","0000-00","0","no battery","V","","µV","","µV"
"11/15/2022","17:21:02","7","default","171425599","OXY_CH7","0.764","min","184.364","μmol/L","Humid","21.234","deg","90553","µV","28.916","°C","1025.000","hPa","36.0","pmil","0","55.700","deg","20.000","°C","100.000","%a.s.","22.210","deg","20.000","°C","971.000","hPa","0.826","-0.01532","0.000401","-0.00012","0","11.08","Humid","30.45","0","49.40","253867.34","SABD0002000012","AAV2.0.0.13","4.0.0.2323","PSt7-10","171027-008","9/15/2022 2:43:31 PM","0000-00","0","no battery","V","","µV","","µV"
"11/15/2022","17:21:03","7","default","171425599","OXY_CH7","0.780","min","184.398","μmol/L","Humid","21.234","deg","90550","µV","28.910","°C","1025.000","hPa","36.0","pmil","0","55.700","deg","20.000","°C","100.000","%a.s.","22.210","deg","20.000","°C","971.000","hPa","0.826","-0.01532","0.000401","-0.00012","0","11.08","Humid","30.45","0","49.40","253864.57","SABD0002000012","AAV2.0.0.13","4.0.0.2323","PSt7-10","171027-008","9/15/2022 2:43:31 PM","0000-00","0","no battery","V","","µV","","µV"
"11/15/2022","17:21:04","7","default","171425599","OXY_CH7","0.797","min","184.298","μmol/L","Humid","21.238","deg","90557","µV","28.916","°C","1025.000","hPa","36.0","pmil","0","55.700","deg","20.000","°C","100.000","%a.s.","22.210","deg","20.000","°C","971.000","hPa","0.826","-0.01532","0.000401","-0.00012","0","11.08","Humid","30.45","0","49.40","253867.39","SABD0002000012","AAV2.0.0.13","4.0.0.2323","PSt7-10","171027-008","9/15/2022 2:43:31 PM","0000-00","0","no battery","V","","µV","","µV"
"11/15/2022","17:21:05","7","default","171425599","OXY_CH7","0.814","min","184.333","μmol/L","Humid","21.238","deg","90545","µV","28.910","°C","1025.000","hPa","36.0","pmil","0","55.700","deg","20.000","°C","100.000","%a.s.","22.210","deg","20.000","°C","971.000","hPa","0.826","-0.01532","0.000401","-0.00012","0","11.08","Humid","30.45","0","49.40","253867.13","SABD0002000012","AAV2.0.0.13","4.0.0.2323","PSt7-10","171027-008","9/15/2022 2:43:31 PM","0000-00","0","no battery","V","","µV","","µV"
"11/15/2022","17:21:06","7","default","171425599","OXY_CH7","0.830","min","184.282","μmol/L","Humid","21.239","deg","90541","µV","28.916","°C","1025.000","hPa","36.0","pmil","0","55.700","deg","20.000","°C","100.000","%a.s.","22.210","deg","20.000","°C","971.000","hPa","0.826","-0.01532","0.000401","-0.00012","0","11.08","Humid","30.45","0","49.40","253848.61","SABD0002000012","AAV2.0.0.13","4.0.0.2323","PSt7-10","171027-008","9/15/2022 2:43:31 PM","0000-00","0","no battery","V","","µV","","µV"
"11/15/2022","17:21:07","7","default","171425599","OXY_CH7","0.847","min","184.331","μmol/L","Humid","21.236","deg","90531","µV","28.916","°C","1025.000","hPa","36.0","pmil","0","55.700","deg","20.000","°C","100.000","%a.s.","22.210","deg","20.000","°C","971.000","hPa","0.826","-0.01532","0.000401","-0.00012","0","11.08","Humid","30.45","0","49.40","253852.66","SABD0002000012","AAV2.0.0.13","4.0.0.2323","PSt7-10","171027-008","9/15/2022 2:43:31 PM","0000-00","0","no battery","V","","µV","","µV"
"11/15/2022","17:21:08","7","default","171425599","OXY_CH7","0.864","min","184.382","μmol/L","Humid","21.235","deg","90535","µV","28.910","°C","1025.000","hPa","36.0","pmil","0","55.700","deg","20.000","°C","100.000","%a.s.","22.210","deg","20.000","°C","971.000","hPa","0.826","-0.01532","0.000401","-0.00012","0","11.08","Humid","30.45","0","49.40","253848.59","SABD0002000012","AAV2.0.0.13","4.0.0.2323","PSt7-10","171027-008","9/15/2022 2:43:31 PM","0000-00","0","no battery","V","","µV","","µV"
"11/15/2022","17:21:09","7","default","171425599","OXY_CH7","0.880","min","184.347","μmol/L","Humid","21.235","deg","90520","µV","28.916","°C","1025.000","hPa","36.0","pmil","0","55.700","deg","20.000","°C","100.000","%a.s.","22.210","deg","20.000","°C","971.000","hPa","0.826","-0.01532","0.000401","-0.00012","0","11.08","Humid","30.45","0","49.40","253849.35","SABD0002000012","AAV2.0.0.13","4.0.0.2323","PSt7-10","171027-008","9/15/2022 2:43:31 PM","0000-00","0","no battery","V","","µV","","µV"
"11/15/2022","17:21:10","7","default","171425599","OXY_CH7","0.897","min","184.396","μmol/L","Humid","21.232","deg","90528","µV","28.916","°C","1025.000","hPa","36.0","pmil","0","55.700","deg","20.000","°C","100.000","%a.s.","22.210","deg","20.000","°C","971.000","hPa","0.826","-0.01532","0.000401","-0.00012","0","11.08","Humid","30.45","0","49.40","253853.75","SABD0002000012","AAV2.0.0.13","4.0.0.2323","PSt7-10","171027-008","9/15/2022 2:43:31 PM","0000-00","0","no battery","V","","µV","","µV"
"11/15/2022","17:21:11","7","default","171425599","OXY_CH7","0.914","min","184.331","μmol/L","Humid","21.236","deg","90515","µV","28.916","°C","1025.000","hPa","36.0","pmil","0","55.700","deg","20.000","°C","100.000","%a.s.","22.210","deg","20.000","°C","971.000","hPa","0.826","-0.01532","0.000401","-0.00012","0","11.08","Humid","30.45","0","49.40","253851.71","SABD0002000012","AAV2.0.0.13","4.0.0.2323","PSt7-10","171027-008","9/15/2022 2:43:31 PM","0000-00","0","no battery","V","","µV","","µV"
"11/15/2022","17:21:12","7","default","171425599","OXY_CH7","0.931","min","184.331","μmol/L","Humid","21.236","deg","90519","µV","28.916","°C","1025.000","hPa","36.0","pmil","0","55.700","deg","20.000","°C","100.000","%a.s.","22.210","deg","20.000","°C","971.000","hPa","0.826","-0.01532","0.000401","-0.00012","0","11.08","Humid","30.45","0","49.40","253844.46","SABD0002000012","AAV2.0.0.13","4.0.0.2323","PSt7-10","171027-008","9/15/2022 2:43:31 PM","0000-00","0","no battery","V","","µV","","µV"
"11/15/2022","17:21:13","7","default","171425599","OXY_CH7","0.948","min","184.298","μmol/L","Humid","21.238","deg","90506","µV","28.916","°C","1025.000","hPa","36.0","pmil","0","55.700","deg","20.000","°C","100.000","%a.s.","22.210","deg","20.000","°C","971.000","hPa","0.826","-0.01532","0.000401","-0.00012","0","11.08","Humid","30.45","0","49.40","253838.79","SABD0002000012","AAV2.0.0.13","4.0.0.2323","PSt7-10","171027-008","9/15/2022 2:43:31 PM","0000-00","0","no battery","V","","µV","","µV"
"11/15/2022","17:21:14","7","default","171425599","OXY_CH7","0.964","min","184.329","μmol/L","Humid","21.234","deg","90508","µV","28.923","°C","1025.000","hPa","36.0","pmil","0","55.700","deg","20.000","°C","100.000","%a.s.","22.210","deg","20.000","°C","971.000","hPa","0.826","-0.01532","0.000401","-0.00012","0","11.08","Humid","30.45","0","49.40","253846.06","SABD0002000012","AAV2.0.0.13","4.0.0.2323","PSt7-10","171027-008","9/15/2022 2:43:31 PM","0000-00","0","no battery","V","","µV","","µV"
"11/15/2022","17:21:15","7","default","171425599","OXY_CH7","0.980","min","184.333","μmol/L","Humid","21.238","deg","90503","µV","28.910","°C","1025.000","hPa","36.0","pmil","0","55.700","deg","20.000","°C","100.000","%a.s.","22.210","deg","20.000","°C","971.000","hPa","0.826","-0.01532","0.000401","-0.00012","0","11.08","Humid","30.45","0","49.40","253840.74","SABD0002000012","AAV2.0.0.13","4.0.0.2323","PSt7-10","171027-008","9/15/2022 2:43:31 PM","0000-00","0","no battery","V","","µV","","µV"
"11/15/2022","17:21:16","7","default","171425599","OXY_CH7","0.997","min","184.415","μmol/L","Humid","21.233","deg","90503","µV","28.910","°C","1025.000","hPa","36.0","pmil","0","55.700","deg","20.000","°C","100.000","%a.s.","22.210","deg","20.000","°C","971.000","hPa","0.826","-0.01532","0.000401","-0.00012","0","11.08","Humid","30.45","0","49.40","253851.63","SABD0002000012","AAV2.0.0.13","4.0.0.2323","PSt7-10","171027-008","9/15/2022 2:43:31 PM","0000-00","0","no battery","V","","µV","","µV"
"11/15/2022","17:21:17","7","default","171425599","OXY_CH7","1.013","min","184.431","μmol/L","Humid","21.232","deg","90497","µV","28.910","°C","1025.000","hPa","36.0","pmil","0","55.700","deg","20.000","°C","100.000","%a.s.","22.210","deg","20.000","°C","971.000","hPa","0.826","-0.01532","0.000401","-0.00012","0","11.08","Humid","30.45","0","49.40","253830.55","SABD0002000012","AAV2.0.0.13","4.0.0.2323","PSt7-10","171027-008","9/15/2022 2:43:31 PM","0000-00","0","no battery","V","","µV","","µV"
"11/15/2022","17:21:18","7","default","171425599","OXY_CH7","1.030","min","184.331","μmol/L","Humid","21.236","deg","90492","µV","28.916","°C","1025.000","hPa","36.0","pmil","0","55.700","deg","20.000","°C","100.000","%a.s.","22.210","deg","20.000","°C","971.000","hPa","0.826","-0.01532","0.000401","-0.00012","0","11.08","Humid","30.45","0","49.40","253828.33","SABD0002000012","AAV2.0.0.13","4.0.0.2323","PSt7-10","171027-008","9/15/2022 2:43:31 PM","0000-00","0","no battery","V","","µV","","µV"
"11/15/2022","17:21:19","7","default","171425599","OXY_CH7","1.047","min","184.380","μmol/L","Humid","21.233","deg","90490","µV","28.916","°C","1025.000","hPa","36.0","pmil","0","55.700","deg","20.000","°C","100.000","%a.s.","22.210","deg","20.000","°C","971.000","hPa","0.826","-0.01532","0.000401","-0.00012","0","11.08","Humid","30.45","0","49.40","253831.07","SABD0002000012","AAV2.0.0.13","4.0.0.2323","PSt7-10","171027-008","9/15/2022 2:43:31 PM","0000-00","0","no battery","V","","µV","","µV"
"11/15/2022","17:21:20","7","default","171425599","OXY_CH7","1.064","min","184.415","μmol/L","Humid","21.233","deg","90487","µV","28.910","°C","1025.000","hPa","36.0","pmil","0","55.700","deg","20.000","°C","100.000","%a.s.","22.210","deg","20.000","°C","971.000","hPa","0.826","-0.01532","0.000401","-0.00012","0","11.08","Humid","30.45","0","49.40","253831.79","SABD0002000012","AAV2.0.0.13","4.0.0.2323","PSt7-10","171027-008","9/15/2022 2:43:31 PM","0000-00","0","no battery","V","","µV","","µV"
"11/15/2022","17:21:21","7","default","171425599","OXY_CH7","1.080","min","184.212","μmol/L","Humid","21.239","deg","90476","µV","28.929","°C","1025.000","hPa","36.0","pmil","0","55.700","deg","20.000","°C","100.000","%a.s.","22.210","deg","20.000","°C","971.000","hPa","0.826","-0.01532","0.000401","-0.00012","0","11.08","Humid","30.45","0","49.40","253815.89","SABD0002000012","AAV2.0.0.13","4.0.0.2323","PSt7-10","171027-008","9/15/2022 2:43:31 PM","0000-00","0","no battery","V","","µV","","µV"
"11/15/2022","17:21:22","7","default","171425599","OXY_CH7","1.097","min","184.345","μmol/L","Humid","21.233","deg","90484","µV","28.923","°C","1025.000","hPa","36.0","pmil","0","55.700","deg","20.000","°C","100.000","%a.s.","22.210","deg","20.000","°C","971.000","hPa","0.826","-0.01532","0.000401","-0.00012","0","11.08","Humid","30.45","0","49.40","253815.59","SABD0002000012","AAV2.0.0.13","4.0.0.2323","PSt7-10","171027-008","9/15/2022 2:43:31 PM","0000-00","0","no battery","V","","µV","","µV"
"11/15/2022","17:21:23","7","default","171425599","OXY_CH7","1.114","min","184.331","μmol/L","Humid","21.236","deg","90475","µV","28.916","°C","1025.000","hPa","36.0","pmil","0","55.700","deg","20.000","°C","100.000","%a.s.","22.210","deg","20.000","°C","971.000","hPa","0.826","-0.01532","0.000401","-0.00012","0","11.08","Humid","30.45","0","49.40","253812.60","SABD0002000012","AAV2.0.0.13","4.0.0.2323","PSt7-10","171027-008","9/15/2022 2:43:31 PM","0000-00","0","no battery","V","","µV","","µV"
"11/15/2022","17:21:24","7","default","171425599","OXY_CH7","1.131","min","184.445","μmol/L","Humid","21.229","deg","90480","µV","28.916","°C","1025.000","hPa","36.0","pmil","0","55.700","deg","20.000","°C","100.000","%a.s.","22.210","deg","20.000","°C","971.000","hPa","0.826","-0.01532","0.000401","-0.00012","0","11.08","Humid","30.45","0","49.40","253821.34","SABD0002000012","AAV2.0.0.13","4.0.0.2323","PSt7-10","171027-008","9/15/2022 2:43:31 PM","0000-00","0","no battery","V","","µV","","µV"
"11/15/2022","17:21:25","7","default","171425599","OXY_CH7","1.148","min","184.380","μmol/L","Humid","21.233","deg","90476","µV","28.916","°C","1025.000","hPa","36.0","pmil","0","55.700","deg","20.000","°C","100.000","%a.s.","22.210","deg","20.000","°C","971.000","hPa","0.826","-0.01532","0.000401","-0.00012","0","11.08","Humid","30.45","0","49.40","253808.77","SABD0002000012","AAV2.0.0.13","4.0.0.2323","PSt7-10","171027-008","9/15/2022 2:43:31 PM","0000-00","0","no battery","V","","µV","","µV"
"11/15/2022","17:21:26","7","default","171425599","OXY_CH7","1.164","min","184.378","μmol/L","Humid","21.231","deg","90466","µV","28.923","°C","1025.000","hPa","36.0","pmil","0","55.700","deg","20.000","°C","100.000","%a.s.","22.210","deg","20.000","°C","971.000","hPa","0.826","-0.01532","0.000401","-0.00012","0","11.08","Humid","30.45","0","49.40","253809.46","SABD0002000012","AAV2.0.0.13","4.0.0.2323","PSt7-10","171027-008","9/15/2022 2:43:31 PM","0000-00","0","no battery","V","","µV","","µV"
"11/15/2022","17:21:27","7","default","171425599","OXY_CH7","1.180","min","184.445","μmol/L","Humid","21.229","deg","90468","µV","28.916","°C","1025.000","hPa","36.0","pmil","0","55.700","deg","20.000","°C","100.000","%a.s.","22.210","deg","20.000","°C","971.000","hPa","0.826","-0.01532","0.000401","-0.00012","0","11.08","Humid","30.45","0","49.40","253800.00","SABD0002000012","AAV2.0.0.13","4.0.0.2323","PSt7-10","171027-008","9/15/2022 2:43:31 PM","0000-00","0","no battery","V","","µV","","µV"
"11/15/2022","17:21:28","7","default","171425599","OXY_CH7","1.197","min","184.329","μmol/L","Humid","21.234","deg","90464","µV","28.923","°C","1025.000","hPa","36.0","pmil","0","55.700","deg","20.000","°C","100.000","%a.s.","22.210","deg","20.000","°C","971.000","hPa","0.826","-0.01532","0.000401","-0.00012","0","11.08","Humid","30.45","0","49.40","253804.91","SABD0002000012","AAV2.0.0.13","4.0.0.2323","PSt7-10","171027-008","9/15/2022 2:43:31 PM","0000-00","0","no battery","V","","µV","","µV"
"11/15/2022","17:21:29","7","default","171425599","OXY_CH7","1.214","min","184.429","μmol/L","Humid","21.230","deg","90452","µV","28.916","°C","1025.000","hPa","36.0","pmil","0","55.700","deg","20.000","°C","100.000","%a.s.","22.210","deg","20.000","°C","971.000","hPa","0.826","-0.01532","0.000401","-0.00012","0","11.08","Humid","30.45","0","49.40","253790.21","SABD0002000012","AAV2.0.0.13","4.0.0.2323","PSt7-10","171027-008","9/15/2022 2:43:31 PM","0000-00","0","no battery","V","","µV","","µV"
"11/15/2022","17:21:30","7","default","171425599","OXY_CH7","1.230","min","184.345","μmol/L","Humid","21.233","deg","90451","µV","28.923","°C","1025.000","hPa","36.0","pmil","0","55.700","deg","20.000","°C","100.000","%a.s.","22.210","deg","20.000","°C","971.000","hPa","0.826","-0.01532","0.000401","-0.00012","0","11.08","Humid","30.45","0","49.40","253807.87","SABD0002000012","AAV2.0.0.13","4.0.0.2323","PSt7-10","171027-008","9/15/2022 2:43:31 PM","0000-00","0","no battery","V","","µV","","µV"
"11/15/2022","17:21:31","7","default","171425599","OXY_CH7","1.247","min","184.347","μmol/L","Humid","21.235","deg","90446","µV","28.916","°C","1025.000","hPa","36.0","pmil","0","55.700","deg","20.000","°C","100.000","%a.s.","22.210","deg","20.000","°C","971.000","hPa","0.826","-0.01532","0.000401","-0.00012","0","11.08","Humid","30.45","0","49.40","253793.09","SABD0002000012","AAV2.0.0.13","4.0.0.2323","PSt7-10","171027-008","9/15/2022 2:43:31 PM","0000-00","0","no battery","V","","µV","","µV"
"11/15/2022","17:21:32","7","default","171425599","OXY_CH7","1.264","min","184.378","μmol/L","Humid","21.231","deg","90438","µV","28.923","°C","1025.000","hPa","36.0","pmil","0","55.700","deg","20.000","°C","100.000","%a.s.","22.210","deg","20.000","°C","971.000","hPa","0.826","-0.01532","0.000401","-0.00012","0","11.08","Humid","30.45","0","49.40","253781.06","SABD0002000012","AAV2.0.0.13","4.0.0.2323","PSt7-10","171027-008","9/15/2022 2:43:31 PM","0000-00","0","no battery","V","","µV","","µV"
"11/15/2022","17:21:33","7","default","171425599","OXY_CH7","1.281","min","184.429","μmol/L","Humid","21.230","deg","90438","µV","28.916","°C","1025.000","hPa","36.0","pmil","0","55.700","deg","20.000","°C","100.000","%a.s.","22.210","deg","20.000","°C","971.000","hPa","0.826","-0.01532","0.000401","-0.00012","0","11.08","Humid","30.45","0","49.40","253778.38","SABD0002000012","AAV2.0.0.13","4.0.0.2323","PSt7-10","171027-008","9/15/2022 2:43:31 PM","0000-00","0","no battery","V","","µV","","µV"
"11/15/2022","17:21:34","7","default","171425599","OXY_CH7","1.297","min","184.445","μmol/L","Humid","21.229","deg","90431","µV","28.916","°C","1025.000","hPa","36.0","pmil","0","55.700","deg","20.000","°C","100.000","%a.s.","22.210","deg","20.000","°C","971.000","hPa","0.826","-0.01532","0.000401","-0.00012","0","11.08","Humid","30.45","0","49.40","253784.77","SABD0002000012","AAV2.0.0.13","4.0.0.2323","PSt7-10","171027-008","9/15/2022 2:43:31 PM","0000-00","0","no battery","V","","µV","","µV"
"11/15/2022","17:21:35","7","default","171425599","OXY_CH7","1.314","min","184.394","μmol/L","Humid","21.230","deg","90432","µV","28.923","°C","1025.000","hPa","36.0","pmil","0","55.700","deg","20.000","°C","100.000","%a.s.","22.210","deg","20.000","°C","971.000","hPa","0.826","-0.01532","0.000401","-0.00012","0","11.08","Humid","30.45","0","49.40","253778.38","SABD0002000012","AAV2.0.0.13","4.0.0.2323","PSt7-10","171027-008","9/15/2022 2:43:31 PM","0000-00","0","no battery","V","","µV","","µV"
"11/15/2022","17:21:36","7","default","171425599","OXY_CH7","1.331","min","184.394","μmol/L","Humid","21.230","deg","90433","µV","28.923","°C","1025.000","hPa","36.0","pmil","0","55.700","deg","20.000","°C","100.000","%a.s.","22.210","deg","20.000","°C","971.000","hPa","0.826","-0.01532","0.000401","-0.00012","0","11.08","Humid","30.45","0","49.40","253779.63","SABD0002000012","AAV2.0.0.13","4.0.0.2323","PSt7-10","171027-008","9/15/2022 2:43:31 PM","0000-00","0","no battery","V","","µV","","µV"
"11/15/2022","17:21:37","7","default","171425599","OXY_CH7","1.347","min","184.394","μmol/L","Humid","21.230","deg","90423","µV","28.923","°C","1025.000","hPa","36.0","pmil","0","55.700","deg","20.000","°C","100.000","%a.s.","22.210","deg","20.000","°C","971.000","hPa","0.826","-0.01532","0.000401","-0.00012","0","11.08","Humid","30.45","0","49.40","253781.12","SABD0002000012","AAV2.0.0.13","4.0.0.2323","PSt7-10","171027-008","9/15/2022 2:43:31 PM","0000-00","0","no battery","V","","µV","","µV"
"11/15/2022","17:21:38","7","default","171425599","OXY_CH7","1.364","min","184.445","μmol/L","Humid","21.229","deg","90417","µV","28.916","°C","1025.000","hPa","36.0","pmil","0","55.700","deg","20.000","°C","100.000","%a.s.","22.210","deg","20.000","°C","971.000","hPa","0.826","-0.01532","0.000401","-0.00012","0","11.08","Humid","30.45","0","49.40","253770.78","SABD0002000012","AAV2.0.0.13","4.0.0.2323","PSt7-10","171027-008","9/15/2022 2:43:31 PM","0000-00","0","no battery","V","","µV","","µV"
"11/15/2022","17:21:39","7","default","171425599","OXY_CH7","1.381","min","184.364","μmol/L","Humid","21.234","deg","90422","µV","28.916","°C","1025.000","hPa","36.0","pmil","0","55.700","deg","20.000","°C","100.000","%a.s.","22.210","deg","20.000","°C","971.000","hPa","0.826","-0.01532","0.000401","-0.00012","0","11.08","Humid","30.45","0","49.40","253776.56","SABD0002000012","AAV2.0.0.13","4.0.0.2323","PSt7-10","171027-008","9/15/2022 2:43:31 PM","0000-00","0","no battery","V","","µV","","µV"
"11/15/2022","17:21:40","7","default","171425599","OXY_CH7","1.397","min","184.513","μmol/L","Humid","21.227","deg","90410","µV","28.910","°C","1025.000","hPa","36.0","pmil","0","55.700","deg","20.000","°C","100.000","%a.s.","22.210","deg","20.000","°C","971.000","hPa","0.826","-0.01532","0.000401","-0.00012","0","11.08","Humid","30.45","0","49.40","253777.41","SABD0002000012","AAV2.0.0.13","4.0.0.2323","PSt7-10","171027-008","9/15/2022 2:43:31 PM","0000-00","0","no battery","V","","µV","","µV"
"11/15/2022","17:21:41","7","default","171425599","OXY_CH7","1.414","min","184.429","μmol/L","Humid","21.230","deg","90408","µV","28.916","°C","1025.000","hPa","36.0","pmil","0","55.700","deg","20.000","°C","100.000","%a.s.","22.210","deg","20.000","°C","971.000","hPa","0.826","-0.01532","0.000401","-0.00012","0","11.08","Humid","30.45","0","49.40","253769.10","SABD0002000012","AAV2.0.0.13","4.0.0.2323","PSt7-10","171027-008","9/15/2022 2:43:31 PM","0000-00","0","no battery","V","","µV","","µV"
"11/15/2022","17:21:42","7","default","171425599","OXY_CH7","1.430","min","184.494","μmol/L","Humid","21.226","deg","90404","µV","28.916","°C","1025.000","hPa","36.0","pmil","0","55.700","deg","20.000","°C","100.000","%a.s.","22.210","deg","20.000","°C","971.000","hPa","0.826","-0.01532","0.000401","-0.00012","0","11.08","Humid","30.45","0","49.40","253775.24","SABD0002000012","AAV2.0.0.13","4.0.0.2323","PSt7-10","171027-008","9/15/2022 2:43:31 PM","0000-00","0","no battery","V","","µV","","µV"
"11/15/2022","17:21:43","7","default","171425599","OXY_CH7","1.447","min","184.462","μmol/L","Humid","21.228","deg","90407","µV","28.916","°C","1025.000","hPa","36.0","pmil","0","55.700","deg","20.000","°C","100.000","%a.s.","22.210","deg","20.000","°C","971.000","hPa","0.826","-0.01532","0.000401","-0.00012","0","11.08","Humid","30.45","0","49.40","253754.09","SABD0002000012","AAV2.0.0.13","4.0.0.2323","PSt7-10","171027-008","9/15/2022 2:43:31 PM","0000-00","0","no battery","V","","µV","","µV"
"11/15/2022","17:21:44","7","default","171425599","OXY_CH7","1.464","min","184.511","μmol/L","Humid","21.225","deg","90399","µV","28.916","°C","1025.000","hPa","36.0","pmil","0","55.700","deg","20.000","°C","100.000","%a.s.","22.210","deg","20.000","°C","971.000","hPa","0.826","-0.01532","0.000401","-0.00012","0","11.08","Humid","30.45","0","49.40","253764.16","SABD0002000012","AAV2.0.0.13","4.0.0.2323","PSt7-10","171027-008","9/15/2022 2:43:31 PM","0000-00","0","no battery","V","","µV","","µV"
"11/15/2022","17:21:45","7","default","171425599","OXY_CH7","1.480","min","184.445","μmol/L","Humid","21.229","deg","90393","µV","28.916","°C","1025.000","hPa","36.0","pmil","0","55.700","deg","20.000","°C","100.000","%a.s.","22.210","deg","20.000","°C","971.000","hPa","0.826","-0.01532","0.000401","-0.00012","0","11.08","Humid","30.45","0","49.40","253748.02","SABD0002000012","AAV2.0.0.13","4.0.0.2323","PSt7-10","171027-008","9/15/2022 2:43:31 PM","0000-00","0","no battery","V","","µV","","µV"
"11/15/2022","17:21:46","7","default","171425599","OXY_CH7","1.497","min","184.410","μmol/L","Humid","21.229","deg","90391","µV","28.923","°C","1025.000","hPa","36.0","pmil","0","55.700","deg","20.000","°C","100.000","%a.s.","22.210","deg","20.000","°C","971.000","hPa","0.826","-0.01532","0.000401","-0.00012","0","11.08","Humid","30.45","0","49.40","253753.59","SABD0002000012","AAV2.0.0.13","4.0.0.2323","PSt7-10","171027-008","9/15/2022 2:43:31 PM","0000-00","0","no battery","V","","µV","","µV"
"11/15/2022","17:21:47","7","default","171425599","OXY_CH7","1.514","min","184.462","μmol/L","Humid","21.228","deg","90388","µV","28.916","°C","1025.000","hPa","36.0","pmil","0","55.700","deg","20.000","°C","100.000","%a.s.","22.210","deg","20.000","°C","971.000","hPa","0.826","-0.01532","0.000401","-0.00012","0","11.08","Humid","30.45","0","49.40","253746.89","SABD0002000012","AAV2.0.0.13","4.0.0.2323","PSt7-10","171027-008","9/15/2022 2:43:31 PM","0000-00","0","no battery","V","","µV","","µV"
"11/15/2022","17:21:48","7","default","171425599","OXY_CH7","1.531","min","184.396","μmol/L","Humid","21.232","deg","90386","µV","28.916","°C","1025.000","hPa","36.0","pmil","0","55.700","deg","20.000","°C","100.000","%a.s.","22.210","deg","20.000","°C","971.000","hPa","0.826","-0.01532","0.000401","-0.00012","0","11.08","Humid","30.45","0","49.40","253747.42","SABD0002000012","AAV2.0.0.13","4.0.0.2323","PSt7-10","171027-008","9/15/2022 2:43:31 PM","0000-00","0","no battery","V","","µV","","µV"
"11/15/2022","17:21:49","7","default","171425599","OXY_CH7","1.547","min","184.494","μmol/L","Humid","21.226","deg","90383","µV","28.916","°C","1025.000","hPa","36.0","pmil","0","55.700","deg","20.000","°C","100.000","%a.s.","22.210","deg","20.000","°C","971.000","hPa","0.826","-0.01532","0.000401","-0.00012","0","11.08","Humid","30.45","0","49.40","253743.18","SABD0002000012","AAV2.0.0.13","4.0.0.2323","PSt7-10","171027-008","9/15/2022 2:43:31 PM","0000-00","0","no battery","V","","µV","","µV"
"11/15/2022","17:21:50","7","default","171425599","OXY_CH7","1.564","min","184.494","μmol/L","Humid","21.226","deg","90386","µV","28.916","°C","1025.000","hPa","36.0","pmil","0","55.700","deg","20.000","°C","100.000","%a.s.","22.210","deg","20.000","°C","971.000","hPa","0.826","-0.01532","0.000401","-0.00012","0","11.08","Humid","30.45","0","49.40","253755.75","SABD0002000012","AAV2.0.0.13","4.0.0.2323","PSt7-10","171027-008","9/15/2022 2:43:31 PM","0000-00","0","no battery","V","","µV","","µV"
"11/15/2022","17:21:51","7","default","171425599","OXY_CH7","1.581","min","184.462","μmol/L","Humid","21.228","deg","90375","µV","28.916","°C","1025.000","hPa","36.0","pmil","0","55.700","deg","20.000","°C","100.000","%a.s.","22.210","deg","20.000","°C","971.000","hPa","0.826","-0.01532","0.000401","-0.00012","0","11.08","Humid","30.45","0","49.40","253738.38","SABD0002000012","AAV2.0.0.13","4.0.0.2323","PSt7-10","171027-008","9/15/2022 2:43:31 PM","0000-00","0","no battery","V","","µV","","µV"
"11/15/2022","17:21:52","7","default","171425599","OXY_CH7","1.597","min","184.445","μmol/L","Humid","21.229","deg","90374","µV","28.916","°C","1025.000","hPa","36.0","pmil","0","55.700","deg","20.000","°C","100.000","%a.s.","22.210","deg","20.000","°C","971.000","hPa","0.826","-0.01532","0.000401","-0.00012","0","11.08","Humid","30.45","0","49.40","253739.60","SABD0002000012","AAV2.0.0.13","4.0.0.2323","PSt7-10","171027-008","9/15/2022 2:43:31 PM","0000-00","0","no battery","V","","µV","","µV"
"11/15/2022","17:21:53","7","default","171425599","OXY_CH7","1.614","min","184.443","μmol/L","Humid","21.227","deg","90373","µV","28.923","°C","1025.000","hPa","36.0","pmil","0","55.700","deg","20.000","°C","100.000","%a.s.","22.210","deg","20.000","°C","971.000","hPa","0.826","-0.01532","0.000401","-0.00012","0","11.08","Humid","30.45","0","49.40","253729.90","SABD0002000012","AAV2.0.0.13","4.0.0.2323","PSt7-10","171027-008","9/15/2022 2:43:31 PM","0000-00","0","no battery","V","","µV","","µV"
"11/15/2022","17:21:54","7","default","171425599","OXY_CH7","1.630","min","184.543","μmol/L","Humid","21.223","deg","90370","µV","28.916","°C","1025.000","hPa","36.0","pmil","0","55.700","deg","20.000","°C","100.000","%a.s.","22.210","deg","20.000","°C","971.000","hPa","0.826","-0.01532","0.000401","-0.00012","0","11.08","Humid","30.45","0","49.40","253723.70","SABD0002000012","AAV2.0.0.13","4.0.0.2323","PSt7-10","171027-008","9/15/2022 2:43:31 PM","0000-00","0","no battery","V","","µV","","µV"
"11/15/2022","17:21:55","7","default","171425599","OXY_CH7","1.647","min","184.462","μmol/L","Humid","21.228","deg","90363","µV","28.916","°C","1025.000","hPa","36.0","pmil","0","55.700","deg","20.000","°C","100.000","%a.s.","22.210","deg","20.000","°C","971.000","hPa","0.826","-0.01532","0.000401","-0.00012","0","11.08","Humid","30.45","0","49.40","253724.89","SABD0002000012","AAV2.0.0.13","4.0.0.2323","PSt7-10","171027-008","9/15/2022 2:43:31 PM","0000-00","0","no battery","V","","µV","","µV"
"11/15/2022","17:21:56","7","default","171425599","OXY_CH7","1.663","min","184.511","μmol/L","Humid","21.225","deg","90356","µV","28.916","°C","1025.000","hPa","36.0","pmil","0","55.700","deg","20.000","°C","100.000","%a.s.","22.210","deg","20.000","°C","971.000","hPa","0.826","-0.01532","0.000401","-0.00012","0","11.08","Humid","30.45","0","49.40","253736.12","SABD0002000012","AAV2.0.0.13","4.0.0.2323","PSt7-10","171027-008","9/15/2022 2:43:31 PM","0000-00","0","no battery","V","","µV","","µV"
"11/15/2022","17:21:57","7","default","171425599","OXY_CH7","1.680","min","184.543","μmol/L","Humid","21.223","deg","90353","µV","28.916","°C","1025.000","hPa","36.0","pmil","0","55.700","deg","20.000","°C","100.000","%a.s.","22.210","deg","20.000","°C","971.000","hPa","0.826","-0.01532","0.000401","-0.00012","0","11.08","Humid","30.45","0","49.40","253729.42","SABD0002000012","AAV2.0.0.13","4.0.0.2323","PSt7-10","171027-008","9/15/2022 2:43:31 PM","0000-00","0","no battery","V","","µV","","µV"
"11/15/2022","17:21:58","7","default","171425599","OXY_CH7","1.697","min","184.562","μmol/L","Humid","21.224","deg","90349","µV","28.910","°C","1025.000","hPa","36.0","pmil","0","55.700","deg","20.000","°C","100.000","%a.s.","22.210","deg","20.000","°C","971.000","hPa","0.826","-0.01532","0.000401","-0.00012","0","11.08","Humid","30.45","0","49.40","253717.36","SABD0002000012","AAV2.0.0.13","4.0.0.2323","PSt7-10","171027-008","9/15/2022 2:43:31 PM","0000-00","0","no battery","V","","µV","","µV"
"11/15/2022","17:21:59","7","default","171425599","OXY_CH7","1.714","min","184.543","μmol/L","Humid","21.223","deg","90352","µV","28.916","°C","1025.000","hPa","36.0","pmil","0","55.700","deg","20.000","°C","100.000","%a.s.","22.210","deg","20.000","°C","971.000","hPa","0.826","-0.01532","0.000401","-0.00012","0","11.08","Humid","30.45","0","49.40","253724.33","SABD0002000012","AAV2.0.0.13","4.0.0.2323","PSt7-10","171027-008","9/15/2022 2:43:31 PM","0000-00","0","no battery","V","","µV","","µV"
"11/15/2022","17:22:00","7","default","171425599","OXY_CH7","1.730","min","184.494","μmol/L","Humid","21.226","deg","90338","µV","28.916","°C","1025.000","hPa","36.0","pmil","0","55.700","deg","20.000","°C","100.000","%a.s.","22.210","deg","20.000","°C","971.000","hPa","0.826","-0.01532","0.000401","-0.00012","0","11.08","Humid","30.45","0","49.40","253718.34","SABD0002000012","AAV2.0.0.13","4.0.0.2323","PSt7-10","171027-008","9/15/2022 2:43:31 PM","0000-00","0","no battery","V","","µV","","µV"
"11/15/2022","17:22:01","7","default","171425599","OXY_CH7","1.747","min","184.545","μmol/L","Humid","21.225","deg","90347","µV","28.910","°C","1025.000","hPa","36.0","pmil","0","55.700","deg","20.000","°C","100.000","%a.s.","22.210","deg","20.000","°C","971.000","hPa","0.826","-0.01532","0.000401","-0.00012","0","11.08","Humid","30.45","0","49.40","253716.57","SABD0002000012","AAV2.0.0.13","4.0.0.2323","PSt7-10","171027-008","9/15/2022 2:43:31 PM","0000-00","0","no battery","V","","µV","","µV"
"11/15/2022","17:22:02","7","default","171425599","OXY_CH7","1.764","min","184.609","μmol/L","Humid","21.219","deg","90332","µV","28.916","°C","1025.000","hPa","36.0","pmil","0","55.700","deg","20.000","°C","100.000","%a.s.","22.210","deg","20.000","°C","971.000","hPa","0.826","-0.01532","0.000401","-0.00012","0","11.08","Humid","30.45","0","49.40","253711.03","SABD0002000012","AAV2.0.0.13","4.0.0.2323","PSt7-10","171027-008","9/15/2022 2:43:31 PM","0000-00","0","no battery","V","","µV","","µV"
"11/15/2022","17:22:03","7","default","171425599","OXY_CH7","1.781","min","184.508","μmol/L","Humid","21.223","deg","90334","µV","28.923","°C","1025.000","hPa","36.0","pmil","0","55.700","deg","20.000","°C","100.000","%a.s.","22.210","deg","20.000","°C","971.000","hPa","0.826","-0.01532","0.000401","-0.00012","0","11.08","Humid","30.45","0","49.40","253715.11","SABD0002000012","AAV2.0.0.13","4.0.0.2323","PSt7-10","171027-008","9/15/2022 2:43:31 PM","0000-00","0","no battery","V","","µV","","µV"
"11/15/2022","17:22:04","7","default","171425599","OXY_CH7","1.798","min","184.513","μmol/L","Humid","21.227","deg","90331","µV","28.910","°C","1025.000","hPa","36.0","pmil","0","55.700","deg","20.000","°C","100.000","%a.s.","22.210","deg","20.000","°C","971.000","hPa","0.826","-0.01532","0.000401","-0.00012","0","11.08","Humid","30.45","0","49.40","253715.57","SABD0002000012","AAV2.0.0.13","4.0.0.2323","PSt7-10","171027-008","9/15/2022 2:43:31 PM","0000-00","0","no battery","V","","µV","","µV"
"11/15/2022","17:22:05","7","default","171425599","OXY_CH7","1.814","min","184.592","μmol/L","Humid","21.220","deg","90332","µV","28.916","°C","1025.000","hPa","36.0","pmil","0","55.700","deg","20.000","°C","100.000","%a.s.","22.210","deg","20.000","°C","971.000","hPa","0.826","-0.01532","0.000401","-0.00012","0","11.08","Humid","30.45","0","49.40","253712.63","SABD0002000012","AAV2.0.0.13","4.0.0.2323","PSt7-10","171027-008","9/15/2022 2:43:31 PM","0000-00","0","no battery","V","","µV","","µV"
"11/15/2022","17:22:06","7","default","171425599","OXY_CH7","1.830","min","184.578","μmol/L","Humid","21.223","deg","90325","µV","28.910","°C","1025.000","hPa","36.0","pmil","0","55.700","deg","20.000","°C","100.000","%a.s.","22.210","deg","20.000","°C","971.000","hPa","0.826","-0.01532","0.000401","-0.00012","0","11.08","Humid","30.45","0","49.40","253701.76","SABD0002000012","AAV2.0.0.13","4.0.0.2323","PSt7-10","171027-008","9/15/2022 2:43:31 PM","0000-00","0","no battery","V","","µV","","µV"
"11/15/2022","17:22:07","7","default","171425599","OXY_CH7","1.847","min","184.545","μmol/L","Humid","21.225","deg","90322","µV","28.910","°C","1025.000","hPa","36.0","pmil","0","55.700","deg","20.000","°C","100.000","%a.s.","22.210","deg","20.000","°C","971.000","hPa","0.826","-0.01532","0.000401","-0.00012","0","11.08","Humid","30.45","0","49.40","253704.06","SABD0002000012","AAV2.0.0.13","4.0.0.2323","PSt7-10","171027-008","9/15/2022 2:43:31 PM","0000-00","0","no battery","V","","µV","","µV"
"11/15/2022","17:22:08","7","default","171425599","OXY_CH7","1.864","min","184.557","μmol/L","Humid","21.220","deg","90322","µV","28.923","°C","1025.000","hPa","36.0","pmil","0","55.700","deg","20.000","°C","100.000","%a.s.","22.210","deg","20.000","°C","971.000","hPa","0.826","-0.01532","0.000401","-0.00012","0","11.08","Humid","30.45","0","49.40","253710.40","SABD0002000012","AAV2.0.0.13","4.0.0.2323","PSt7-10","171027-008","9/15/2022 2:43:31 PM","0000-00","0","no battery","V","","µV","","µV"
"11/15/2022","17:22:09","7","default","171425599","OXY_CH7","1.880","min","184.529","μmol/L","Humid","21.226","deg","90310","µV","28.910","°C","1025.000","hPa","36.0","pmil","0","55.700","deg","20.000","°C","100.000","%a.s.","22.210","deg","20.000","°C","971.000","hPa","0.826","-0.01532","0.000401","-0.00012","0","11.08","Humid","30.45","0","49.40","253700.36","SABD0002000012","AAV2.0.0.13","4.0.0.2323","PSt7-10","171027-008","9/15/2022 2:43:31 PM","0000-00","0","no battery","V","","µV","","µV"
"11/15/2022","17:22:10","7","default","171425599","OXY_CH7","1.897","min","184.609","μmol/L","Humid","21.219","deg","90311","µV","28.916","°C","1025.000","hPa","36.0","pmil","0","55.700","deg","20.000","°C","100.000","%a.s.","22.210","deg","20.000","°C","971.000","hPa","0.826","-0.01532","0.000401","-0.00012","0","11.08","Humid","30.45","0","49.40","253699.73","SABD0002000012","AAV2.0.0.13","4.0.0.2323","PSt7-10","171027-008","9/15/2022 2:43:31 PM","0000-00","0","no battery","V","","µV","","µV"
"11/15/2022","17:22:11","7","default","171425599","OXY_CH7","1.914","min","184.560","μmol/L","Humid","21.222","deg","90304","µV","28.916","°C","1025.000","hPa","36.0","pmil","0","55.700","deg","20.000","°C","100.000","%a.s.","22.210","deg","20.000","°C","971.000","hPa","0.826","-0.01532","0.000401","-0.00012","0","11.08","Humid","30.45","0","49.40","253703.17","SABD0002000012","AAV2.0.0.13","4.0.0.2323","PSt7-10","171027-008","9/15/2022 2:43:31 PM","0000-00","0","no battery","V","","µV","","µV"
"11/15/2022","17:22:12","7","default","171425599","OXY_CH7","1.931","min","184.543","μmol/L","Humid","21.223","deg","90302","µV","28.916","°C","1025.000","hPa","36.0","pmil","0","55.700","deg","20.000","°C","100.000","%a.s.","22.210","deg","20.000","°C","971.000","hPa","0.826","-0.01532","0.000401","-0.00012","0","11.08","Humid","30.45","0","49.40","253696.18","SABD0002000012","AAV2.0.0.13","4.0.0.2323","PSt7-10","171027-008","9/15/2022 2:43:31 PM","0000-00","0","no battery","V","","µV","","µV"
"11/15/2022","17:22:13","7","default","171425599","OXY_CH7","1.947","min","184.576","μmol/L","Humid","21.221","deg","90297","µV","28.916","°C","1025.000","hPa","36.0","pmil","0","55.700","deg","20.000","°C","100.000","%a.s.","22.210","deg","20.000","°C","971.000","hPa","0.826","-0.01532","0.000401","-0.00012","0","11.08","Humid","30.45","0","49.40","253680.69","SABD0002000012","AAV2.0.0.13","4.0.0.2323","PSt7-10","171027-008","9/15/2022 2:43:31 PM","0000-00","0","no battery","V","","µV","","µV"
"11/15/2022","17:22:14","7","default","171425599","OXY_CH7","1.964","min","184.676","μmol/L","Humid","21.217","deg","90298","µV","28.910","°C","1025.000","hPa","36.0","pmil","0","55.700","deg","20.000","°C","100.000","%a.s.","22.210","deg","20.000","°C","971.000","hPa","0.826","-0.01532","0.000401","-0.00012","0","11.08","Humid","30.45","0","49.40","253694.81","SABD0002000012","AAV2.0.0.13","4.0.0.2323","PSt7-10","171027-008","9/15/2022 2:43:31 PM","0000-00","0","no battery","V","","µV","","µV"
"11/15/2022","17:22:15","7","default","171425599","OXY_CH7","1.981","min","184.508","μmol/L","Humid","21.223","deg","90298","µV","28.923","°C","1025.000","hPa","36.0","pmil","0","55.700","deg","20.000","°C","100.000","%a.s.","22.210","deg","20.000","°C","971.000","hPa","0.826","-0.01532","0.000401","-0.00012","0","11.08","Humid","30.45","0","49.40","253687.07","SABD0002000012","AAV2.0.0.13","4.0.0.2323","PSt7-10","171027-008","9/15/2022 2:43:31 PM","0000-00","0","no battery","V","","µV","","µV"
"11/15/2022","17:22:16","7","default","171425599","OXY_CH7","1.998","min","184.592","μmol/L","Humid","21.220","deg","90295","µV","28.916","°C","1025.000","hPa","36.0","pmil","0","55.700","deg","20.000","°C","100.000","%a.s.","22.210","deg","20.000","°C","971.000","hPa","0.826","-0.01532","0.000401","-0.00012","0","11.08","Humid","30.45","0","49.40","253682.16","SABD0002000012","AAV2.0.0.13","4.0.0.2323","PSt7-10","171027-008","9/15/2022 2:43:31 PM","0000-00","0","no battery","V","","µV","","µV"
"11/15/2022","17:22:17","7","default","171425599","OXY_CH7","2.014","min","184.560","μmol/L","Humid","21.222","deg","90290","µV","28.916","°C","1025.000","hPa","36.0","pmil","0","55.700","deg","20.000","°C","100.000","%a.s.","22.210","deg","20.000","°C","971.000","hPa","0.826","-0.01532","0.000401","-0.00012","0","11.08","Humid","30.45","0","49.40","253682.25","SABD0002000012","AAV2.0.0.13","4.0.0.2323","PSt7-10","171027-008","9/15/2022 2:43:31 PM","0000-00","0","no battery","V","","µV","","µV"
"11/15/2022","17:22:18","7","default","171425599","OXY_CH7","2.030","min","184.562","μmol/L","Humid","21.224","deg","90287","µV","28.910","°C","1025.000","hPa","36.0","pmil","0","55.700","deg","20.000","°C","100.000","%a.s.","22.210","deg","20.000","°C","971.000","hPa","0.826","-0.01532","0.000401","-0.00012","0","11.08","Humid","30.45","0","49.40","253692.54","SABD0002000012","AAV2.0.0.13","4.0.0.2323","PSt7-10","171027-008","9/15/2022 2:43:31 PM","0000-00","0","no battery","V","","µV","","µV"
"11/15/2022","17:22:19","7","default","171425599","OXY_CH7","2.047","min","184.560","μmol/L","Humid","21.222","deg","90283","µV","28.916","°C","1025.000","hPa","36.0","pmil","0","55.700","deg","20.000","°C","100.000","%a.s.","22.210","deg","20.000","°C","971.000","hPa","0.826","-0.01532","0.000401","-0.00012","0","11.08","Humid","30.45","0","49.40","253673.74","SABD0002000012","AAV2.0.0.13","4.0.0.2323","PSt7-10","171027-008","9/15/2022 2:43:31 PM","0000-00","0","no battery","V","","µV","","µV"
"11/15/2022","17:22:20","7","default","171425599","OXY_CH7","2.064","min","184.609","μmol/L","Humid","21.219","deg","90275","µV","28.916","°C","1025.000","hPa","36.0","pmil","0","55.700","deg","20.000","°C","100.000","%a.s.","22.210","deg","20.000","°C","971.000","hPa","0.826","-0.01532","0.000401","-0.00012","0","11.08","Humid","30.45","0","49.40","253673.26","SABD0002000012","AAV2.0.0.13","4.0.0.2323","PSt7-10","171027-008","9/15/2022 2:43:31 PM","0000-00","0","no battery","V","","µV","","µV"
"11/15/2022","17:22:21","7","default","171425599","OXY_CH7","2.080","min","184.644","μmol/L","Humid","21.219","deg","90273","µV","28.910","°C","1025.000","hPa","36.0","pmil","0","55.700","deg","20.000","°C","100.000","%a.s.","22.210","deg","20.000","°C","971.000","hPa","0.826","-0.01532","0.000401","-0.00012","0","11.08","Humid","30.45","0","49.40","253679.84","SABD0002000012","AAV2.0.0.13","4.0.0.2323","PSt7-10","171027-008","9/15/2022 2:43:31 PM","0000-00","0","no battery","V","","µV","","µV"
"11/15/2022","17:22:22","7","default","171425599","OXY_CH7","2.097","min","184.609","μmol/L","Humid","21.219","deg","90268","µV","28.916","°C","1025.000","hPa","36.0","pmil","0","55.700","deg","20.000","°C","100.000","%a.s.","22.210","deg","20.000","°C","971.000","hPa","0.826","-0.01532","0.000401","-0.00012","0","11.08","Humid","30.45","0","49.40","253667.88","SABD0002000012","AAV2.0.0.13","4.0.0.2323","PSt7-10","171027-008","9/15/2022 2:43:31 PM","0000-00","0","no battery","V","","µV","","µV"
"11/15/2022","17:22:23","7","default","171425599","OXY_CH7","2.114","min","184.574","μmol/L","Humid","21.219","deg","90268","µV","28.923","°C","1025.000","hPa","36.0","pmil","0","55.700","deg","20.000","°C","100.000","%a.s.","22.210","deg","20.000","°C","971.000","hPa","0.826","-0.01532","0.000401","-0.00012","0","11.08","Humid","30.45","0","49.40","253687.11","SABD0002000012","AAV2.0.0.13","4.0.0.2323","PSt7-10","171027-008","9/15/2022 2:43:31 PM","0000-00","0","no battery","V","","µV","","µV"
"11/15/2022","17:22:24","7","default","171425599","OXY_CH7","2.131","min","184.609","μmol/L","Humid","21.219","deg","90271","µV","28.916","°C","1025.000","hPa","36.0","pmil","0","55.700","deg","20.000","°C","100.000","%a.s.","22.210","deg","20.000","°C","971.000","hPa","0.826","-0.01532","0.000401","-0.00012","0","11.08","Humid","30.45","0","49.40","253672.59","SABD0002000012","AAV2.0.0.13","4.0.0.2323","PSt7-10","171027-008","9/15/2022 2:43:31 PM","0000-00","0","no battery","V","","µV","","µV"
"11/15/2022","17:22:25","7","default","171425599","OXY_CH7","2.147","min","184.560","μmol/L","Humid","21.222","deg","90267","µV","28.916","°C","1025.000","hPa","36.0","pmil","0","55.700","deg","20.000","°C","100.000","%a.s.","22.210","deg","20.000","°C","971.000","hPa","0.826","-0.01532","0.000401","-0.00012","0","11.08","Humid","30.45","0","49.40","253662.48","SABD0002000012","AAV2.0.0.13","4.0.0.2323","PSt7-10","171027-008","9/15/2022 2:43:31 PM","0000-00","0","no battery","V","","µV","","µV"
"11/15/2022","17:22:26","7","default","171425599","OXY_CH7","2.164","min","184.609","μmol/L","Humid","21.219","deg","90265","µV","28.916","°C","1025.000","hPa","36.0","pmil","0","55.700","deg","20.000","°C","100.000","%a.s.","22.210","deg","20.000","°C","971.000","hPa","0.826","-0.01532","0.000401","-0.00012","0","11.08","Humid","30.45","0","49.40","253680.08","SABD0002000012","AAV2.0.0.13","4.0.0.2323","PSt7-10","171027-008","9/15/2022 2:43:31 PM","0000-00","0","no battery","V","","µV","","µV"
"11/15/2022","17:22:27","7","default","171425599","OXY_CH7","2.181","min","184.660","μmol/L","Humid","21.218","deg","90254","µV","28.910","°C","1025.000","hPa","36.0","pmil","0","55.700","deg","20.000","°C","100.000","%a.s.","22.210","deg","20.000","°C","971.000","hPa","0.826","-0.01532","0.000401","-0.00012","0","11.08","Humid","30.45","0","49.40","253658.83","SABD0002000012","AAV2.0.0.13","4.0.0.2323","PSt7-10","171027-008","9/15/2022 2:43:31 PM","0000-00","0","no battery","V","","µV","","µV"
"11/15/2022","17:22:28","7","default","171425599","OXY_CH7","2.198","min","184.625","μmol/L","Humid","21.218","deg","90245","µV","28.916","°C","1025.000","hPa","36.0","pmil","0","55.700","deg","20.000","°C","100.000","%a.s.","22.210","deg","20.000","°C","971.000","hPa","0.826","-0.01532","0.000401","-0.00012","0","11.08","Humid","30.45","0","49.40","253651.81","SABD0002000012","AAV2.0.0.13","4.0.0.2323","PSt7-10","171027-008","9/15/2022 2:43:31 PM","0000-00","0","no battery","V","","µV","","µV"
"11/15/2022","17:22:29","7","default","171425599","OXY_CH7","2.214","min","184.609","μmol/L","Humid","21.219","deg","90248","µV","28.916","°C","1025.000","hPa","36.0","pmil","0","55.700","deg","20.000","°C","100.000","%a.s.","22.210","deg","20.000","°C","971.000","hPa","0.826","-0.01532","0.000401","-0.00012","0","11.08","Humid","30.45","0","49.40","253658.13","SABD0002000012","AAV2.0.0.13","4.0.0.2323","PSt7-10","171027-008","9/15/2022 2:43:31 PM","0000-00","0","no battery","V","","µV","","µV"
"11/15/2022","17:22:30","7","default","171425599","OXY_CH7","2.230","min","184.557","μmol/L","Humid","21.220","deg","90245","µV","28.923","°C","1025.000","hPa","36.0","pmil","0","55.700","deg","20.000","°C","100.000","%a.s.","22.210","deg","20.000","°C","971.000","hPa","0.826","-0.01532","0.000401","-0.00012","0","11.08","Humid","30.45","0","49.40","253648.05","SABD0002000012","AAV2.0.0.13","4.0.0.2323","PSt7-10","171027-008","9/15/2022 2:43:31 PM","0000-00","0","no battery","V","","µV","","µV"
"11/15/2022","17:22:31","7","default","171425599","OXY_CH7","2.247","min","184.625","μmol/L","Humid","21.218","deg","90242","µV","28.916","°C","1025.000","hPa","36.0","pmil","0","55.700","deg","20.000","°C","100.000","%a.s.","22.210","deg","20.000","°C","971.000","hPa","0.826","-0.01532","0.000401","-0.00012","0","11.08","Humid","30.45","0","49.40","253658.48","SABD0002000012","AAV2.0.0.13","4.0.0.2323","PSt7-10","171027-008","9/15/2022 2:43:31 PM","0000-00","0","no battery","V","","µV","","µV"
"11/15/2022","17:22:32","7","default","171425599","OXY_CH7","2.264","min","184.609","μmol/L","Humid","21.219","deg","90239","µV","28.916","°C","1025.000","hPa","36.0","pmil","0","55.700","deg","20.000","°C","100.000","%a.s.","22.210","deg","20.000","°C","971.000","hPa","0.826","-0.01532","0.000401","-0.00012","0","11.08","Humid","30.45","0","49.40","253655.01","SABD0002000012","AAV2.0.0.13","4.0.0.2323","PSt7-10","171027-008","9/15/2022 2:43:31 PM","0000-00","0","no battery","V","","µV","","µV"
"11/15/2022","17:22:33","7","default","171425599","OXY_CH7","2.280","min","184.676","μmol/L","Humid","21.217","deg","90236","µV","28.910","°C","1025.000","hPa","36.0","pmil","0","55.700","deg","20.000","°C","100.000","%a.s.","22.210","deg","20.000","°C","971.000","hPa","0.826","-0.01532","0.000401","-0.00012","0","11.08","Humid","30.45","0","49.40","253646.56","SABD0002000012","AAV2.0.0.13","4.0.0.2323","PSt7-10","171027-008","9/15/2022 2:43:31 PM","0000-00","0","no battery","V","","µV","","µV"
"11/15/2022","17:22:34","7","default","171425599","OXY_CH7","2.297","min","184.625","μmol/L","Humid","21.218","deg","90243","µV","28.916","°C","1025.000","hPa","36.0","pmil","0","55.700","deg","20.000","°C","100.000","%a.s.","22.210","deg","20.000","°C","971.000","hPa","0.826","-0.01532","0.000401","-0.00012","0","11.08","Humid","30.45","0","49.40","253642.74","SABD0002000012","AAV2.0.0.13","4.0.0.2323","PSt7-10","171027-008","9/15/2022 2:43:31 PM","0000-00","0","no battery","V","","µV","","µV"
"11/15/2022","17:22:35","7","default","171425599","OXY_CH7","2.314","min","184.609","μmol/L","Humid","21.219","deg","90228","µV","28.916","°C","1025.000","hPa","36.0","pmil","0","55.700","deg","20.000","°C","100.000","%a.s.","22.210","deg","20.000","°C","971.000","hPa","0.826","-0.01532","0.000401","-0.00012","0","11.08","Humid","30.45","0","49.40","253651.66","SABD0002000012","AAV2.0.0.13","4.0.0.2323","PSt7-10","171027-008","9/15/2022 2:43:31 PM","0000-00","0","no battery","V","","µV","","µV"
"11/15/2022","17:22:36","7","default","171425599","OXY_CH7","2.331","min","184.693","μmol/L","Humid","21.216","deg","90230","µV","28.910","°C","1025.000","hPa","36.0","pmil","0","55.700","deg","20.000","°C","100.000","%a.s.","22.210","deg","20.000","°C","971.000","hPa","0.826","-0.01532","0.000401","-0.00012","0","11.08","Humid","30.45","0","49.40","253652.37","SABD0002000012","AAV2.0.0.13","4.0.0.2323","PSt7-10","171027-008","9/15/2022 2:43:31 PM","0000-00","0","no battery","V","","µV","","µV"
"11/15/2022","17:22:37","7","default","171425599","OXY_CH7","2.347","min","184.656","μmol/L","Humid","21.214","deg","90223","µV","28.923","°C","1025.000","hPa","36.0","pmil","0","55.700","deg","20.000","°C","100.000","%a.s.","22.210","deg","20.000","°C","971.000","hPa","0.826","-0.01532","0.000401","-0.00012","0","11.08","Humid","30.45","0","49.40","253653.79","SABD0002000012","AAV2.0.0.13","4.0.0.2323","PSt7-10","171027-008","9/15/2022 2:43:31 PM","0000-00","0","no battery","V","","µV","","µV"
"11/15/2022","17:22:38","7","default","171425599","OXY_CH7","2.364","min","184.625","μmol/L","Humid","21.218","deg","90224","µV","28.916","°C","1025.000","hPa","36.0","pmil","0","55.700","deg","20.000","°C","100.000","%a.s.","22.210","deg","20.000","°C","971.000","hPa","0.826","-0.01532","0.000401","-0.00012","0","11.08","Humid","30.45","0","49.40","253651.99","SABD0002000012","AAV2.0.0.13","4.0.0.2323","PSt7-10","171027-008","9/15/2022 2:43:31 PM","0000-00","0","no battery","V","","µV","","µV"
"11/15/2022","17:22:39","7","default","171425599","OXY_CH7","2.381","min","184.639","μmol/L","Humid","21.215","deg","90218","µV","28.923","°C","1025.000","hPa","36.0","pmil","0","55.700","deg","20.000","°C","100.000","%a.s.","22.210","deg","20.000","°C","971.000","hPa","0.826","-0.01532","0.000401","-0.00012","0","11.08","Humid","30.45","0","49.40","253641.95","SABD0002000012","AAV2.0.0.13","4.0.0.2323","PSt7-10","171027-008","9/15/2022 2:43:31 PM","0000-00","0","no battery","V","","µV","","µV"
"11/15/2022","17:22:40","7","default","171425599","OXY_CH7","2.397","min","184.742","μmol/L","Humid","21.213","deg","90218","µV","28.910","°C","1025.000","hPa","36.0","pmil","0","55.700","deg","20.000","°C","100.000","%a.s.","22.210","deg","20.000","°C","971.000","hPa","0.826","-0.01532","0.000401","-0.00012","0","11.08","Humid","30.45","0","49.40","253631.42","SABD0002000012","AAV2.0.0.13","4.0.0.2323","PSt7-10","171027-008","9/15/2022 2:43:31 PM","0000-00","0","no battery","V","","µV","","µV"
"11/15/2022","17:22:41","7","default","171425599","OXY_CH7","2.413","min","184.590","μmol/L","Humid","21.218","deg","90215","µV","28.923","°C","1025.000","hPa","36.0","pmil","0","55.700","deg","20.000","°C","100.000","%a.s.","22.210","deg","20.000","°C","971.000","hPa","0.826","-0.01532","0.000401","-0.00012","0","11.08","Humid","30.45","0","49.40","253639.93","SABD0002000012","AAV2.0.0.13","4.0.0.2323","PSt7-10","171027-008","9/15/2022 2:43:31 PM","0000-00","0","no battery","V","","µV","","µV"
"11/15/2022","17:22:42","7","default","171425599","OXY_CH7","2.430","min","184.658","μmol/L","Humid","21.216","deg","90206","µV","28.916","°C","1025.000","hPa","36.0","pmil","0","55.700","deg","20.000","°C","100.000","%a.s.","22.210","deg","20.000","°C","971.000","hPa","0.826","-0.01532","0.000401","-0.00012","0","11.08","Humid","30.45","0","49.40","253624.26","SABD0002000012","AAV2.0.0.13","4.0.0.2323","PSt7-10","171027-008","9/15/2022 2:43:31 PM","0000-00","0","no battery","V","","µV","","µV"
"11/15/2022","17:22:43","7","default","171425599","OXY_CH7","2.447","min","184.690","μmol/L","Humid","21.214","deg","90204","µV","28.916","°C","1025.000","hPa","36.0","pmil","0","55.700","deg","20.000","°C","100.000","%a.s.","22.210","deg","20.000","°C","971.000","hPa","0.826","-0.01532","0.000401","-0.00012","0","11.08","Humid","30.45","0","49.40","253630.61","SABD0002000012","AAV2.0.0.13","4.0.0.2323","PSt7-10","171027-008","9/15/2022 2:43:31 PM","0000-00","0","no battery","V","","µV","","µV"
"11/15/2022","17:22:44","7","default","171425599","OXY_CH7","2.464","min","184.658","μmol/L","Humid","21.216","deg","90200","µV","28.916","°C","1025.000","hPa","36.0","pmil","0","55.700","deg","20.000","°C","100.000","%a.s.","22.210","deg","20.000","°C","971.000","hPa","0.826","-0.01532","0.000401","-0.00012","0","11.08","Humid","30.45","0","49.40","253620.39","SABD0002000012","AAV2.0.0.13","4.0.0.2323","PSt7-10","171027-008","9/15/2022 2:43:31 PM","0000-00","0","no battery","V","","µV","","µV"
"11/15/2022","17:22:45","7","default","171425599","OXY_CH7","2.480","min","184.676","μmol/L","Humid","21.217","deg","90189","µV","28.910","°C","1025.000","hPa","36.0","pmil","0","55.700","deg","20.000","°C","100.000","%a.s.","22.210","deg","20.000","°C","971.000","hPa","0.826","-0.01532","0.000401","-0.00012","0","11.08","Humid","30.45","0","49.40","253615.25","SABD0002000012","AAV2.0.0.13","4.0.0.2323","PSt7-10","171027-008","9/15/2022 2:43:31 PM","0000-00","0","no battery","V","","µV","","µV"
"11/15/2022","17:22:46","7","default","171425599","OXY_CH7","2.497","min","184.623","μmol/L","Humid","21.216","deg","90201","µV","28.923","°C","1025.000","hPa","36.0","pmil","0","55.700","deg","20.000","°C","100.000","%a.s.","22.210","deg","20.000","°C","971.000","hPa","0.826","-0.01532","0.000401","-0.00012","0","11.08","Humid","30.45","0","49.40","253636.68","SABD0002000012","AAV2.0.0.13","4.0.0.2323","PSt7-10","171027-008","9/15/2022 2:43:31 PM","0000-00","0","no battery","V","","µV","","µV"
"11/15/2022","17:22:47","7","default","171425599","OXY_CH7","2.514","min","184.725","μmol/L","Humid","21.214","deg","90192","µV","28.910","°C","1025.000","hPa","36.0","pmil","0","55.700","deg","20.000","°C","100.000","%a.s.","22.210","deg","20.000","°C","971.000","hPa","0.826","-0.01532","0.000401","-0.00012","0","11.08","Humid","30.45","0","49.40","253634.72","SABD0002000012","AAV2.0.0.13","4.0.0.2323","PSt7-10","171027-008","9/15/2022 2:43:31 PM","0000-00","0","no battery","V","","µV","","µV"
"11/15/2022","17:22:48","7","default","171425599","OXY_CH7","2.531","min","184.723","μmol/L","Humid","21.212","deg","90192","µV","28.916","°C","1025.000","hPa","36.0","pmil","0","55.700","deg","20.000","°C","100.000","%a.s.","22.210","deg","20.000","°C","971.000","hPa","0.826","-0.01532","0.000401","-0.00012","0","11.08","Humid","30.45","0","49.40","253624.37","SABD0002000012","AAV2.0.0.13","4.0.0.2323","PSt7-10","171027-008","9/15/2022 2:43:31 PM","0000-00","0","no battery","V","","µV","","µV"
"11/15/2022","17:22:49","7","default","171425599","OXY_CH7","2.548","min","184.606","μmol/L","Humid","21.217","deg","90183","µV","28.923","°C","1025.000","hPa","36.0","pmil","0","55.700","deg","20.000","°C","100.000","%a.s.","22.210","deg","20.000","°C","971.000","hPa","0.826","-0.01532","0.000401","-0.00012","0","11.08","Humid","30.45","0","49.40","253622.81","SABD0002000012","AAV2.0.0.13","4.0.0.2323","PSt7-10","171027-008","9/15/2022 2:43:31 PM","0000-00","0","no battery","V","","µV","","µV"
"11/15/2022","17:22:50","7","default","171425599","OXY_CH7","2.563","min","184.709","μmol/L","Humid","21.215","deg","90187","µV","28.910","°C","1025.000","hPa","36.0","pmil","0","55.700","deg","20.000","°C","100.000","%a.s.","22.210","deg","20.000","°C","971.000","hPa","0.826","-0.01532","0.000401","-0.00012","0","11.08","Humid","30.45","0","49.40","253608.29","SABD0002000012","AAV2.0.0.13","4.0.0.2323","PSt7-10","171027-008","9/15/2022 2:43:31 PM","0000-00","0","no battery","V","","µV","","µV"
"11/15/2022","17:22:51","7","default","171425599","OXY_CH7","2.580","min","184.674","μmol/L","Humid","21.215","deg","90180","µV","28.916","°C","1025.000","hPa","36.0","pmil","0","55.700","deg","20.000","°C","100.000","%a.s.","22.210","deg","20.000","°C","971.000","hPa","0.826","-0.01532","0.000401","-0.00012","0","11.08","Humid","30.45","0","49.40","253611.05","SABD0002000012","AAV2.0.0.13","4.0.0.2323","PSt7-10","171027-008","9/15/2022 2:43:31 PM","0000-00","0","no battery","V","","µV","","µV"
"11/15/2022","17:22:52","7","default","171425599","OXY_CH7","2.597","min","184.690","μmol/L","Humid","21.214","deg","90185","µV","28.916","°C","1025.000","hPa","36.0","pmil","0","55.700","deg","20.000","°C","100.000","%a.s.","22.210","deg","20.000","°C","971.000","hPa","0.826","-0.01532","0.000401","-0.00012","0","11.08","Humid","30.45","0","49.40","253608.55","SABD0002000012","AAV2.0.0.13","4.0.0.2323","PSt7-10","171027-008","9/15/2022 2:43:31 PM","0000-00","0","no battery","V","","µV","","µV"
"11/15/2022","17:22:53","7","default","171425599","OXY_CH7","2.614","min","184.641","μmol/L","Humid","21.217","deg","90173","µV","28.916","°C","1025.000","hPa","36.0","pmil","0","55.700","deg","20.000","°C","100.000","%a.s.","22.210","deg","20.000","°C","971.000","hPa","0.826","-0.01532","0.000401","-0.00012","0","11.08","Humid","30.45","0","49.40","253606.92","SABD0002000012","AAV2.0.0.13","4.0.0.2323","PSt7-10","171027-008","9/15/2022 2:43:31 PM","0000-00","0","no battery","V","","µV","","µV"
"11/15/2022","17:22:54","7","default","171425599","OXY_CH7","2.630","min","184.690","μmol/L","Humid","21.214","deg","90169","µV","28.916","°C","1025.000","hPa","36.0","pmil","0","55.700","deg","20.000","°C","100.000","%a.s.","22.210","deg","20.000","°C","971.000","hPa","0.826","-0.01532","0.000401","-0.00012","0","11.08","Humid","30.45","0","49.40","253619.83","SABD0002000012","AAV2.0.0.13","4.0.0.2323","PSt7-10","171027-008","9/15/2022 2:43:31 PM","0000-00","0","no battery","V","","µV","","µV"
"11/15/2022","17:22:55","7","default","171425599","OXY_CH7","2.647","min","184.590","μmol/L","Humid","21.218","deg","90170","µV","28.923","°C","1025.000","hPa","36.0","pmil","0","55.700","deg","20.000","°C","100.000","%a.s.","22.210","deg","20.000","°C","971.000","hPa","0.826","-0.01532","0.000401","-0.00012","0","11.08","Humid","30.45","0","49.40","253616.91","SABD0002000012","AAV2.0.0.13","4.0.0.2323","PSt7-10","171027-008","9/15/2022 2:43:31 PM","0000-00","0","no battery","V","","µV","","µV"
"11/15/2022","17:22:56","7","default","171425599","OXY_CH7","2.664","min","184.705","μmol/L","Humid","21.211","deg","90163","µV","28.923","°C","1025.000","hPa","36.0","pmil","0","55.700","deg","20.000","°C","100.000","%a.s.","22.210","deg","20.000","°C","971.000","hPa","0.826","-0.01532","0.000401","-0.00012","0","11.08","Humid","30.45","0","49.40","253602.63","SABD0002000012","AAV2.0.0.13","4.0.0.2323","PSt7-10","171027-008","9/15/2022 2:43:31 PM","0000-00","0","no battery","V","","µV","","µV"
"11/15/2022","17:22:57","7","default","171425599","OXY_CH7","2.681","min","184.707","μmol/L","Humid","21.213","deg","90161","µV","28.916","°C","1025.000","hPa","36.0","pmil","0","55.700","deg","20.000","°C","100.000","%a.s.","22.210","deg","20.000","°C","971.000","hPa","0.826","-0.01532","0.000401","-0.00012","0","11.08","Humid","30.45","0","49.40","253599.94","SABD0002000012","AAV2.0.0.13","4.0.0.2323","PSt7-10","171027-008","9/15/2022 2:43:31 PM","0000-00","0","no battery","V","","µV","","µV"
"11/15/2022","17:22:58","7","default","171425599","OXY_CH7","2.697","min","184.742","μmol/L","Humid","21.213","deg","90153","µV","28.910","°C","1025.000","hPa","36.0","pmil","0","55.700","deg","20.000","°C","100.000","%a.s.","22.210","deg","20.000","°C","971.000","hPa","0.826","-0.01532","0.000401","-0.00012","0","11.08","Humid","30.45","0","49.40","253586.71","SABD0002000012","AAV2.0.0.13","4.0.0.2323","PSt7-10","171027-008","9/15/2022 2:43:31 PM","0000-00","0","no battery","V","","µV","","µV"
"11/15/2022","17:22:59","7","default","171425599","OXY_CH7","2.714","min","184.674","μmol/L","Humid","21.215","deg","90155","µV","28.916","°C","1025.000","hPa","36.0","pmil","0","55.700","deg","20.000","°C","100.000","%a.s.","22.210","deg","20.000","°C","971.000","hPa","0.826","-0.01532","0.000401","-0.00012","0","11.08","Humid","30.45","0","49.40","253593.00","SABD0002000012","AAV2.0.0.13","4.0.0.2323","PSt7-10","171027-008","9/15/2022 2:43:31 PM","0000-00","0","no battery","V","","µV","","µV"
"11/15/2022","17:23:00","7","default","171425599","OXY_CH7","2.731","min","184.723","μmol/L","Humid","21.212","deg","90154","µV","28.916","°C","1025.000","hPa","36.0","pmil","0","55.700","deg","20.000","°C","100.000","%a.s.","22.210","deg","20.000","°C","971.000","hPa","0.826","-0.01532","0.000401","-0.00012","0","11.08","Humid","30.45","0","49.40","253598.61","SABD0002000012","AAV2.0.0.13","4.0.0.2323","PSt7-10","171027-008","9/15/2022 2:43:31 PM","0000-00","0","no battery","V","","µV","","µV"
"11/15/2022","17:23:01","7","default","171425599","OXY_CH7","2.747","min","184.656","μmol/L","Humid","21.214","deg","90149","µV","28.923","°C","1025.000","hPa","36.0","pmil","0","55.700","deg","20.000","°C","100.000","%a.s.","22.210","deg","20.000","°C","971.000","hPa","0.826","-0.01532","0.000401","-0.00012","0","11.08","Humid","30.45","0","49.40","253600.77","SABD0002000012","AAV2.0.0.13","4.0.0.2323","PSt7-10","171027-008","9/15/2022 2:43:31 PM","0000-00","0","no battery","V","","µV","","µV"
"11/15/2022","17:23:02","7","default","171425599","OXY_CH7","2.763","min","184.723","μmol/L","Humid","21.212","deg","90142","µV","28.916","°C","1025.000","hPa","36.0","pmil","0","55.700","deg","20.000","°C","100.000","%a.s.","22.210","deg","20.000","°C","971.000","hPa","0.826","-0.01532","0.000401","-0.00012","0","11.08","Humid","30.45","0","49.40","253596.29","SABD0002000012","AAV2.0.0.13","4.0.0.2323","PSt7-10","171027-008","9/15/2022 2:43:31 PM","0000-00","0","no battery","V","","µV","","µV"
"11/15/2022","17:23:03","7","default","171425599","OXY_CH7","2.780","min","184.756","μmol/L","Humid","21.210","deg","90144","µV","28.916","°C","1025.000","hPa","36.0","pmil","0","55.700","deg","20.000","°C","100.000","%a.s.","22.210","deg","20.000","°C","971.000","hPa","0.826","-0.01532","0.000401","-0.00012","0","11.08","Humid","30.45","0","49.40","253594.90","SABD0002000012","AAV2.0.0.13","4.0.0.2323","PSt7-10","171027-008","9/15/2022 2:43:31 PM","0000-00","0","no battery","V","","µV","","µV"
"11/15/2022","17:23:04","7","default","171425599","OXY_CH7","2.797","min","184.707","μmol/L","Humid","21.213","deg","90139","µV","28.916","°C","1025.000","hPa","36.0","pmil","0","55.700","deg","20.000","°C","100.000","%a.s.","22.210","deg","20.000","°C","971.000","hPa","0.826","-0.01532","0.000401","-0.00012","0","11.08","Humid","30.45","0","49.40","253577.76","SABD0002000012","AAV2.0.0.13","4.0.0.2323","PSt7-10","171027-008","9/15/2022 2:43:31 PM","0000-00","0","no battery","V","","µV","","µV"
"11/15/2022","17:23:05","7","default","171425599","OXY_CH7","2.814","min","184.737","μmol/L","Humid","21.209","deg","90141","µV","28.923","°C","1025.000","hPa","36.0","pmil","0","55.700","deg","20.000","°C","100.000","%a.s.","22.210","deg","20.000","°C","971.000","hPa","0.826","-0.01532","0.000401","-0.00012","0","11.08","Humid","30.45","0","49.40","253594.69","SABD0002000012","AAV2.0.0.13","4.0.0.2323","PSt7-10","171027-008","9/15/2022 2:43:31 PM","0000-00","0","no battery","V","","µV","","µV"
"11/15/2022","17:23:06","7","default","171425599","OXY_CH7","2.831","min","184.740","μmol/L","Humid","21.211","deg","90137","µV","28.916","°C","1025.000","hPa","36.0","pmil","0","55.700","deg","20.000","°C","100.000","%a.s.","22.210","deg","20.000","°C","971.000","hPa","0.826","-0.01532","0.000401","-0.00012","0","11.08","Humid","30.45","0","49.40","253581.14","SABD0002000012","AAV2.0.0.13","4.0.0.2323","PSt7-10","171027-008","9/15/2022 2:43:31 PM","0000-00","0","no battery","V","","µV","","µV"
"11/15/2022","17:23:07","7","default","171425599","OXY_CH7","2.847","min","184.754","μmol/L","Humid","21.208","deg","90133","µV","28.923","°C","1025.000","hPa","36.0","pmil","0","55.700","deg","20.000","°C","100.000","%a.s.","22.210","deg","20.000","°C","971.000","hPa","0.826","-0.01532","0.000401","-0.00012","0","11.08","Humid","30.45","0","49.40","253599.84","SABD0002000012","AAV2.0.0.13","4.0.0.2323","PSt7-10","171027-008","9/15/2022 2:43:31 PM","0000-00","0","no battery","V","","µV","","µV"
"11/15/2022","17:23:08","7","default","171425599","OXY_CH7","2.864","min","184.740","μmol/L","Humid","21.211","deg","90128","µV","28.916","°C","1025.000","hPa","36.0","pmil","0","55.700","deg","20.000","°C","100.000","%a.s.","22.210","deg","20.000","°C","971.000","hPa","0.826","-0.01532","0.000401","-0.00012","0","11.08","Humid","30.45","0","49.40","253591.01","SABD0002000012","AAV2.0.0.13","4.0.0.2323","PSt7-10","171027-008","9/15/2022 2:43:31 PM","0000-00","0","no battery","V","","µV","","µV"
"11/15/2022","17:23:09","7","default","171425599","OXY_CH7","2.881","min","184.824","μmol/L","Humid","21.208","deg","90129","µV","28.910","°C","1025.000","hPa","36.0","pmil","0","55.700","deg","20.000","°C","100.000","%a.s.","22.210","deg","20.000","°C","971.000","hPa","0.826","-0.01532","0.000401","-0.00012","0","11.08","Humid","30.45","0","49.40","253581.21","SABD0002000012","AAV2.0.0.13","4.0.0.2323","PSt7-10","171027-008","9/15/2022 2:43:31 PM","0000-00","0","no battery","V","","µV","","µV"
"11/15/2022","17:23:10","7","default","171425599","OXY_CH7","2.898","min","184.756","μmol/L","Humid","21.210","deg","90128","µV","28.916","°C","1025.000","hPa","36.0","pmil","0","55.700","deg","20.000","°C","100.000","%a.s.","22.210","deg","20.000","°C","971.000","hPa","0.826","-0.01532","0.000401","-0.00012","0","11.08","Humid","30.45","0","49.40","253589.18","SABD0002000012","AAV2.0.0.13","4.0.0.2323","PSt7-10","171027-008","9/15/2022 2:43:31 PM","0000-00","0","no battery","V","","µV","","µV"
"11/15/2022","17:23:11","7","default","171425599","OXY_CH7","2.914","min","184.721","μmol/L","Humid","21.210","deg","90119","µV","28.923","°C","1025.000","hPa","36.0","pmil","0","55.700","deg","20.000","°C","100.000","%a.s.","22.210","deg","20.000","°C","971.000","hPa","0.826","-0.01532","0.000401","-0.00012","0","11.08","Humid","30.45","0","49.40","253583.09","SABD0002000012","AAV2.0.0.13","4.0.0.2323","PSt7-10","171027-008","9/15/2022 2:43:31 PM","0000-00","0","no battery","V","","µV","","µV"
"11/15/2022","17:23:12","7","default","171425599","OXY_CH7","2.930","min","184.756","μmol/L","Humid","21.210","deg","90120","µV","28.916","°C","1025.000","hPa","36.0","pmil","0","55.700","deg","20.000","°C","100.000","%a.s.","22.210","deg","20.000","°C","971.000","hPa","0.826","-0.01532","0.000401","-0.00012","0","11.08","Humid","30.45","0","49.40","253579.39","SABD0002000012","AAV2.0.0.13","4.0.0.2323","PSt7-10","171027-008","9/15/2022 2:43:31 PM","0000-00","0","no battery","V","","µV","","µV"
"11/15/2022","17:23:13","7","default","171425599","OXY_CH7","2.947","min","184.723","μmol/L","Humid","21.212","deg","90109","µV","28.916","°C","1025.000","hPa","36.0","pmil","0","55.700","deg","20.000","°C","100.000","%a.s.","22.210","deg","20.000","°C","971.000","hPa","0.826","-0.01532","0.000401","-0.00012","0","11.08","Humid","30.45","0","49.40","253578.52","SABD0002000012","AAV2.0.0.13","4.0.0.2323","PSt7-10","171027-008","9/15/2022 2:43:31 PM","0000-00","0","no battery","V","","µV","","µV"
"11/15/2022","17:23:14","7","default","171425599","OXY_CH7","2.964","min","184.756","μmol/L","Humid","21.210","deg","90115","µV","28.916","°C","1025.000","hPa","36.0","pmil","0","55.700","deg","20.000","°C","100.000","%a.s.","22.210","deg","20.000","°C","971.000","hPa","0.826","-0.01532","0.000401","-0.00012","0","11.08","Humid","30.45","0","49.40","253579.71","SABD0002000012","AAV2.0.0.13","4.0.0.2323","PSt7-10","171027-008","9/15/2022 2:43:31 PM","0000-00","0","no battery","V","","µV","","µV"
"11/15/2022","17:23:15","7","default","171425599","OXY_CH7","2.980","min","184.723","μmol/L","Humid","21.212","deg","90103","µV","28.916","°C","1025.000","hPa","36.0","pmil","0","55.700","deg","20.000","°C","100.000","%a.s.","22.210","deg","20.000","°C","971.000","hPa","0.826","-0.01532","0.000401","-0.00012","0","11.08","Humid","30.45","0","49.40","253556.53","SABD0002000012","AAV2.0.0.13","4.0.0.2323","PSt7-10","171027-008","9/15/2022 2:43:31 PM","0000-00","0","no battery","V","","µV","","µV"
"11/15/2022","17:23:16","7","default","171425599","OXY_CH7","2.997","min","184.789","μmol/L","Humid","21.208","deg","90108","µV","28.916","°C","1025.000","hPa","36.0","pmil","0","55.700","deg","20.000","°C","100.000","%a.s.","22.210","deg","20.000","°C","971.000","hPa","0.826","-0.01532","0.000401","-0.00012","0","11.08","Humid","30.45","0","49.40","253563.77","SABD0002000012","AAV2.0.0.13","4.0.0.2323","PSt7-10","171027-008","9/15/2022 2:43:31 PM","0000-00","0","no battery","V","","µV","","µV"
"11/15/2022","17:23:17","7","default","171425599","OXY_CH7","3.014","min","184.786","μmol/L","Humid","21.206","deg","90105","µV","28.923","°C","1025.000","hPa","36.0","pmil","0","55.700","deg","20.000","°C","100.000","%a.s.","22.210","deg","20.000","°C","971.000","hPa","0.826","-0.01532","0.000401","-0.00012","0","11.08","Humid","30.45","0","49.40","253566.82","SABD0002000012","AAV2.0.0.13","4.0.0.2323","PSt7-10","171027-008","9/15/2022 2:43:31 PM","0000-00","0","no battery","V","","µV","","µV"
"11/15/2022","17:23:18","7","default","171425599","OXY_CH7","3.030","min","184.770","μmol/L","Humid","21.207","deg","90099","µV","28.923","°C","1025.000","hPa","36.0","pmil","0","55.700","deg","20.000","°C","100.000","%a.s.","22.210","deg","20.000","°C","971.000","hPa","0.826","-0.01532","0.000401","-0.00012","0","11.08","Humid","30.45","0","49.40","253561.78","SABD0002000012","AAV2.0.0.13","4.0.0.2323","PSt7-10","171027-008","9/15/2022 2:43:31 PM","0000-00","0","no battery","V","","µV","","µV"
"11/15/2022","17:23:19","7","default","171425599","OXY_CH7","3.047","min","184.805","μmol/L","Humid","21.207","deg","90093","µV","28.916","°C","1025.000","hPa","36.0","pmil","0","55.700","deg","20.000","°C","100.000","%a.s.","22.210","deg","20.000","°C","971.000","hPa","0.826","-0.01532","0.000401","-0.00012","0","11.08","Humid","30.45","0","49.40","253559.34","SABD0002000012","AAV2.0.0.13","4.0.0.2323","PSt7-10","171027-008","9/15/2022 2:43:31 PM","0000-00","0","no battery","V","","µV","","µV"
"11/15/2022","17:23:20","7","default","171425599","OXY_CH7","3.064","min","184.789","μmol/L","Humid","21.208","deg","90095","µV","28.916","°C","1025.000","hPa","36.0","pmil","0","55.700","deg","20.000","°C","100.000","%a.s.","22.210","deg","20.000","°C","971.000","hPa","0.826","-0.01532","0.000401","-0.00012","0","11.08","Humid","30.45","0","49.40","253569.58","SABD0002000012","AAV2.0.0.13","4.0.0.2323","PSt7-10","171027-008","9/15/2022 2:43:31 PM","0000-00","0","no battery","V","","µV","","µV"
"11/15/2022","17:23:21","7","default","171425599","OXY_CH7","3.081","min","184.772","μmol/L","Humid","21.209","deg","90086","µV","28.916","°C","1025.000","hPa","36.0","pmil","0","55.700","deg","20.000","°C","100.000","%a.s.","22.210","deg","20.000","°C","971.000","hPa","0.826","-0.01532","0.000401","-0.00012","0","11.08","Humid","30.45","0","49.40","253552.13","SABD0002000012","AAV2.0.0.13","4.0.0.2323","PSt7-10","171027-008","9/15/2022 2:43:31 PM","0000-00","0","no battery","V","","µV","","µV"
"11/15/2022","17:23:22","7","default","171425599","OXY_CH7","3.097","min","184.740","μmol/L","Humid","21.211","deg","90089","µV","28.916","°C","1025.000","hPa","36.0","pmil","0","55.700","deg","20.000","°C","100.000","%a.s.","22.210","deg","20.000","°C","971.000","hPa","0.826","-0.01532","0.000401","-0.00012","0","11.08","Humid","30.45","0","49.40","253542.58","SABD0002000012","AAV2.0.0.13","4.0.0.2323","PSt7-10","171027-008","9/15/2022 2:43:31 PM","0000-00","0","no battery","V","","µV","","µV"
"11/15/2022","17:23:23","7","default","171425599","OXY_CH7","3.114","min","184.789","μmol/L","Humid","21.208","deg","90083","µV","28.916","°C","1025.000","hPa","36.0","pmil","0","55.700","deg","20.000","°C","100.000","%a.s.","22.210","deg","20.000","°C","971.000","hPa","0.826","-0.01532","0.000401","-0.00012","0","11.08","Humid","30.45","0","49.40","253550.75","SABD0002000012","AAV2.0.0.13","4.0.0.2323","PSt7-10","171027-008","9/15/2022 2:43:31 PM","0000-00","0","no battery","V","","µV","","µV"
"11/15/2022","17:23:24","7","default","171425599","OXY_CH7","3.130","min","184.740","μmol/L","Humid","21.211","deg","90075","µV","28.916","°C","1025.000","hPa","36.0","pmil","0","55.700","deg","20.000","°C","100.000","%a.s.","22.210","deg","20.000","°C","971.000","hPa","0.826","-0.01532","0.000401","-0.00012","0","11.08","Humid","30.45","0","49.40","253545.60","SABD0002000012","AAV2.0.0.13","4.0.0.2323","PSt7-10","171027-008","9/15/2022 2:43:31 PM","0000-00","0","no battery","V","","µV","","µV"
"11/15/2022","17:23:25","7","default","171425599","OXY_CH7","3.147","min","184.754","μmol/L","Humid","21.208","deg","90079","µV","28.923","°C","1025.000","hPa","36.0","pmil","0","55.700","deg","20.000","°C","100.000","%a.s.","22.210","deg","20.000","°C","971.000","hPa","0.826","-0.01532","0.000401","-0.00012","0","11.08","Humid","30.45","0","49.40","253541.44","SABD0002000012","AAV2.0.0.13","4.0.0.2323","PSt7-10","171027-008","9/15/2022 2:43:31 PM","0000-00","0","no battery","V","","µV","","µV"
"11/15/2022","17:23:26","7","default","171425599","OXY_CH7","3.164","min","184.737","μmol/L","Humid","21.209","deg","90082","µV","28.923","°C","1025.000","hPa","36.0","pmil","0","55.700","deg","20.000","°C","100.000","%a.s.","22.210","deg","20.000","°C","971.000","hPa","0.826","-0.01532","0.000401","-0.00012","0","11.08","Humid","30.45","0","49.40","253539.99","SABD0002000012","AAV2.0.0.13","4.0.0.2323","PSt7-10","171027-008","9/15/2022 2:43:31 PM","0000-00","0","no battery","V","","µV","","µV"
"11/15/2022","17:23:27","7","default","171425599","OXY_CH7","3.180","min","184.772","μmol/L","Humid","21.209","deg","90070","µV","28.916","°C","1025.000","hPa","36.0","pmil","0","55.700","deg","20.000","°C","100.000","%a.s.","22.210","deg","20.000","°C","971.000","hPa","0.826","-0.01532","0.000401","-0.00012","0","11.08","Humid","30.45","0","49.40","253543.05","SABD0002000012","AAV2.0.0.13","4.0.0.2323","PSt7-10","171027-008","9/15/2022 2:43:31 PM","0000-00","0","no battery","V","","µV","","µV"
"11/15/2022","17:23:28","7","default","171425599","OXY_CH7","3.197","min","184.789","μmol/L","Humid","21.208","deg","90068","µV","28.916","°C","1025.000","hPa","36.0","pmil","0","55.700","deg","20.000","°C","100.000","%a.s.","22.210","deg","20.000","°C","971.000","hPa","0.826","-0.01532","0.000401","-0.00012","0","11.08","Humid","30.45","0","49.40","253545.98","SABD0002000012","AAV2.0.0.13","4.0.0.2323","PSt7-10","171027-008","9/15/2022 2:43:31 PM","0000-00","0","no battery","V","","µV","","µV"
"11/15/2022","17:23:29","7","default","171425599","OXY_CH7","3.214","min","184.821","μmol/L","Humid","21.206","deg","90071","µV","28.916","°C","1025.000","hPa","36.0","pmil","0","55.700","deg","20.000","°C","100.000","%a.s.","22.210","deg","20.000","°C","971.000","hPa","0.826","-0.01532","0.000401","-0.00012","0","11.08","Humid","30.45","0","49.40","253544.27","SABD0002000012","AAV2.0.0.13","4.0.0.2323","PSt7-10","171027-008","9/15/2022 2:43:31 PM","0000-00","0","no battery","V","","µV","","µV"
"11/15/2022","17:23:30","7","default","171425599","OXY_CH7","3.231","min","184.789","μmol/L","Humid","21.208","deg","90068","µV","28.916","°C","1025.000","hPa","36.0","pmil","0","55.700","deg","20.000","°C","100.000","%a.s.","22.210","deg","20.000","°C","971.000","hPa","0.826","-0.01532","0.000401","-0.00012","0","11.08","Humid","30.45","0","49.40","253541.62","SABD0002000012","AAV2.0.0.13","4.0.0.2323","PSt7-10","171027-008","9/15/2022 2:43:31 PM","0000-00","0","no battery","V","","µV","","µV"
"11/15/2022","17:23:31","7","default","171425599","OXY_CH7","3.248","min","184.772","μmol/L","Humid","21.209","deg","90068","µV","28.916","°C","1025.000","hPa","36.0","pmil","0","55.700","deg","20.000","°C","100.000","%a.s.","22.210","deg","20.000","°C","971.000","hPa","0.826","-0.01532","0.000401","-0.00012","0","11.08","Humid","30.45","0","49.40","253548.76","SABD0002000012","AAV2.0.0.13","4.0.0.2323","PSt7-10","171027-008","9/15/2022 2:43:31 PM","0000-00","0","no battery","V","","µV","","µV"
"11/15/2022","17:23:32","7","default","171425599","OXY_CH7","3.264","min","184.774","μmol/L","Humid","21.211","deg","90062","µV","28.910","°C","1025.000","hPa","36.0","pmil","0","55.700","deg","20.000","°C","100.000","%a.s.","22.210","deg","20.000","°C","971.000","hPa","0.826","-0.01532","0.000401","-0.00012","0","11.08","Humid","30.45","0","49.40","253531.53","SABD0002000012","AAV2.0.0.13","4.0.0.2323","PSt7-10","171027-008","9/15/2022 2:43:31 PM","0000-00","0","no battery","V","","µV","","µV"
"11/15/2022","17:23:33","7","default","171425599","OXY_CH7","3.280","min","184.772","μmol/L","Humid","21.209","deg","90062","µV","28.916","°C","1025.000","hPa","36.0","pmil","0","55.700","deg","20.000","°C","100.000","%a.s.","22.210","deg","20.000","°C","971.000","hPa","0.826","-0.01532","0.000401","-0.00012","0","11.08","Humid","30.45","0","49.40","253536.49","SABD0002000012","AAV2.0.0.13","4.0.0.2323","PSt7-10","171027-008","9/15/2022 2:43:31 PM","0000-00","0","no battery","V","","µV","","µV"
"11/15/2022","17:23:34","7","default","171425599","OXY_CH7","3.297","min","184.838","μmol/L","Humid","21.205","deg","90049","µV","28.916","°C","1025.000","hPa","36.0","pmil","0","55.700","deg","20.000","°C","100.000","%a.s.","22.210","deg","20.000","°C","971.000","hPa","0.826","-0.01532","0.000401","-0.00012","0","11.08","Humid","30.45","0","49.40","253533.86","SABD0002000012","AAV2.0.0.13","4.0.0.2323","PSt7-10","171027-008","9/15/2022 2:43:31 PM","0000-00","0","no battery","V","","µV","","µV"
"11/15/2022","17:23:35","7","default","171425599","OXY_CH7","3.314","min","184.803","μmol/L","Humid","21.205","deg","90046","µV","28.923","°C","1025.000","hPa","36.0","pmil","0","55.700","deg","20.000","°C","100.000","%a.s.","22.210","deg","20.000","°C","971.000","hPa","0.826","-0.01532","0.000401","-0.00012","0","11.08","Humid","30.45","0","49.40","253522.88","SABD0002000012","AAV2.0.0.13","4.0.0.2323","PSt7-10","171027-008","9/15/2022 2:43:31 PM","0000-00","0","no battery","V","","µV","","µV"
"11/15/2022","17:23:36","7","default","171425599","OXY_CH7","3.330","min","184.819","μmol/L","Humid","21.204","deg","90038","µV","28.923","°C","1025.000","hPa","36.0","pmil","0","55.700","deg","20.000","°C","100.000","%a.s.","22.210","deg","20.000","°C","971.000","hPa","0.826","-0.01532","0.000401","-0.00012","0","11.08","Humid","30.45","0","49.40","253528.70","SABD0002000012","AAV2.0.0.13","4.0.0.2323","PSt7-10","171027-008","9/15/2022 2:43:31 PM","0000-00","0","no battery","V","","µV","","µV"
"11/15/2022","17:23:37","7","default","171425599","OXY_CH7","3.347","min","184.789","μmol/L","Humid","21.208","deg","90040","µV","28.916","°C","1025.000","hPa","36.0","pmil","0","55.700","deg","20.000","°C","100.000","%a.s.","22.210","deg","20.000","°C","971.000","hPa","0.826","-0.01532","0.000401","-0.00012","0","11.08","Humid","30.45","0","49.40","253520.61","SABD0002000012","AAV2.0.0.13","4.0.0.2323","PSt7-10","171027-008","9/15/2022 2:43:31 PM","0000-00","0","no battery","V","","µV","","µV"
"11/15/2022","17:23:38","7","default","171425599","OXY_CH7","3.364","min","184.887","μmol/L","Humid","21.202","deg","90038","µV","28.916","°C","1025.000","hPa","36.0","pmil","0","55.700","deg","20.000","°C","100.000","%a.s.","22.210","deg","20.000","°C","971.000","hPa","0.826","-0.01532","0.000401","-0.00012","0","11.08","Humid","30.45","0","49.40","253511.68","SABD0002000012","AAV2.0.0.13","4.0.0.2323","PSt7-10","171027-008","9/15/2022 2:43:31 PM","0000-00","0","no battery","V","","µV","","µV"
"11/15/2022","17:23:39","7","default","171425599","OXY_CH7","3.381","min","184.871","μmol/L","Humid","21.203","deg","90041","µV","28.916","°C","1025.000","hPa","36.0","pmil","0","55.700","deg","20.000","°C","100.000","%a.s.","22.210","deg","20.000","°C","971.000","hPa","0.826","-0.01532","0.000401","-0.00012","0","11.08","Humid","30.45","0","49.40","253523.61","SABD0002000012","AAV2.0.0.13","4.0.0.2323","PSt7-10","171027-008","9/15/2022 2:43:31 PM","0000-00","0","no battery","V","","µV","","µV"
"11/15/2022","17:23:40","7","default","171425599","OXY_CH7","3.397","min","184.887","μmol/L","Humid","21.202","deg","90035","µV","28.916","°C","1025.000","hPa","36.0","pmil","0","55.700","deg","20.000","°C","100.000","%a.s.","22.210","deg","20.000","°C","971.000","hPa","0.826","-0.01532","0.000401","-0.00012","0","11.08","Humid","30.45","0","49.40","253516.68","SABD0002000012","AAV2.0.0.13","4.0.0.2323","PSt7-10","171027-008","9/15/2022 2:43:31 PM","0000-00","0","no battery","V","","µV","","µV"
"11/15/2022","17:23:41","7","default","171425599","OXY_CH7","3.414","min","184.854","μmol/L","Humid","21.204","deg","90032","µV","28.916","°C","1025.000","hPa","36.0","pmil","0","55.700","deg","20.000","°C","100.000","%a.s.","22.210","deg","20.000","°C","971.000","hPa","0.826","-0.01532","0.000401","-0.00012","0","11.08","Humid","30.45","0","49.40","253527.08","SABD0002000012","AAV2.0.0.13","4.0.0.2323","PSt7-10","171027-008","9/15/2022 2:43:31 PM","0000-00","0","no battery","V","","µV","","µV"
"11/15/2022","17:23:42","7","default","171425599","OXY_CH7","3.431","min","184.938","μmol/L","Humid","21.201","deg","90027","µV","28.910","°C","1025.000","hPa","36.0","pmil","0","55.700","deg","20.000","°C","100.000","%a.s.","22.210","deg","20.000","°C","971.000","hPa","0.826","-0.01532","0.000401","-0.00012","0","11.08","Humid","30.45","0","49.40","253513.59","SABD0002000012","AAV2.0.0.13","4.0.0.2323","PSt7-10","171027-008","9/15/2022 2:43:31 PM","0000-00","0","no battery","V","","µV","","µV"
"11/15/2022","17:23:43","7","default","171425599","OXY_CH7","3.447","min","184.854","μmol/L","Humid","21.204","deg","90029","µV","28.916","°C","1025.000","hPa","36.0","pmil","0","55.700","deg","20.000","°C","100.000","%a.s.","22.210","deg","20.000","°C","971.000","hPa","0.826","-0.01532","0.000401","-0.00012","0","11.08","Humid","30.45","0","49.40","253511.98","SABD0002000012","AAV2.0.0.13","4.0.0.2323","PSt7-10","171027-008","9/15/2022 2:43:31 PM","0000-00","0","no battery","V","","µV","","µV"
"11/15/2022","17:23:44","7","default","171425599","OXY_CH7","3.463","min","184.887","μmol/L","Humid","21.202","deg","90022","µV","28.916","°C","1025.000","hPa","36.0","pmil","0","55.700","deg","20.000","°C","100.000","%a.s.","22.210","deg","20.000","°C","971.000","hPa","0.826","-0.01532","0.000401","-0.00012","0","11.08","Humid","30.45","0","49.40","253508.51","SABD0002000012","AAV2.0.0.13","4.0.0.2323","PSt7-10","171027-008","9/15/2022 2:43:31 PM","0000-00","0","no battery","V","","µV","","µV"
"11/15/2022","17:23:45","7","default","171425599","OXY_CH7","3.480","min","184.838","μmol/L","Humid","21.205","deg","90023","µV","28.916","°C","1025.000","hPa","36.0","pmil","0","55.700","deg","20.000","°C","100.000","%a.s.","22.210","deg","20.000","°C","971.000","hPa","0.826","-0.01532","0.000401","-0.00012","0","11.08","Humid","30.45","0","49.40","253508.70","SABD0002000012","AAV2.0.0.13","4.0.0.2323","PSt7-10","171027-008","9/15/2022 2:43:31 PM","0000-00","0","no battery","V","","µV","","µV"
"11/15/2022","17:23:46","7","default","171425599","OXY_CH7","3.497","min","184.752","μmol/L","Humid","21.206","deg","90020","µV","28.929","°C","1025.000","hPa","36.0","pmil","0","55.700","deg","20.000","°C","100.000","%a.s.","22.210","deg","20.000","°C","971.000","hPa","0.826","-0.01532","0.000401","-0.00012","0","11.08","Humid","30.45","0","49.40","253516.51","SABD0002000012","AAV2.0.0.13","4.0.0.2323","PSt7-10","171027-008","9/15/2022 2:43:31 PM","0000-00","0","no battery","V","","µV","","µV"
"11/15/2022","17:23:47","7","default","171425599","OXY_CH7","3.514","min","184.955","μmol/L","Humid","21.200","deg","90017","µV","28.910","°C","1025.000","hPa","36.0","pmil","0","55.700","deg","20.000","°C","100.000","%a.s.","22.210","deg","20.000","°C","971.000","hPa","0.826","-0.01532","0.000401","-0.00012","0","11.08","Humid","30.45","0","49.40","253515.45","SABD0002000012","AAV2.0.0.13","4.0.0.2323","PSt7-10","171027-008","9/15/2022 2:43:31 PM","0000-00","0","no battery","V","","µV","","µV"
"11/15/2022","17:23:48","7","default","171425599","OXY_CH7","3.530","min","184.819","μmol/L","Humid","21.204","deg","90009","µV","28.923","°C","1025.000","hPa","36.0","pmil","0","55.700","deg","20.000","°C","100.000","%a.s.","22.210","deg","20.000","°C","971.000","hPa","0.826","-0.01532","0.000401","-0.00012","0","11.08","Humid","30.45","0","49.40","253503.49","SABD0002000012","AAV2.0.0.13","4.0.0.2323","PSt7-10","171027-008","9/15/2022 2:43:31 PM","0000-00","0","no battery","V","","µV","","µV"
"11/15/2022","17:23:49","7","default","171425599","OXY_CH7","3.547","min","184.854","μmol/L","Humid","21.204","deg","90010","µV","28.916","°C","1025.000","hPa","36.0","pmil","0","55.700","deg","20.000","°C","100.000","%a.s.","22.210","deg","20.000","°C","971.000","hPa","0.826","-0.01532","0.000401","-0.00012","0","11.08","Humid","30.45","0","49.40","253513.31","SABD0002000012","AAV2.0.0.13","4.0.0.2323","PSt7-10","171027-008","9/15/2022 2:43:31 PM","0000-00","0","no battery","V","","µV","","µV"
"11/15/2022","17:23:50","7","default","171425599","OXY_CH7","3.564","min","184.803","μmol/L","Humid","21.205","deg","90007","µV","28.923","°C","1025.000","hPa","36.0","pmil","0","55.700","deg","20.000","°C","100.000","%a.s.","22.210","deg","20.000","°C","971.000","hPa","0.826","-0.01532","0.000401","-0.00012","0","11.08","Humid","30.45","0","49.40","253507.74","SABD0002000012","AAV2.0.0.13","4.0.0.2323","PSt7-10","171027-008","9/15/2022 2:43:31 PM","0000-00","0","no battery","V","","µV","","µV"
"11/15/2022","17:23:51","7","default","171425599","OXY_CH7","3.580","min","184.903","μmol/L","Humid","21.201","deg","90005","µV","28.916","°C","1025.000","hPa","36.0","pmil","0","55.700","deg","20.000","°C","100.000","%a.s.","22.210","deg","20.000","°C","971.000","hPa","0.826","-0.01532","0.000401","-0.00012","0","11.08","Humid","30.45","0","49.40","253508.46","SABD0002000012","AAV2.0.0.13","4.0.0.2323","PSt7-10","171027-008","9/15/2022 2:43:31 PM","0000-00","0","no battery","V","","µV","","µV"
"11/15/2022","17:23:52","7","default","171425599","OXY_CH7","3.597","min","184.887","μmol/L","Humid","21.202","deg","89996","µV","28.916","°C","1025.000","hPa","36.0","pmil","0","55.700","deg","20.000","°C","100.000","%a.s.","22.210","deg","20.000","°C","971.000","hPa","0.826","-0.01532","0.000401","-0.00012","0","11.08","Humid","30.45","0","49.40","253510.76","SABD0002000012","AAV2.0.0.13","4.0.0.2323","PSt7-10","171027-008","9/15/2022 2:43:31 PM","0000-00","0","no battery","V","","µV","","µV"
"11/15/2022","17:23:53","7","default","171425599","OXY_CH7","3.614","min","184.887","μmol/L","Humid","21.202","deg","89997","µV","28.916","°C","1025.000","hPa","36.0","pmil","0","55.700","deg","20.000","°C","100.000","%a.s.","22.210","deg","20.000","°C","971.000","hPa","0.826","-0.01532","0.000401","-0.00012","0","11.08","Humid","30.45","0","49.40","253497.86","SABD0002000012","AAV2.0.0.13","4.0.0.2323","PSt7-10","171027-008","9/15/2022 2:43:31 PM","0000-00","0","no battery","V","","µV","","µV"
"11/15/2022","17:23:54","7","default","171425599","OXY_CH7","3.631","min","184.854","μmol/L","Humid","21.204","deg","90000","µV","28.916","°C","1025.000","hPa","36.0","pmil","0","55.700","deg","20.000","°C","100.000","%a.s.","22.210","deg","20.000","°C","971.000","hPa","0.826","-0.01532","0.000401","-0.00012","0","11.08","Humid","30.45","0","49.40","253506.06","SABD0002000012","AAV2.0.0.13","4.0.0.2323","PSt7-10","171027-008","9/15/2022 2:43:31 PM","0000-00","0","no battery","V","","µV","","µV"
"11/15/2022","17:23:55","7","default","171425599","OXY_CH7","3.648","min","184.901","μmol/L","Humid","21.199","deg","89993","µV","28.923","°C","1025.000","hPa","36.0","pmil","0","55.700","deg","20.000","°C","100.000","%a.s.","22.210","deg","20.000","°C","971.000","hPa","0.826","-0.01532","0.000401","-0.00012","0","11.08","Humid","30.45","0","49.40","253506.33","SABD0002000012","AAV2.0.0.13","4.0.0.2323","PSt7-10","171027-008","9/15/2022 2:43:31 PM","0000-00","0","no battery","V","","µV","","µV"
"11/15/2022","17:23:56","7","default","171425599","OXY_CH7","3.664","min","184.871","μmol/L","Humid","21.203","deg","89987","µV","28.916","°C","1025.000","hPa","36.0","pmil","0","55.700","deg","20.000","°C","100.000","%a.s.","22.210","deg","20.000","°C","971.000","hPa","0.826","-0.01532","0.000401","-0.00012","0","11.08","Humid","30.45","0","49.40","253490.22","SABD0002000012","AAV2.0.0.13","4.0.0.2323","PSt7-10","171027-008","9/15/2022 2:43:31 PM","0000-00","0","no battery","V","","µV","","µV"
"11/15/2022","17:23:57","7","default","171425599","OXY_CH7","3.680","min","184.887","μmol/L","Humid","21.202","deg","89990","µV","28.916","°C","1025.000","hPa","36.0","pmil","0","55.700","deg","20.000","°C","100.000","%a.s.","22.210","deg","20.000","°C","971.000","hPa","0.826","-0.01532","0.000401","-0.00012","0","11.08","Humid","30.45","0","49.40","253495.45","SABD0002000012","AAV2.0.0.13","4.0.0.2323","PSt7-10","171027-008","9/15/2022 2:43:31 PM","0000-00","0","no battery","V","","µV","","µV"
"11/15/2022","17:23:58","7","default","171425599","OXY_CH7","3.697","min","184.852","μmol/L","Humid","21.202","deg","89976","µV","28.923","°C","1025.000","hPa","36.0","pmil","0","55.700","deg","20.000","°C","100.000","%a.s.","22.210","deg","20.000","°C","971.000","hPa","0.826","-0.01532","0.000401","-0.00012","0","11.08","Humid","30.45","0","49.40","253478.84","SABD0002000012","AAV2.0.0.13","4.0.0.2323","PSt7-10","171027-008","9/15/2022 2:43:31 PM","0000-00","0","no battery","V","","µV","","µV"
"11/15/2022","17:23:59","7","default","171425599","OXY_CH7","3.714","min","184.885","μmol/L","Humid","21.200","deg","89980","µV","28.923","°C","1025.000","hPa","36.0","pmil","0","55.700","deg","20.000","°C","100.000","%a.s.","22.210","deg","20.000","°C","971.000","hPa","0.826","-0.01532","0.000401","-0.00012","0","11.08","Humid","30.45","0","49.40","253495.51","SABD0002000012","AAV2.0.0.13","4.0.0.2323","PSt7-10","171027-008","9/15/2022 2:43:31 PM","0000-00","0","no battery","V","","µV","","µV"
"11/15/2022","17:24:00","7","default","171425599","OXY_CH7","3.730","min","184.903","μmol/L","Humid","21.201","deg","89974","µV","28.916","°C","1025.000","hPa","36.0","pmil","0","55.700","deg","20.000","°C","100.000","%a.s.","22.210","deg","20.000","°C","971.000","hPa","0.826","-0.01532","0.000401","-0.00012","0","11.08","Humid","30.45","0","49.40","253476.62","SABD0002000012","AAV2.0.0.13","4.0.0.2323","PSt7-10","171027-008","9/15/2022 2:43:31 PM","0000-00","0","no battery","V","","µV","","µV"
"11/15/2022","17:24:01","7","default","171425599","OXY_CH7","3.747","min","184.936","μmol/L","Humid","21.199","deg","89973","µV","28.916","°C","1025.000","hPa","36.0","pmil","0","55.700","deg","20.000","°C","100.000","%a.s.","22.210","deg","20.000","°C","971.000","hPa","0.826","-0.01532","0.000401","-0.00012","0","11.08","Humid","30.45","0","49.40","253488.22","SABD0002000012","AAV2.0.0.13","4.0.0.2323","PSt7-10","171027-008","9/15/2022 2:43:31 PM","0000-00","0","no battery","V","","µV","","µV"
"11/15/2022","17:24:02","7","default","171425599","OXY_CH7","3.764","min","184.901","μmol/L","Humid","21.199","deg","89971","µV","28.923","°C","1025.000","hPa","36.0","pmil","0","55.700","deg","20.000","°C","100.000","%a.s.","22.210","deg","20.000","°C","971.000","hPa","0.826","-0.01532","0.000401","-0.00012","0","11.08","Humid","30.45","0","49.40","253483.76","SABD0002000012","AAV2.0.0.13","4.0.0.2323","PSt7-10","171027-008","9/15/2022 2:43:31 PM","0000-00","0","no battery","V","","µV","","µV"
"11/15/2022","17:24:03","7","default","171425599","OXY_CH7","3.781","min","184.871","μmol/L","Humid","21.203","deg","89977","µV","28.916","°C","1025.000","hPa","36.0","pmil","0","55.700","deg","20.000","°C","100.000","%a.s.","22.210","deg","20.000","°C","971.000","hPa","0.826","-0.01532","0.000401","-0.00012","0","11.08","Humid","30.45","0","49.40","253484.85","SABD0002000012","AAV2.0.0.13","4.0.0.2323","PSt7-10","171027-008","9/15/2022 2:43:31 PM","0000-00","0","no battery","V","","µV","","µV"
"11/15/2022","17:24:04","7","default","171425599","OXY_CH7","3.797","min","184.934","μmol/L","Humid","21.197","deg","89967","µV","28.923","°C","1025.000","hPa","36.0","pmil","0","55.700","deg","20.000","°C","100.000","%a.s.","22.210","deg","20.000","°C","971.000","hPa","0.826","-0.01532","0.000401","-0.00012","0","11.08","Humid","30.45","0","49.40","253478.44","SABD0002000012","AAV2.0.0.13","4.0.0.2323","PSt7-10","171027-008","9/15/2022 2:43:31 PM","0000-00","0","no battery","V","","µV","","µV"
"11/15/2022","17:24:05","7","default","171425599","OXY_CH7","3.814","min","184.866","μmol/L","Humid","21.199","deg","89968","µV","28.929","°C","1025.000","hPa","36.0","pmil","0","55.700","deg","20.000","°C","100.000","%a.s.","22.210","deg","20.000","°C","971.000","hPa","0.826","-0.01532","0.000401","-0.00012","0","11.08","Humid","30.45","0","49.40","253478.68","SABD0002000012","AAV2.0.0.13","4.0.0.2323","PSt7-10","171027-008","9/15/2022 2:43:31 PM","0000-00","0","no battery","V","","µV","","µV"
"11/15/2022","17:24:06","7","default","171425599","OXY_CH7","3.830","min","184.901","μmol/L","Humid","21.199","deg","89962","µV","28.923","°C","1025.000","hPa","36.0","pmil","0","55.700","deg","20.000","°C","100.000","%a.s.","22.210","deg","20.000","°C","971.000","hPa","0.826","-0.01532","0.000401","-0.00012","0","11.08","Humid","30.45","0","49.40","253463.59","SABD0002000012","AAV2.0.0.13","4.0.0.2323","PSt7-10","171027-008","9/15/2022 2:43:31 PM","0000-00","0","no battery","V","","µV","","µV"
"11/15/2022","17:24:07","7","default","171425599","OXY_CH7","3.847","min","184.918","μmol/L","Humid","21.198","deg","89954","µV","28.923","°C","1025.000","hPa","36.0","pmil","0","55.700","deg","20.000","°C","100.000","%a.s.","22.210","deg","20.000","°C","971.000","hPa","0.826","-0.01532","0.000401","-0.00012","0","11.08","Humid","30.45","0","49.40","253459.47","SABD0002000012","AAV2.0.0.13","4.0.0.2323","PSt7-10","171027-008","9/15/2022 2:43:31 PM","0000-00","0","no battery","V","","µV","","µV"
"11/15/2022","17:24:08","7","default","171425599","OXY_CH7","3.863","min","184.885","μmol/L","Humid","21.200","deg","89951","µV","28.923","°C","1025.000","hPa","36.0","pmil","0","55.700","deg","20.000","°C","100.000","%a.s.","22.210","deg","20.000","°C","971.000","hPa","0.826","-0.01532","0.000401","-0.00012","0","11.08","Humid","30.45","0","49.40","253469.43","SABD0002000012","AAV2.0.0.13","4.0.0.2323","PSt7-10","171027-008","9/15/2022 2:43:31 PM","0000-00","0","no battery","V","","µV","","µV"
"11/15/2022","17:24:09","7","default","171425599","OXY_CH7","3.880","min","184.985","μmol/L","Humid","21.196","deg","89953","µV","28.916","°C","1025.000","hPa","36.0","pmil","0","55.700","deg","20.000","°C","100.000","%a.s.","22.210","deg","20.000","°C","971.000","hPa","0.826","-0.01532","0.000401","-0.00012","0","11.08","Humid","30.45","0","49.40","253458.23","SABD0002000012","AAV2.0.0.13","4.0.0.2323","PSt7-10","171027-008","9/15/2022 2:43:31 PM","0000-00","0","no battery","V","","µV","","µV"
"11/15/2022","17:24:10","7","default","171425599","OXY_CH7","3.897","min","184.950","μmol/L","Humid","21.196","deg","89956","µV","28.923","°C","1025.000","hPa","36.0","pmil","0","55.700","deg","20.000","°C","100.000","%a.s.","22.210","deg","20.000","°C","971.000","hPa","0.826","-0.01532","0.000401","-0.00012","0","11.08","Humid","30.45","0","49.40","253459.07","SABD0002000012","AAV2.0.0.13","4.0.0.2323","PSt7-10","171027-008","9/15/2022 2:43:31 PM","0000-00","0","no battery","V","","µV","","µV"
"11/15/2022","17:24:11","7","default","171425599","OXY_CH7","3.914","min","184.969","μmol/L","Humid","21.197","deg","89946","µV","28.916","°C","1025.000","hPa","36.0","pmil","0","55.700","deg","20.000","°C","100.000","%a.s.","22.210","deg","20.000","°C","971.000","hPa","0.826","-0.01532","0.000401","-0.00012","0","11.08","Humid","30.45","0","49.40","253467.32","SABD0002000012","AAV2.0.0.13","4.0.0.2323","PSt7-10","171027-008","9/15/2022 2:43:31 PM","0000-00","0","no battery","V","","µV","","µV"
"11/15/2022","17:24:12","7","default","171425599","OXY_CH7","3.930","min","184.850","μmol/L","Humid","21.200","deg","89950","µV","28.929","°C","1025.000","hPa","36.0","pmil","0","55.700","deg","20.000","°C","100.000","%a.s.","22.210","deg","20.000","°C","971.000","hPa","0.826","-0.01532","0.000401","-0.00012","0","11.08","Humid","30.45","0","49.40","253460.37","SABD0002000012","AAV2.0.0.13","4.0.0.2323","PSt7-10","171027-008","9/15/2022 2:43:31 PM","0000-00","0","no battery","V","","µV","","µV"
"11/15/2022","17:24:13","7","default","171425599","OXY_CH7","3.947","min","184.885","μmol/L","Humid","21.200","deg","89937","µV","28.923","°C","1025.000","hPa","36.0","pmil","0","55.700","deg","20.000","°C","100.000","%a.s.","22.210","deg","20.000","°C","971.000","hPa","0.826","-0.01532","0.000401","-0.00012","0","11.08","Humid","30.45","0","49.40","253457.08","SABD0002000012","AAV2.0.0.13","4.0.0.2323","PSt7-10","171027-008","9/15/2022 2:43:31 PM","0000-00","0","no battery","V","","µV","","µV"
"11/15/2022","17:24:14","7","default","171425599","OXY_CH7","3.964","min","185.000","μmol/L","Humid","21.193","deg","89934","µV","28.923","°C","1025.000","hPa","36.0","pmil","0","55.700","deg","20.000","°C","100.000","%a.s.","22.210","deg","20.000","°C","971.000","hPa","0.826","-0.01532","0.000401","-0.00012","0","11.08","Humid","30.45","0","49.40","253460.57","SABD0002000012","AAV2.0.0.13","4.0.0.2323","PSt7-10","171027-008","9/15/2022 2:43:31 PM","0000-00","0","no battery","V","","µV","","µV"
"11/15/2022","17:24:15","7","default","171425599","OXY_CH7","3.981","min","184.850","μmol/L","Humid","21.200","deg","89939","µV","28.929","°C","1025.000","hPa","36.0","pmil","0","55.700","deg","20.000","°C","100.000","%a.s.","22.210","deg","20.000","°C","971.000","hPa","0.826","-0.01532","0.000401","-0.00012","0","11.08","Humid","30.45","0","49.40","253466.52","SABD0002000012","AAV2.0.0.13","4.0.0.2323","PSt7-10","171027-008","9/15/2022 2:43:31 PM","0000-00","0","no battery","V","","µV","","µV"
"11/15/2022","17:24:16","7","default","171425599","OXY_CH7","3.998","min","184.950","μmol/L","Humid","21.196","deg","89938","µV","28.923","°C","1025.000","hPa","36.0","pmil","0","55.700","deg","20.000","°C","100.000","%a.s.","22.210","deg","20.000","°C","971.000","hPa","0.826","-0.01532","0.000401","-0.00012","0","11.08","Humid","30.45","0","49.40","253447.11","SABD0002000012","AAV2.0.0.13","4.0.0.2323","PSt7-10","171027-008","9/15/2022 2:43:31 PM","0000-00","0","no battery","V","","µV","","µV"
"11/15/2022","17:24:17","7","default","171425599","OXY_CH7","4.013","min","184.953","μmol/L","Humid","21.198","deg","89933","µV","28.916","°C","1025.000","hPa","36.0","pmil","0","55.700","deg","20.000","°C","100.000","%a.s.","22.210","deg","20.000","°C","971.000","hPa","0.826","-0.01532","0.000401","-0.00012","0","11.08","Humid","30.45","0","49.40","253458.99","SABD0002000012","AAV2.0.0.13","4.0.0.2323","PSt7-10","171027-008","9/15/2022 2:43:31 PM","0000-00","0","no battery","V","","µV","","µV"
"11/15/2022","17:24:18","7","default","171425599","OXY_CH7","4.030","min","184.918","μmol/L","Humid","21.198","deg","89921","µV","28.923","°C","1025.000","hPa","36.0","pmil","0","55.700","deg","20.000","°C","100.000","%a.s.","22.210","deg","20.000","°C","971.000","hPa","0.826","-0.01532","0.000401","-0.00012","0","11.08","Humid","30.45","0","49.40","253451.80","SABD0002000012","AAV2.0.0.13","4.0.0.2323","PSt7-10","171027-008","9/15/2022 2:43:31 PM","0000-00","0","no battery","V","","µV","","µV"
"11/15/2022","17:24:19","7","default","171425599","OXY_CH7","4.047","min","184.934","μmol/L","Humid","21.197","deg","89923","µV","28.923","°C","1025.000","hPa","36.0","pmil","0","55.700","deg","20.000","°C","100.000","%a.s.","22.210","deg","20.000","°C","971.000","hPa","0.826","-0.01532","0.000401","-0.00012","0","11.08","Humid","30.45","0","49.40","253454.08","SABD0002000012","AAV2.0.0.13","4.0.0.2323","PSt7-10","171027-008","9/15/2022 2:43:31 PM","0000-00","0","no battery","V","","µV","","µV"
"11/15/2022","17:24:20","7","default","171425599","OXY_CH7","4.064","min","185.035","μmol/L","Humid","21.193","deg","89915","µV","28.916","°C","1025.000","hPa","36.0","pmil","0","55.700","deg","20.000","°C","100.000","%a.s.","22.210","deg","20.000","°C","971.000","hPa","0.826","-0.01532","0.000401","-0.00012","0","11.08","Humid","30.45","0","49.40","253459.98","SABD0002000012","AAV2.0.0.13","4.0.0.2323","PSt7-10","171027-008","9/15/2022 2:43:31 PM","0000-00","0","no battery","V","","µV","","µV"
"11/15/2022","17:24:21","7","default","171425599","OXY_CH7","4.080","min","184.936","μmol/L","Humid","21.199","deg","89913","µV","28.916","°C","1025.000","hPa","36.0","pmil","0","55.700","deg","20.000","°C","100.000","%a.s.","22.210","deg","20.000","°C","971.000","hPa","0.826","-0.01532","0.000401","-0.00012","0","11.08","Humid","30.45","0","49.40","253438.39","SABD0002000012","AAV2.0.0.13","4.0.0.2323","PSt7-10","171027-008","9/15/2022 2:43:31 PM","0000-00","0","no battery","V","","µV","","µV"
"11/15/2022","17:24:22","7","default","171425599","OXY_CH7","4.097","min","184.953","μmol/L","Humid","21.198","deg","89912","µV","28.916","°C","1025.000","hPa","36.0","pmil","0","55.700","deg","20.000","°C","100.000","%a.s.","22.210","deg","20.000","°C","971.000","hPa","0.826","-0.01532","0.000401","-0.00012","0","11.08","Humid","30.45","0","49.40","253442.90","SABD0002000012","AAV2.0.0.13","4.0.0.2323","PSt7-10","171027-008","9/15/2022 2:43:31 PM","0000-00","0","no battery","V","","µV","","µV"
"11/15/2022","17:24:23","7","default","171425599","OXY_CH7","4.114","min","184.969","μmol/L","Humid","21.197","deg","89907","µV","28.916","°C","1025.000","hPa","36.0","pmil","0","55.700","deg","20.000","°C","100.000","%a.s.","22.210","deg","20.000","°C","971.000","hPa","0.826","-0.01532","0.000401","-0.00012","0","11.08","Humid","30.45","0","49.40","253441.95","SABD0002000012","AAV2.0.0.13","4.0.0.2323","PSt7-10","171027-008","9/15/2022 2:43:31 PM","0000-00","0","no battery","V","","µV","","µV"
"11/15/2022","17:24:24","7","default","171425599","OXY_CH7","4.131","min","185.051","μmol/L","Humid","21.192","deg","89900","µV","28.916","°C","1025.000","hPa","36.0","pmil","0","55.700","deg","20.000","°C","100.000","%a.s.","22.210","deg","20.000","°C","971.000","hPa","0.826","-0.01532","0.000401","-0.00012","0","11.08","Humid","30.45","0","49.40","253436.93","SABD0002000012","AAV2.0.0.13","4.0.0.2323","PSt7-10","171027-008","9/15/2022 2:43:31 PM","0000-00","0","no battery","V","","µV","","µV"
"11/15/2022","17:24:25","7","default","171425599","OXY_CH7","4.147","min","185.035","μmol/L","Humid","21.193","deg","89894","µV","28.916","°C","1025.000","hPa","36.0","pmil","0","55.700","deg","20.000","°C","100.000","%a.s.","22.210","deg","20.000","°C","971.000","hPa","0.826","-0.01532","0.000401","-0.00012","0","11.08","Humid","30.45","0","49.40","253430.83","SABD0002000012","AAV2.0.0.13","4.0.0.2323","PSt7-10","171027-008","9/15/2022 2:43:31 PM","0000-00","0","no battery","V","","µV","","µV"
"11/15/2022","17:24:26","7","default","171425599","OXY_CH7","4.164","min","184.915","μmol/L","Humid","21.196","deg","89888","µV","28.929","°C","1025.000","hPa","36.0","pmil","0","55.700","deg","20.000","°C","100.000","%a.s.","22.210","deg","20.000","°C","971.000","hPa","0.826","-0.01532","0.000401","-0.00012","0","11.08","Humid","30.45","0","49.40","253430.28","SABD0002000012","AAV2.0.0.13","4.0.0.2323","PSt7-10","171027-008","9/15/2022 2:43:31 PM","0000-00","0","no battery","V","","µV","","µV"
"11/15/2022","17:24:27","7","default","171425599","OXY_CH7","4.181","min","184.983","μmol/L","Humid","21.194","deg","89890","µV","28.923","°C","1025.000","hPa","36.0","pmil","0","55.700","deg","20.000","°C","100.000","%a.s.","22.210","deg","20.000","°C","971.000","hPa","0.826","-0.01532","0.000401","-0.00012","0","11.08","Humid","30.45","0","49.40","253435.02","SABD0002000012","AAV2.0.0.13","4.0.0.2323","PSt7-10","171027-008","9/15/2022 2:43:31 PM","0000-00","0","no battery","V","","µV","","µV"
"11/15/2022","17:24:28","7","default","171425599","OXY_CH7","4.197","min","185.049","μmol/L","Humid","21.190","deg","89890","µV","28.923","°C","1025.000","hPa","36.0","pmil","0","55.700","deg","20.000","°C","100.000","%a.s.","22.210","deg","20.000","°C","971.000","hPa","0.826","-0.01532","0.000401","-0.00012","0","11.08","Humid","30.45","0","49.40","253427.95","SABD0002000012","AAV2.0.0.13","4.0.0.2323","PSt7-10","171027-008","9/15/2022 2:43:31 PM","0000-00","0","no battery","V","","µV","","µV"
"11/15/2022","17:24:29","7","default","171425599","OXY_CH7","4.214","min","185.000","μmol/L","Humid","21.193","deg","89891","µV","28.923","°C","1025.000","hPa","36.0","pmil","0","55.700","deg","20.000","°C","100.000","%a.s.","22.210","deg","20.000","°C","971.000","hPa","0.826","-0.01532","0.000401","-0.00012","0","11.08","Humid","30.45","0","49.40","253430.78","SABD0002000012","AAV2.0.0.13","4.0.0.2323","PSt7-10","171027-008","9/15/2022 2:43:31 PM","0000-00","0","no battery","V","","µV","","µV"
"11/15/2022","17:24:30","7","default","171425599","OXY_CH7","4.231","min","184.983","μmol/L","Humid","21.194","deg","89885","µV","28.923","°C","1025.000","hPa","36.0","pmil","0","55.700","deg","20.000","°C","100.000","%a.s.","22.210","deg","20.000","°C","971.000","hPa","0.826","-0.01532","0.000401","-0.00012","0","11.08","Humid","30.45","0","49.40","253438.91","SABD0002000012","AAV2.0.0.13","4.0.0.2323","PSt7-10","171027-008","9/15/2022 2:43:31 PM","0000-00","0","no battery","V","","µV","","µV"
"11/15/2022","17:24:31","7","default","171425599","OXY_CH7","4.247","min","184.983","μmol/L","Humid","21.194","deg","89887","µV","28.923","°C","1025.000","hPa","36.0","pmil","0","55.700","deg","20.000","°C","100.000","%a.s.","22.210","deg","20.000","°C","971.000","hPa","0.826","-0.01532","0.000401","-0.00012","0","11.08","Humid","30.45","0","49.40","253434.52","SABD0002000012","AAV2.0.0.13","4.0.0.2323","PSt7-10","171027-008","9/15/2022 2:43:31 PM","0000-00","0","no battery","V","","µV","","µV"
"11/15/2022","17:24:32","7","default","171425599","OXY_CH7","4.263","min","185.002","μmol/L","Humid","21.195","deg","89882","µV","28.916","°C","1025.000","hPa","36.0","pmil","0","55.700","deg","20.000","°C","100.000","%a.s.","22.210","deg","20.000","°C","971.000","hPa","0.826","-0.01532","0.000401","-0.00012","0","11.08","Humid","30.45","0","49.40","253437.01","SABD0002000012","AAV2.0.0.13","4.0.0.2323","PSt7-10","171027-008","9/15/2022 2:43:31 PM","0000-00","0","no battery","V","","µV","","µV"
"11/15/2022","17:24:33","7","default","171425599","OXY_CH7","4.280","min","185.051","μmol/L","Humid","21.192","deg","89884","µV","28.916","°C","1025.000","hPa","36.0","pmil","0","55.700","deg","20.000","°C","100.000","%a.s.","22.210","deg","20.000","°C","971.000","hPa","0.826","-0.01532","0.000401","-0.00012","0","11.08","Humid","30.45","0","49.40","253433.94","SABD0002000012","AAV2.0.0.13","4.0.0.2323","PSt7-10","171027-008","9/15/2022 2:43:31 PM","0000-00","0","no battery","V","","µV","","µV"
"11/15/2022","17:24:34","7","default","171425599","OXY_CH7","4.297","min","185.018","μmol/L","Humid","21.194","deg","89876","µV","28.916","°C","1025.000","hPa","36.0","pmil","0","55.700","deg","20.000","°C","100.000","%a.s.","22.210","deg","20.000","°C","971.000","hPa","0.826","-0.01532","0.000401","-0.00012","0","11.08","Humid","30.45","0","49.40","253420.88","SABD0002000012","AAV2.0.0.13","4.0.0.2323","PSt7-10","171027-008","9/15/2022 2:43:31 PM","0000-00","0","no battery","V","","µV","","µV"
"11/15/2022","17:24:35","7","default","171425599","OXY_CH7","4.314","min","185.051","μmol/L","Humid","21.192","deg","89876","µV","28.916","°C","1025.000","hPa","36.0","pmil","0","55.700","deg","20.000","°C","100.000","%a.s.","22.210","deg","20.000","°C","971.000","hPa","0.826","-0.01532","0.000401","-0.00012","0","11.08","Humid","30.45","0","49.40","253436.43","SABD0002000012","AAV2.0.0.13","4.0.0.2323","PSt7-10","171027-008","9/15/2022 2:43:31 PM","0000-00","0","no battery","V","","µV","","µV"
"11/15/2022","17:24:36","7","default","171425599","OXY_CH7","4.330","min","185.051","μmol/L","Humid","21.192","deg","89875","µV","28.916","°C","1025.000","hPa","36.0","pmil","0","55.700","deg","20.000","°C","100.000","%a.s.","22.210","deg","20.000","°C","971.000","hPa","0.826","-0.01532","0.000401","-0.00012","0","11.08","Humid","30.45","0","49.40","253429.42","SABD0002000012","AAV2.0.0.13","4.0.0.2323","PSt7-10","171027-008","9/15/2022 2:43:31 PM","0000-00","0","no battery","V","","µV","","µV"
"11/15/2022","17:24:37","7","default","171425599","OXY_CH7","4.347","min","184.948","μmol/L","Humid","21.194","deg","89874","µV","28.929","°C","1025.000","hPa","36.0","pmil","0","55.700","deg","20.000","°C","100.000","%a.s.","22.210","deg","20.000","°C","971.000","hPa","0.826","-0.01532","0.000401","-0.00012","0","11.08","Humid","30.45","0","49.40","253427.64","SABD0002000012","AAV2.0.0.13","4.0.0.2323","PSt7-10","171027-008","9/15/2022 2:43:31 PM","0000-00","0","no battery","V","","µV","","µV"
"11/15/2022","17:24:38","7","default","171425599","OXY_CH7","4.364","min","184.950","μmol/L","Humid","21.196","deg","89873","µV","28.923","°C","1025.000","hPa","36.0","pmil","0","55.700","deg","20.000","°C","100.000","%a.s.","22.210","deg","20.000","°C","971.000","hPa","0.826","-0.01532","0.000401","-0.00012","0","11.08","Humid","30.45","0","49.40","253425.84","SABD0002000012","AAV2.0.0.13","4.0.0.2323","PSt7-10","171027-008","9/15/2022 2:43:31 PM","0000-00","0","no battery","V","","µV","","µV"
"11/15/2022","17:24:39","7","default","171425599","OXY_CH7","4.380","min","185.084","μmol/L","Humid","21.190","deg","89860","µV","28.916","°C","1025.000","hPa","36.0","pmil","0","55.700","deg","20.000","°C","100.000","%a.s.","22.210","deg","20.000","°C","971.000","hPa","0.826","-0.01532","0.000401","-0.00012","0","11.08","Humid","30.45","0","49.40","253426.66","SABD0002000012","AAV2.0.0.13","4.0.0.2323","PSt7-10","171027-008","9/15/2022 2:43:31 PM","0000-00","0","no battery","V","","µV","","µV"
"11/15/2022","17:24:40","7","default","171425599","OXY_CH7","4.397","min","185.049","μmol/L","Humid","21.190","deg","89864","µV","28.923","°C","1025.000","hPa","36.0","pmil","0","55.700","deg","20.000","°C","100.000","%a.s.","22.210","deg","20.000","°C","971.000","hPa","0.826","-0.01532","0.000401","-0.00012","0","11.08","Humid","30.45","0","49.40","253422.64","SABD0002000012","AAV2.0.0.13","4.0.0.2323","PSt7-10","171027-008","9/15/2022 2:43:31 PM","0000-00","0","no battery","V","","µV","","µV"
"11/15/2022","17:24:41","7","default","171425599","OXY_CH7","4.414","min","184.981","μmol/L","Humid","21.192","deg","89853","µV","28.929","°C","1025.000","hPa","36.0","pmil","0","55.700","deg","20.000","°C","100.000","%a.s.","22.210","deg","20.000","°C","971.000","hPa","0.826","-0.01532","0.000401","-0.00012","0","11.08","Humid","30.45","0","49.40","253420.36","SABD0002000012","AAV2.0.0.13","4.0.0.2323","PSt7-10","171027-008","9/15/2022 2:43:31 PM","0000-00","0","no battery","V","","µV","","µV"
"11/15/2022","17:24:42","7","default","171425599","OXY_CH7","4.431","min","185.002","μmol/L","Humid","21.195","deg","89863","µV","28.916","°C","1025.000","hPa","36.0","pmil","0","55.700","deg","20.000","°C","100.000","%a.s.","22.210","deg","20.000","°C","971.000","hPa","0.826","-0.01532","0.000401","-0.00012","0","11.08","Humid","30.45","0","49.40","253411.97","SABD0002000012","AAV2.0.0.13","4.0.0.2323","PSt7-10","171027-008","9/15/2022 2:43:31 PM","0000-00","0","no battery","V","","µV","","µV"
"11/15/2022","17:24:43","7","default","171425599","OXY_CH7","4.447","min","184.965","μmol/L","Humid","21.193","deg","89851","µV","28.929","°C","1025.000","hPa","36.0","pmil","0","55.700","deg","20.000","°C","100.000","%a.s.","22.210","deg","20.000","°C","971.000","hPa","0.826","-0.01532","0.000401","-0.00012","0","11.08","Humid","30.45","0","49.40","253405.27","SABD0002000012","AAV2.0.0.13","4.0.0.2323","PSt7-10","171027-008","9/15/2022 2:43:31 PM","0000-00","0","no battery","V","","µV","","µV"
"11/15/2022","17:24:44","7","default","171425599","OXY_CH7","4.464","min","185.000","μmol/L","Humid","21.193","deg","89858","µV","28.923","°C","1025.000","hPa","36.0","pmil","0","55.700","deg","20.000","°C","100.000","%a.s.","22.210","deg","20.000","°C","971.000","hPa","0.826","-0.01532","0.000401","-0.00012","0","11.08","Humid","30.45","0","49.40","253411.00","SABD0002000012","AAV2.0.0.13","4.0.0.2323","PSt7-10","171027-008","9/15/2022 2:43:31 PM","0000-00","0","no battery","V","","µV","","µV"
"11/15/2022","17:24:45","7","default","171425599","OXY_CH7","4.481","min","185.000","μmol/L","Humid","21.193","deg","89854","µV","28.923","°C","1025.000","hPa","36.0","pmil","0","55.700","deg","20.000","°C","100.000","%a.s.","22.210","deg","20.000","°C","971.000","hPa","0.826","-0.01532","0.000401","-0.00012","0","11.08","Humid","30.45","0","49.40","253419.65","SABD0002000012","AAV2.0.0.13","4.0.0.2323","PSt7-10","171027-008","9/15/2022 2:43:31 PM","0000-00","0","no battery","V","","µV","","µV"
"11/15/2022","17:24:46","7","default","171425599","OXY_CH7","4.498","min","185.065","μmol/L","Humid","21.189","deg","89853","µV","28.923","°C","1025.000","hPa","36.0","pmil","0","55.700","deg","20.000","°C","100.000","%a.s.","22.210","deg","20.000","°C","971.000","hPa","0.826","-0.01532","0.000401","-0.00012","0","11.08","Humid","30.45","0","49.40","253407.38","SABD0002000012","AAV2.0.0.13","4.0.0.2323","PSt7-10","171027-008","9/15/2022 2:43:31 PM","0000-00","0","no battery","V","","µV","","µV"
"11/15/2022","17:24:47","7","default","171425599","OXY_CH7","4.514","min","185.051","μmol/L","Humid","21.192","deg","89848","µV","28.916","°C","1025.000","hPa","36.0","pmil","0","55.700","deg","20.000","°C","100.000","%a.s.","22.210","deg","20.000","°C","971.000","hPa","0.826","-0.01532","0.000401","-0.00012","0","11.08","Humid","30.45","0","49.40","253401.65","SABD0002000012","AAV2.0.0.13","4.0.0.2323","PSt7-10","171027-008","9/15/2022 2:43:31 PM","0000-00","0","no battery","V","","µV","","µV"
"11/15/2022","17:24:48","7","default","171425599","OXY_CH7","4.530","min","185.117","μmol/L","Humid","21.188","deg","89843","µV","28.916","°C","1025.000","hPa","36.0","pmil","0","55.700","deg","20.000","°C","100.000","%a.s.","22.210","deg","20.000","°C","971.000","hPa","0.826","-0.01532","0.000401","-0.00012","0","11.08","Humid","30.45","0","49.40","253396.92","SABD0002000012","AAV2.0.0.13","4.0.0.2323","PSt7-10","171027-008","9/15/2022 2:43:31 PM","0000-00","0","no battery","V","","µV","","µV"
"11/15/2022","17:24:49","7","default","171425599","OXY_CH7","4.547","min","184.981","μmol/L","Humid","21.192","deg","89837","µV","28.929","°C","1025.000","hPa","36.0","pmil","0","55.700","deg","20.000","°C","100.000","%a.s.","22.210","deg","20.000","°C","971.000","hPa","0.826","-0.01532","0.000401","-0.00012","0","11.08","Humid","30.45","0","49.40","253398.11","SABD0002000012","AAV2.0.0.13","4.0.0.2323","PSt7-10","171027-008","9/15/2022 2:43:31 PM","0000-00","0","no battery","V","","µV","","µV"
"11/15/2022","17:24:50","7","default","171425599","OXY_CH7","4.564","min","185.049","μmol/L","Humid","21.190","deg","89843","µV","28.923","°C","1025.000","hPa","36.0","pmil","0","55.700","deg","20.000","°C","100.000","%a.s.","22.210","deg","20.000","°C","971.000","hPa","0.826","-0.01532","0.000401","-0.00012","0","11.08","Humid","30.45","0","49.40","253398.38","SABD0002000012","AAV2.0.0.13","4.0.0.2323","PSt7-10","171027-008","9/15/2022 2:43:31 PM","0000-00","0","no battery","V","","µV","","µV"
"11/15/2022","17:24:51","7","default","171425599","OXY_CH7","4.580","min","185.047","μmol/L","Humid","21.188","deg","89832","µV","28.929","°C","1025.000","hPa","36.0","pmil","0","55.700","deg","20.000","°C","100.000","%a.s.","22.210","deg","20.000","°C","971.000","hPa","0.826","-0.01532","0.000401","-0.00012","0","11.08","Humid","30.45","0","49.40","253398.91","SABD0002000012","AAV2.0.0.13","4.0.0.2323","PSt7-10","171027-008","9/15/2022 2:43:31 PM","0000-00","0","no battery","V","","µV","","µV"
"11/15/2022","17:24:52","7","default","171425599","OXY_CH7","4.597","min","185.082","μmol/L","Humid","21.188","deg","89829","µV","28.923","°C","1025.000","hPa","36.0","pmil","0","55.700","deg","20.000","°C","100.000","%a.s.","22.210","deg","20.000","°C","971.000","hPa","0.826","-0.01532","0.000401","-0.00012","0","11.08","Humid","30.45","0","49.40","253399.12","SABD0002000012","AAV2.0.0.13","4.0.0.2323","PSt7-10","171027-008","9/15/2022 2:43:31 PM","0000-00","0","no battery","V","","µV","","µV"
"11/15/2022","17:24:53","7","default","171425599","OXY_CH7","4.614","min","185.133","μmol/L","Humid","21.187","deg","89830","µV","28.916","°C","1025.000","hPa","36.0","pmil","0","55.700","deg","20.000","°C","100.000","%a.s.","22.210","deg","20.000","°C","971.000","hPa","0.826","-0.01532","0.000401","-0.00012","0","11.08","Humid","30.45","0","49.40","253395.66","SABD0002000012","AAV2.0.0.13","4.0.0.2323","PSt7-10","171027-008","9/15/2022 2:43:31 PM","0000-00","0","no battery","V","","µV","","µV"
"11/15/2022","17:24:54","7","default","171425599","OXY_CH7","4.631","min","185.016","μmol/L","Humid","21.192","deg","89827","µV","28.923","°C","1025.000","hPa","36.0","pmil","0","55.700","deg","20.000","°C","100.000","%a.s.","22.210","deg","20.000","°C","971.000","hPa","0.826","-0.01532","0.000401","-0.00012","0","11.08","Humid","30.45","0","49.40","253397.05","SABD0002000012","AAV2.0.0.13","4.0.0.2323","PSt7-10","171027-008","9/15/2022 2:43:31 PM","0000-00","0","no battery","V","","µV","","µV"
"11/15/2022","17:24:55","7","default","171425599","OXY_CH7","4.647","min","185.032","μmol/L","Humid","21.191","deg","89810","µV","28.923","°C","1025.000","hPa","36.0","pmil","0","55.700","deg","20.000","°C","100.000","%a.s.","22.210","deg","20.000","°C","971.000","hPa","0.826","-0.01532","0.000401","-0.00012","0","11.08","Humid","30.45","0","49.40","253382.26","SABD0002000012","AAV2.0.0.13","4.0.0.2323","PSt7-10","171027-008","9/15/2022 2:43:31 PM","0000-00","0","no battery","V","","µV","","µV"
"11/15/2022","17:24:56","7","default","171425599","OXY_CH7","4.664","min","185.065","μmol/L","Humid","21.189","deg","89823","µV","28.923","°C","1025.000","hPa","36.0","pmil","0","55.700","deg","20.000","°C","100.000","%a.s.","22.210","deg","20.000","°C","971.000","hPa","0.826","-0.01532","0.000401","-0.00012","0","11.08","Humid","30.45","0","49.40","253383.30","SABD0002000012","AAV2.0.0.13","4.0.0.2323","PSt7-10","171027-008","9/15/2022 2:43:31 PM","0000-00","0","no battery","V","","µV","","µV"
"11/15/2022","17:24:57","7","default","171425599","OXY_CH7","4.681","min","185.049","μmol/L","Humid","21.190","deg","89822","µV","28.923","°C","1025.000","hPa","36.0","pmil","0","55.700","deg","20.000","°C","100.000","%a.s.","22.210","deg","20.000","°C","971.000","hPa","0.826","-0.01532","0.000401","-0.00012","0","11.08","Humid","30.45","0","49.40","253374.54","SABD0002000012","AAV2.0.0.13","4.0.0.2323","PSt7-10","171027-008","9/15/2022 2:43:31 PM","0000-00","0","no battery","V","","µV","","µV"
"11/15/2022","17:24:58","7","default","171425599","OXY_CH7","4.698","min","185.201","μmol/L","Humid","21.185","deg","89823","µV","28.910","°C","1025.000","hPa","36.0","pmil","0","55.700","deg","20.000","°C","100.000","%a.s.","22.210","deg","20.000","°C","971.000","hPa","0.826","-0.01532","0.000401","-0.00012","0","11.08","Humid","30.45","0","49.40","253388.96","SABD0002000012","AAV2.0.0.13","4.0.0.2323","PSt7-10","171027-008","9/15/2022 2:43:31 PM","0000-00","0","no battery","V","","µV","","µV"
"11/15/2022","17:24:59","7","default","171425599","OXY_CH7","4.714","min","185.133","μmol/L","Humid","21.187","deg","89807","µV","28.916","°C","1025.000","hPa","36.0","pmil","0","55.700","deg","20.000","°C","100.000","%a.s.","22.210","deg","20.000","°C","971.000","hPa","0.826","-0.01532","0.000401","-0.00012","0","11.08","Humid","30.45","0","49.40","253381.35","SABD0002000012","AAV2.0.0.13","4.0.0.2323","PSt7-10","171027-008","9/15/2022 2:43:31 PM","0000-00","0","no battery","V","","µV","","µV"
"11/15/2022","17:25:00","7","default","171425599","OXY_CH7","4.730","min","185.100","μmol/L","Humid","21.189","deg","89809","µV","28.916","°C","1025.000","hPa","36.0","pmil","0","55.700","deg","20.000","°C","100.000","%a.s.","22.210","deg","20.000","°C","971.000","hPa","0.826","-0.01532","0.000401","-0.00012","0","11.08","Humid","30.45","0","49.40","253379.08","SABD0002000012","AAV2.0.0.13","4.0.0.2323","PSt7-10","171027-008","9/15/2022 2:43:31 PM","0000-00","0","no battery","V","","µV","","µV"
"11/15/2022","17:25:01","7","default","171425599","OXY_CH7","4.747","min","185.049","μmol/L","Humid","21.190","deg","89816","µV","28.923","°C","1025.000","hPa","36.0","pmil","0","55.700","deg","20.000","°C","100.000","%a.s.","22.210","deg","20.000","°C","971.000","hPa","0.826","-0.01532","0.000401","-0.00012","0","11.08","Humid","30.45","0","49.40","253387.10","SABD0002000012","AAV2.0.0.13","4.0.0.2323","PSt7-10","171027-008","9/15/2022 2:43:31 PM","0000-00","0","no battery","V","","µV","","µV"
"11/15/2022","17:25:02","7","default","171425599","OXY_CH7","4.764","min","185.117","μmol/L","Humid","21.188","deg","89809","µV","28.916","°C","1025.000","hPa","36.0","pmil","0","55.700","deg","20.000","°C","100.000","%a.s.","22.210","deg","20.000","°C","971.000","hPa","0.826","-0.01532","0.000401","-0.00012","0","11.08","Humid","30.45","0","49.40","253378.73","SABD0002000012","AAV2.0.0.13","4.0.0.2323","PSt7-10","171027-008","9/15/2022 2:43:31 PM","0000-00","0","no battery","V","","µV","","µV"
"11/15/2022","17:25:03","7","default","171425599","OXY_CH7","4.780","min","185.065","μmol/L","Humid","21.189","deg","89797","µV","28.923","°C","1025.000","hPa","36.0","pmil","0","55.700","deg","20.000","°C","100.000","%a.s.","22.210","deg","20.000","°C","971.000","hPa","0.826","-0.01532","0.000401","-0.00012","0","11.08","Humid","30.45","0","49.40","253365.79","SABD0002000012","AAV2.0.0.13","4.0.0.2323","PSt7-10","171027-008","9/15/2022 2:43:31 PM","0000-00","0","no battery","V","","µV","","µV"
"11/15/2022","17:25:04","7","default","171425599","OXY_CH7","4.797","min","185.114","μmol/L","Humid","21.186","deg","89806","µV","28.923","°C","1025.000","hPa","36.0","pmil","0","55.700","deg","20.000","°C","100.000","%a.s.","22.210","deg","20.000","°C","971.000","hPa","0.826","-0.01532","0.000401","-0.00012","0","11.08","Humid","30.45","0","49.40","253380.00","SABD0002000012","AAV2.0.0.13","4.0.0.2323","PSt7-10","171027-008","9/15/2022 2:43:31 PM","0000-00","0","no battery","V","","µV","","µV"
"11/15/2022","17:25:05","7","default","171425599","OXY_CH7","4.814","min","185.164","μmol/L","Humid","21.183","deg","89793","µV","28.923","°C","1025.000","hPa","36.0","pmil","0","55.700","deg","20.000","°C","100.000","%a.s.","22.210","deg","20.000","°C","971.000","hPa","0.826","-0.01532","0.000401","-0.00012","0","11.08","Humid","30.45","0","49.40","253354.18","SABD0002000012","AAV2.0.0.13","4.0.0.2323","PSt7-10","171027-008","9/15/2022 2:43:31 PM","0000-00","0","no battery","V","","µV","","µV"
"11/15/2022","17:25:06","7","default","171425599","OXY_CH7","4.831","min","185.133","μmol/L","Humid","21.187","deg","89798","µV","28.916","°C","1025.000","hPa","36.0","pmil","0","55.700","deg","20.000","°C","100.000","%a.s.","22.210","deg","20.000","°C","971.000","hPa","0.826","-0.01532","0.000401","-0.00012","0","11.08","Humid","30.45","0","49.40","253374.08","SABD0002000012","AAV2.0.0.13","4.0.0.2323","PSt7-10","171027-008","9/15/2022 2:43:31 PM","0000-00","0","no battery","V","","µV","","µV"
"11/15/2022","17:25:07","7","default","171425599","OXY_CH7","4.847","min","185.098","μmol/L","Humid","21.187","deg","89792","µV","28.923","°C","1025.000","hPa","36.0","pmil","0","55.700","deg","20.000","°C","100.000","%a.s.","22.210","deg","20.000","°C","971.000","hPa","0.826","-0.01532","0.000401","-0.00012","0","11.08","Humid","30.45","0","49.40","253360.82","SABD0002000012","AAV2.0.0.13","4.0.0.2323","PSt7-10","171027-008","9/15/2022 2:43:31 PM","0000-00","0","no battery","V","","µV","","µV"
"11/15/2022","17:25:08","7","default","171425599","OXY_CH7","4.864","min","185.215","μmol/L","Humid","21.182","deg","89796","µV","28.916","°C","1025.000","hPa","36.0","pmil","0","55.700","deg","20.000","°C","100.000","%a.s.","22.210","deg","20.000","°C","971.000","hPa","0.826","-0.01532","0.000401","-0.00012","0","11.08","Humid","30.45","0","49.40","253359.71","SABD0002000012","AAV2.0.0.13","4.0.0.2323","PSt7-10","171027-008","9/15/2022 2:43:31 PM","0000-00","0","no battery","V","","µV","","µV"
"11/15/2022","17:25:09","7","default","171425599","OXY_CH7","4.881","min","185.065","μmol/L","Humid","21.189","deg","89795","µV","28.923","°C","1025.000","hPa","36.0","pmil","0","55.700","deg","20.000","°C","100.000","%a.s.","22.210","deg","20.000","°C","971.000","hPa","0.826","-0.01532","0.000401","-0.00012","0","11.08","Humid","30.45","0","49.40","253358.47","SABD0002000012","AAV2.0.0.13","4.0.0.2323","PSt7-10","171027-008","9/15/2022 2:43:31 PM","0000-00","0","no battery","V","","µV","","µV"
"11/15/2022","17:25:10","7","default","171425599","OXY_CH7","4.897","min","185.133","μmol/L","Humid","21.187","deg","89790","µV","28.916","°C","1025.000","hPa","36.0","pmil","0","55.700","deg","20.000","°C","100.000","%a.s.","22.210","deg","20.000","°C","971.000","hPa","0.826","-0.01532","0.000401","-0.00012","0","11.08","Humid","30.45","0","49.40","253372.20","SABD0002000012","AAV2.0.0.13","4.0.0.2323","PSt7-10","171027-008","9/15/2022 2:43:31 PM","0000-00","0","no battery","V","","µV","","µV"
"11/15/2022","17:25:11","7","default","171425599","OXY_CH7","4.913","min","185.201","μmol/L","Humid","21.185","deg","89780","µV","28.910","°C","1025.000","hPa","36.0","pmil","0","55.700","deg","20.000","°C","100.000","%a.s.","22.210","deg","20.000","°C","971.000","hPa","0.826","-0.01532","0.000401","-0.00012","0","11.08","Humid","30.45","0","49.40","253351.53","SABD0002000012","AAV2.0.0.13","4.0.0.2323","PSt7-10","171027-008","9/15/2022 2:43:31 PM","0000-00","0","no battery","V","","µV","","µV"
"11/15/2022","17:25:12","7","default","171425599","OXY_CH7","4.930","min","185.168","μmol/L","Humid","21.187","deg","89786","µV","28.910","°C","1025.000","hPa","36.0","pmil","0","55.700","deg","20.000","°C","100.000","%a.s.","22.210","deg","20.000","°C","971.000","hPa","0.826","-0.01532","0.000401","-0.00012","0","11.08","Humid","30.45","0","49.40","253358.08","SABD0002000012","AAV2.0.0.13","4.0.0.2323","PSt7-10","171027-008","9/15/2022 2:43:31 PM","0000-00","0","no battery","V","","µV","","µV"
"11/15/2022","17:25:13","7","default","171425599","OXY_CH7","4.947","min","185.149","μmol/L","Humid","21.186","deg","89770","µV","28.916","°C","1025.000","hPa","36.0","pmil","0","55.700","deg","20.000","°C","100.000","%a.s.","22.210","deg","20.000","°C","971.000","hPa","0.826","-0.01532","0.000401","-0.00012","0","11.08","Humid","30.45","0","49.40","253364.92","SABD0002000012","AAV2.0.0.13","4.0.0.2323","PSt7-10","171027-008","9/15/2022 2:43:31 PM","0000-00","0","no battery","V","","µV","","µV"
"11/15/2022","17:25:14","7","default","171425599","OXY_CH7","4.964","min","185.082","μmol/L","Humid","21.188","deg","89776","µV","28.923","°C","1025.000","hPa","36.0","pmil","0","55.700","deg","20.000","°C","100.000","%a.s.","22.210","deg","20.000","°C","971.000","hPa","0.826","-0.01532","0.000401","-0.00012","0","11.08","Humid","30.45","0","49.40","253350.85","SABD0002000012","AAV2.0.0.13","4.0.0.2323","PSt7-10","171027-008","9/15/2022 2:43:31 PM","0000-00","0","no battery","V","","µV","","µV"
"11/15/2022","17:25:15","7","default","171425599","OXY_CH7","4.980","min","185.182","μmol/L","Humid","21.184","deg","89774","µV","28.916","°C","1025.000","hPa","36.0","pmil","0","55.700","deg","20.000","°C","100.000","%a.s.","22.210","deg","20.000","°C","971.000","hPa","0.826","-0.01532","0.000401","-0.00012","0","11.08","Humid","30.45","0","49.40","253344.82","SABD0002000012","AAV2.0.0.13","4.0.0.2323","PSt7-10","171027-008","9/15/2022 2:43:31 PM","0000-00","0","no battery","V","","µV","","µV"
"11/15/2022","17:25:16","7","default","171425599","OXY_CH7","4.997","min","185.149","μmol/L","Humid","21.186","deg","89766","µV","28.916","°C","1025.000","hPa","36.0","pmil","0","55.700","deg","20.000","°C","100.000","%a.s.","22.210","deg","20.000","°C","971.000","hPa","0.826","-0.01532","0.000401","-0.00012","0","11.08","Humid","30.45","0","49.40","253343.15","SABD0002000012","AAV2.0.0.13","4.0.0.2323","PSt7-10","171027-008","9/15/2022 2:43:31 PM","0000-00","0","no battery","V","","µV","","µV"
"11/15/2022","17:25:17","7","default","171425599","OXY_CH7","5.014","min","185.147","μmol/L","Humid","21.184","deg","89772","µV","28.923","°C","1025.000","hPa","36.0","pmil","0","55.700","deg","20.000","°C","100.000","%a.s.","22.210","deg","20.000","°C","971.000","hPa","0.826","-0.01532","0.000401","-0.00012","0","11.08","Humid","30.45","0","49.40","253353.85","SABD0002000012","AAV2.0.0.13","4.0.0.2323","PSt7-10","171027-008","9/15/2022 2:43:31 PM","0000-00","0","no battery","V","","µV","","µV"
"11/15/2022","17:25:18","7","default","171425599","OXY_CH7","5.031","min","185.166","μmol/L","Humid","21.185","deg","89764","µV","28.916","°C","1025.000","hPa","36.0","pmil","0","55.700","deg","20.000","°C","100.000","%a.s.","22.210","deg","20.000","°C","971.000","hPa","0.826","-0.01532","0.000401","-0.00012","0","11.08","Humid","30.45","0","49.40","253350.71","SABD0002000012","AAV2.0.0.13","4.0.0.2323","PSt7-10","171027-008","9/15/2022 2:43:31 PM","0000-00","0","no battery","V","","µV","","µV"
"11/15/2022","17:25:19","7","default","171425599","OXY_CH7","5.047","min","185.199","μmol/L","Humid","21.183","deg","89763","µV","28.916","°C","1025.000","hPa","36.0","pmil","0","55.700","deg","20.000","°C","100.000","%a.s.","22.210","deg","20.000","°C","971.000","hPa","0.826","-0.01532","0.000401","-0.00012","0","11.08","Humid","30.45","0","49.40","253348.02","SABD0002000012","AAV2.0.0.13","4.0.0.2323","PSt7-10","171027-008","9/15/2022 2:43:31 PM","0000-00","0","no battery","V","","µV","","µV"
"11/15/2022","17:25:20","7","default","171425599","OXY_CH7","5.064","min","185.098","μmol/L","Humid","21.187","deg","89763","µV","28.923","°C","1025.000","hPa","36.0","pmil","0","55.700","deg","20.000","°C","100.000","%a.s.","22.210","deg","20.000","°C","971.000","hPa","0.826","-0.01532","0.000401","-0.00012","0","11.08","Humid","30.45","0","49.40","253342.02","SABD0002000012","AAV2.0.0.13","4.0.0.2323","PSt7-10","171027-008","9/15/2022 2:43:31 PM","0000-00","0","no battery","V","","µV","","µV"
"11/15/2022","17:25:21","7","default","171425599","OXY_CH7","5.081","min","185.079","μmol/L","Humid","21.186","deg","89765","µV","28.929","°C","1025.000","hPa","36.0","pmil","0","55.700","deg","20.000","°C","100.000","%a.s.","22.210","deg","20.000","°C","971.000","hPa","0.826","-0.01532","0.000401","-0.00012","0","11.08","Humid","30.45","0","49.40","253353.63","SABD0002000012","AAV2.0.0.13","4.0.0.2323","PSt7-10","171027-008","9/15/2022 2:43:31 PM","0000-00","0","no battery","V","","µV","","µV"
"11/15/2022","17:25:22","7","default","171425599","OXY_CH7","5.098","min","185.164","μmol/L","Humid","21.183","deg","89763","µV","28.923","°C","1025.000","hPa","36.0","pmil","0","55.700","deg","20.000","°C","100.000","%a.s.","22.210","deg","20.000","°C","971.000","hPa","0.826","-0.01532","0.000401","-0.00012","0","11.08","Humid","30.45","0","49.40","253346.59","SABD0002000012","AAV2.0.0.13","4.0.0.2323","PSt7-10","171027-008","9/15/2022 2:43:31 PM","0000-00","0","no battery","V","","µV","","µV"
"11/15/2022","17:25:23","7","default","171425599","OXY_CH7","5.114","min","185.196","μmol/L","Humid","21.181","deg","89754","µV","28.923","°C","1025.000","hPa","36.0","pmil","0","55.700","deg","20.000","°C","100.000","%a.s.","22.210","deg","20.000","°C","971.000","hPa","0.826","-0.01532","0.000401","-0.00012","0","11.08","Humid","30.45","0","49.40","253336.60","SABD0002000012","AAV2.0.0.13","4.0.0.2323","PSt7-10","171027-008","9/15/2022 2:43:31 PM","0000-00","0","no battery","V","","µV","","µV"
"11/15/2022","17:25:24","7","default","171425599","OXY_CH7","5.130","min","185.166","μmol/L","Humid","21.185","deg","89751","µV","28.916","°C","1025.000","hPa","36.0","pmil","0","55.700","deg","20.000","°C","100.000","%a.s.","22.210","deg","20.000","°C","971.000","hPa","0.826","-0.01532","0.000401","-0.00012","0","11.08","Humid","30.45","0","49.40","253339.01","SABD0002000012","AAV2.0.0.13","4.0.0.2323","PSt7-10","171027-008","9/15/2022 2:43:31 PM","0000-00","0","no battery","V","","µV","","µV"
"11/15/2022","17:25:25","7","default","171425599","OXY_CH7","5.147","min","185.231","μmol/L","Humid","21.181","deg","89746","µV","28.916","°C","1025.000","hPa","36.0","pmil","0","55.700","deg","20.000","°C","100.000","%a.s.","22.210","deg","20.000","°C","971.000","hPa","0.826","-0.01532","0.000401","-0.00012","0","11.08","Humid","30.45","0","49.40","253331.13","SABD0002000012","AAV2.0.0.13","4.0.0.2323","PSt7-10","171027-008","9/15/2022 2:43:31 PM","0000-00","0","no battery","V","","µV","","µV"
"11/15/2022","17:25:26","7","default","171425599","OXY_CH7","5.164","min","185.131","μmol/L","Humid","21.185","deg","89748","µV","28.923","°C","1025.000","hPa","36.0","pmil","0","55.700","deg","20.000","°C","100.000","%a.s.","22.210","deg","20.000","°C","971.000","hPa","0.826","-0.01532","0.000401","-0.00012","0","11.08","Humid","30.45","0","49.40","253322.34","SABD0002000012","AAV2.0.0.13","4.0.0.2323","PSt7-10","171027-008","9/15/2022 2:43:31 PM","0000-00","0","no battery","V","","µV","","µV"
"11/15/2022","17:25:27","7","default","171425599","OXY_CH7","5.180","min","185.182","μmol/L","Humid","21.184","deg","89735","µV","28.916","°C","1025.000","hPa","36.0","pmil","0","55.700","deg","20.000","°C","100.000","%a.s.","22.210","deg","20.000","°C","971.000","hPa","0.826","-0.01532","0.000401","-0.00012","0","11.08","Humid","30.45","0","49.40","253318.55","SABD0002000012","AAV2.0.0.13","4.0.0.2323","PSt7-10","171027-008","9/15/2022 2:43:31 PM","0000-00","0","no battery","V","","µV","","µV"
"11/15/2022","17:25:28","7","default","171425599","OXY_CH7","5.197","min","185.166","μmol/L","Humid","21.185","deg","89752","µV","28.916","°C","1025.000","hPa","36.0","pmil","0","55.700","deg","20.000","°C","100.000","%a.s.","22.210","deg","20.000","°C","971.000","hPa","0.826","-0.01532","0.000401","-0.00012","0","11.08","Humid","30.45","0","49.40","253338.36","SABD0002000012","AAV2.0.0.13","4.0.0.2323","PSt7-10","171027-008","9/15/2022 2:43:31 PM","0000-00","0","no battery","V","","µV","","µV"
"11/15/2022","17:25:29","7","default","171425599","OXY_CH7","5.214","min","185.082","μmol/L","Humid","21.188","deg","89741","µV","28.923","°C","1025.000","hPa","36.0","pmil","0","55.700","deg","20.000","°C","100.000","%a.s.","22.210","deg","20.000","°C","971.000","hPa","0.826","-0.01532","0.000401","-0.00012","0","11.08","Humid","30.45","0","49.40","253317.64","SABD0002000012","AAV2.0.0.13","4.0.0.2323","PSt7-10","171027-008","9/15/2022 2:43:31 PM","0000-00","0","no battery","V","","µV","","µV"
"11/15/2022","17:25:30","7","default","171425599","OXY_CH7","5.231","min","185.164","μmol/L","Humid","21.183","deg","89734","µV","28.923","°C","1025.000","hPa","36.0","pmil","0","55.700","deg","20.000","°C","100.000","%a.s.","22.210","deg","20.000","°C","971.000","hPa","0.826","-0.01532","0.000401","-0.00012","0","11.08","Humid","30.45","0","49.40","253326.19","SABD0002000012","AAV2.0.0.13","4.0.0.2323","PSt7-10","171027-008","9/15/2022 2:43:31 PM","0000-00","0","no battery","V","","µV","","µV"
"11/15/2022","17:25:31","7","default","171425599","OXY_CH7","5.247","min","185.149","μmol/L","Humid","21.186","deg","89733","µV","28.916","°C","1025.000","hPa","36.0","pmil","0","55.700","deg","20.000","°C","100.000","%a.s.","22.210","deg","20.000","°C","971.000","hPa","0.826","-0.01532","0.000401","-0.00012","0","11.08","Humid","30.45","0","49.40","253318.91","SABD0002000012","AAV2.0.0.13","4.0.0.2323","PSt7-10","171027-008","9/15/2022 2:43:31 PM","0000-00","0","no battery","V","","µV","","µV"
"11/15/2022","17:25:32","7","default","171425599","OXY_CH7","5.264","min","185.147","μmol/L","Humid","21.184","deg","89733","µV","28.923","°C","1025.000","hPa","36.0","pmil","0","55.700","deg","20.000","°C","100.000","%a.s.","22.210","deg","20.000","°C","971.000","hPa","0.826","-0.01532","0.000401","-0.00012","0","11.08","Humid","30.45","0","49.40","253315.86","SABD0002000012","AAV2.0.0.13","4.0.0.2323","PSt7-10","171027-008","9/15/2022 2:43:31 PM","0000-00","0","no battery","V","","µV","","µV"
"11/15/2022","17:25:33","7","default","171425599","OXY_CH7","5.281","min","185.147","μmol/L","Humid","21.184","deg","89726","µV","28.923","°C","1025.000","hPa","36.0","pmil","0","55.700","deg","20.000","°C","100.000","%a.s.","22.210","deg","20.000","°C","971.000","hPa","0.826","-0.01532","0.000401","-0.00012","0","11.08","Humid","30.45","0","49.40","253309.03","SABD0002000012","AAV2.0.0.13","4.0.0.2323","PSt7-10","171027-008","9/15/2022 2:43:31 PM","0000-00","0","no battery","V","","µV","","µV"
"11/15/2022","17:25:34","7","default","171425599","OXY_CH7","5.297","min","185.180","μmol/L","Humid","21.182","deg","89720","µV","28.923","°C","1025.000","hPa","36.0","pmil","0","55.700","deg","20.000","°C","100.000","%a.s.","22.210","deg","20.000","°C","971.000","hPa","0.826","-0.01532","0.000401","-0.00012","0","11.08","Humid","30.45","0","49.40","253314.41","SABD0002000012","AAV2.0.0.13","4.0.0.2323","PSt7-10","171027-008","9/15/2022 2:43:31 PM","0000-00","0","no battery","V","","µV","","µV"
"11/15/2022","17:25:35","7","default","171425599","OXY_CH7","5.314","min","185.180","μmol/L","Humid","21.182","deg","89723","µV","28.923","°C","1025.000","hPa","36.0","pmil","0","55.700","deg","20.000","°C","100.000","%a.s.","22.210","deg","20.000","°C","971.000","hPa","0.826","-0.01532","0.000401","-0.00012","0","11.08","Humid","30.45","0","49.40","253301.74","SABD0002000012","AAV2.0.0.13","4.0.0.2323","PSt7-10","171027-008","9/15/2022 2:43:31 PM","0000-00","0","no battery","V","","µV","","µV"
"11/15/2022","17:25:36","7","default","171425599","OXY_CH7","5.330","min","185.180","μmol/L","Humid","21.182","deg","89712","µV","28.923","°C","1025.000","hPa","36.0","pmil","0","55.700","deg","20.000","°C","100.000","%a.s.","22.210","deg","20.000","°C","971.000","hPa","0.826","-0.01532","0.000401","-0.00012","0","11.08","Humid","30.45","0","49.40","253300.85","SABD0002000012","AAV2.0.0.13","4.0.0.2323","PSt7-10","171027-008","9/15/2022 2:43:31 PM","0000-00","0","no battery","V","","µV","","µV"
"11/15/2022","17:25:37","7","default","171425599","OXY_CH7","5.347","min","185.182","μmol/L","Humid","21.184","deg","89715","µV","28.916","°C","1025.000","hPa","36.0","pmil","0","55.700","deg","20.000","°C","100.000","%a.s.","22.210","deg","20.000","°C","971.000","hPa","0.826","-0.01532","0.000401","-0.00012","0","11.08","Humid","30.45","0","49.40","253301.07","SABD0002000012","AAV2.0.0.13","4.0.0.2323","PSt7-10","171027-008","9/15/2022 2:43:31 PM","0000-00","0","no battery","V","","µV","","µV"
"11/15/2022","17:25:38","7","default","171425599","OXY_CH7","5.364","min","185.262","μmol/L","Humid","21.177","deg","89709","µV","28.923","°C","1025.000","hPa","36.0","pmil","0","55.700","deg","20.000","°C","100.000","%a.s.","22.210","deg","20.000","°C","971.000","hPa","0.826","-0.01532","0.000401","-0.00012","0","11.08","Humid","30.45","0","49.40","253300.84","SABD0002000012","AAV2.0.0.13","4.0.0.2323","PSt7-10","171027-008","9/15/2022 2:43:31 PM","0000-00","0","no battery","V","","µV","","µV"
"11/15/2022","17:25:39","7","default","171425599","OXY_CH7","5.380","min","185.248","μmol/L","Humid","21.180","deg","89703","µV","28.916","°C","1025.000","hPa","36.0","pmil","0","55.700","deg","20.000","°C","100.000","%a.s.","22.210","deg","20.000","°C","971.000","hPa","0.826","-0.01532","0.000401","-0.00012","0","11.08","Humid","30.45","0","49.40","253302.06","SABD0002000012","AAV2.0.0.13","4.0.0.2323","PSt7-10","171027-008","9/15/2022 2:43:31 PM","0000-00","0","no battery","V","","µV","","µV"
"11/15/2022","17:25:40","7","default","171425599","OXY_CH7","5.397","min","185.164","μmol/L","Humid","21.183","deg","89701","µV","28.923","°C","1025.000","hPa","36.0","pmil","0","55.700","deg","20.000","°C","100.000","%a.s.","22.210","deg","20.000","°C","971.000","hPa","0.826","-0.01532","0.000401","-0.00012","0","11.08","Humid","30.45","0","49.40","253295.99","SABD0002000012","AAV2.0.0.13","4.0.0.2323","PSt7-10","171027-008","9/15/2022 2:43:31 PM","0000-00","0","no battery","V","","µV","","µV"
"11/15/2022","17:25:41","7","default","171425599","OXY_CH7","5.414","min","185.211","μmol/L","Humid","21.178","deg","89697","µV","28.929","°C","1025.000","hPa","36.0","pmil","0","55.700","deg","20.000","°C","100.000","%a.s.","22.210","deg","20.000","°C","971.000","hPa","0.826","-0.01532","0.000401","-0.00012","0","11.08","Humid","30.45","0","49.40","253291.55","SABD0002000012","AAV2.0.0.13","4.0.0.2323","PSt7-10","171027-008","9/15/2022 2:43:31 PM","0000-00","0","no battery","V","","µV","","µV"
"11/15/2022","17:25:42","7","default","171425599","OXY_CH7","5.431","min","185.213","μmol/L","Humid","21.180","deg","89700","µV","28.923","°C","1025.000","hPa","36.0","pmil","0","55.700","deg","20.000","°C","100.000","%a.s.","22.210","deg","20.000","°C","971.000","hPa","0.826","-0.01532","0.000401","-0.00012","0","11.08","Humid","30.45","0","49.40","253293.28","SABD0002000012","AAV2.0.0.13","4.0.0.2323","PSt7-10","171027-008","9/15/2022 2:43:31 PM","0000-00","0","no battery","V","","µV","","µV"
"11/15/2022","17:25:43","7","default","171425599","OXY_CH7","5.447","min","185.147","μmol/L","Humid","21.184","deg","89701","µV","28.923","°C","1025.000","hPa","36.0","pmil","0","55.700","deg","20.000","°C","100.000","%a.s.","22.210","deg","20.000","°C","971.000","hPa","0.826","-0.01532","0.000401","-0.00012","0","11.08","Humid","30.45","0","49.40","253294.78","SABD0002000012","AAV2.0.0.13","4.0.0.2323","PSt7-10","171027-008","9/15/2022 2:43:31 PM","0000-00","0","no battery","V","","µV","","µV"
"11/15/2022","17:25:44","7","default","171425599","OXY_CH7","5.464","min","185.213","μmol/L","Humid","21.180","deg","89694","µV","28.923","°C","1025.000","hPa","36.0","pmil","0","55.700","deg","20.000","°C","100.000","%a.s.","22.210","deg","20.000","°C","971.000","hPa","0.826","-0.01532","0.000401","-0.00012","0","11.08","Humid","30.45","0","49.40","253289.23","SABD0002000012","AAV2.0.0.13","4.0.0.2323","PSt7-10","171027-008","9/15/2022 2:43:31 PM","0000-00","0","no battery","V","","µV","","µV"
"11/15/2022","17:25:45","7","default","171425599","OXY_CH7","5.480","min","185.199","μmol/L","Humid","21.183","deg","89689","µV","28.916","°C","1025.000","hPa","36.0","pmil","0","55.700","deg","20.000","°C","100.000","%a.s.","22.210","deg","20.000","°C","971.000","hPa","0.826","-0.01532","0.000401","-0.00012","0","11.08","Humid","30.45","0","49.40","253304.19","SABD0002000012","AAV2.0.0.13","4.0.0.2323","PSt7-10","171027-008","9/15/2022 2:43:31 PM","0000-00","0","no battery","V","","µV","","µV"
"11/15/2022","17:25:46","7","default","171425599","OXY_CH7","5.497","min","185.166","μmol/L","Humid","21.185","deg","89685","µV","28.916","°C","1025.000","hPa","36.0","pmil","0","55.700","deg","20.000","°C","100.000","%a.s.","22.210","deg","20.000","°C","971.000","hPa","0.826","-0.01532","0.000401","-0.00012","0","11.08","Humid","30.45","0","49.40","253285.37","SABD0002000012","AAV2.0.0.13","4.0.0.2323","PSt7-10","171027-008","9/15/2022 2:43:31 PM","0000-00","0","no battery","V","","µV","","µV"
"11/15/2022","17:25:47","7","default","171425599","OXY_CH7","5.514","min","185.283","μmol/L","Humid","21.180","deg","89690","µV","28.910","°C","1025.000","hPa","36.0","pmil","0","55.700","deg","20.000","°C","100.000","%a.s.","22.210","deg","20.000","°C","971.000","hPa","0.826","-0.01532","0.000401","-0.00012","0","11.08","Humid","30.45","0","49.40","253290.84","SABD0002000012","AAV2.0.0.13","4.0.0.2323","PSt7-10","171027-008","9/15/2022 2:43:31 PM","0000-00","0","no battery","V","","µV","","µV"
"11/15/2022","17:25:48","7","default","171425599","OXY_CH7","5.530","min","185.262","μmol/L","Humid","21.177","deg","89681","µV","28.923","°C","1025.000","hPa","36.0","pmil","0","55.700","deg","20.000","°C","100.000","%a.s.","22.210","deg","20.000","°C","971.000","hPa","0.826","-0.01532","0.000401","-0.00012","0","11.08","Humid","30.45","0","49.40","253286.17","SABD0002000012","AAV2.0.0.13","4.0.0.2323","PSt7-10","171027-008","9/15/2022 2:43:31 PM","0000-00","0","no battery","V","","µV","","µV"
"11/15/2022","17:25:49","7","default","171425599","OXY_CH7","5.547","min","185.180","μmol/L","Humid","21.182","deg","89683","µV","28.923","°C","1025.000","hPa","36.0","pmil","0","55.700","deg","20.000","°C","100.000","%a.s.","22.210","deg","20.000","°C","971.000","hPa","0.826","-0.01532","0.000401","-0.00012","0","11.08","Humid","30.45","0","49.40","253286.17","SABD0002000012","AAV2.0.0.13","4.0.0.2323","PSt7-10","171027-008","9/15/2022 2:43:31 PM","0000-00","0","no battery","V","","µV","","µV"
"11/15/2022","17:25:50","7","default","171425599","OXY_CH7","5.564","min","185.281","μmol/L","Humid","21.178","deg","89673","µV","28.916","°C","1025.000","hPa","36.0","pmil","0","55.700","deg","20.000","°C","100.000","%a.s.","22.210","deg","20.000","°C","971.000","hPa","0.826","-0.01532","0.000401","-0.00012","0","11.08","Humid","30.45","0","49.40","253283.40","SABD0002000012","AAV2.0.0.13","4.0.0.2323","PSt7-10","171027-008","9/15/2022 2:43:31 PM","0000-00","0","no battery","V","","µV","","µV"
"11/15/2022","17:25:51","7","default","171425599","OXY_CH7","5.581","min","185.164","μmol/L","Humid","21.183","deg","89674","µV","28.923","°C","1025.000","hPa","36.0","pmil","0","55.700","deg","20.000","°C","100.000","%a.s.","22.210","deg","20.000","°C","971.000","hPa","0.826","-0.01532","0.000401","-0.00012","0","11.08","Humid","30.45","0","49.40","253281.74","SABD0002000012","AAV2.0.0.13","4.0.0.2323","PSt7-10","171027-008","9/15/2022 2:43:31 PM","0000-00","0","no battery","V","","µV","","µV"
"11/15/2022","17:25:52","7","default","171425599","OXY_CH7","5.597","min","185.215","μmol/L","Humid","21.182","deg","89676","µV","28.916","°C","1025.000","hPa","36.0","pmil","0","55.700","deg","20.000","°C","100.000","%a.s.","22.210","deg","20.000","°C","971.000","hPa","0.826","-0.01532","0.000401","-0.00012","0","11.08","Humid","30.45","0","49.40","253280.12","SABD0002000012","AAV2.0.0.13","4.0.0.2323","PSt7-10","171027-008","9/15/2022 2:43:31 PM","0000-00","0","no battery","V","","µV","","µV"
"11/15/2022","17:25:53","7","default","171425599","OXY_CH7","5.614","min","185.281","μmol/L","Humid","21.178","deg","89672","µV","28.916","°C","1025.000","hPa","36.0","pmil","0","55.700","deg","20.000","°C","100.000","%a.s.","22.210","deg","20.000","°C","971.000","hPa","0.826","-0.01532","0.000401","-0.00012","0","11.08","Humid","30.45","0","49.40","253275.87","SABD0002000012","AAV2.0.0.13","4.0.0.2323","PSt7-10","171027-008","9/15/2022 2:43:31 PM","0000-00","0","no battery","V","","µV","","µV"
"11/15/2022","17:25:54","7","default","171425599","OXY_CH7","5.631","min","185.246","μmol/L","Humid","21.178","deg","89669","µV","28.923","°C","1025.000","hPa","36.0","pmil","0","55.700","deg","20.000","°C","100.000","%a.s.","22.210","deg","20.000","°C","971.000","hPa","0.826","-0.01532","0.000401","-0.00012","0","11.08","Humid","30.45","0","49.40","253264.60","SABD0002000012","AAV2.0.0.13","4.0.0.2323","PSt7-10","171027-008","9/15/2022 2:43:31 PM","0000-00","0","no battery","V","","µV","","µV"
"11/15/2022","17:25:55","7","default","171425599","OXY_CH7","5.647","min","185.246","μmol/L","Humid","21.178","deg","89665","µV","28.923","°C","1025.000","hPa","36.0","pmil","0","55.700","deg","20.000","°C","100.000","%a.s.","22.210","deg","20.000","°C","971.000","hPa","0.826","-0.01532","0.000401","-0.00012","0","11.08","Humid","30.45","0","49.40","253272.48","SABD0002000012","AAV2.0.0.13","4.0.0.2323","PSt7-10","171027-008","9/15/2022 2:43:31 PM","0000-00","0","no battery","V","","µV","","µV"
"11/15/2022","17:25:56","7","default","171425599","OXY_CH7","5.664","min","185.279","μmol/L","Humid","21.176","deg","89658","µV","28.923","°C","1025.000","hPa","36.0","pmil","0","55.700","deg","20.000","°C","100.000","%a.s.","22.210","deg","20.000","°C","971.000","hPa","0.826","-0.01532","0.000401","-0.00012","0","11.08","Humid","30.45","0","49.40","253262.00","SABD0002000012","AAV2.0.0.13","4.0.0.2323","PSt7-10","171027-008","9/15/2022 2:43:31 PM","0000-00","0","no battery","V","","µV","","µV"
"11/15/2022","17:25:57","7","default","171425599","OXY_CH7","5.680","min","185.262","μmol/L","Humid","21.177","deg","89655","µV","28.923","°C","1025.000","hPa","36.0","pmil","0","55.700","deg","20.000","°C","100.000","%a.s.","22.210","deg","20.000","°C","971.000","hPa","0.826","-0.01532","0.000401","-0.00012","0","11.08","Humid","30.45","0","49.40","253270.38","SABD0002000012","AAV2.0.0.13","4.0.0.2323","PSt7-10","171027-008","9/15/2022 2:43:31 PM","0000-00","0","no battery","V","","µV","","µV"
"11/15/2022","17:25:58","7","default","171425599","OXY_CH7","5.697","min","185.229","μmol/L","Humid","21.179","deg","89660","µV","28.923","°C","1025.000","hPa","36.0","pmil","0","55.700","deg","20.000","°C","100.000","%a.s.","22.210","deg","20.000","°C","971.000","hPa","0.826","-0.01532","0.000401","-0.00012","0","11.08","Humid","30.45","0","49.40","253260.83","SABD0002000012","AAV2.0.0.13","4.0.0.2323","PSt7-10","171027-008","9/15/2022 2:43:31 PM","0000-00","0","no battery","V","","µV","","µV"
"11/15/2022","17:25:59","7","default","171425599","OXY_CH7","5.714","min","185.260","μmol/L","Humid","21.175","deg","89655","µV","28.929","°C","1025.000","hPa","36.0","pmil","0","55.700","deg","20.000","°C","100.000","%a.s.","22.210","deg","20.000","°C","971.000","hPa","0.826","-0.01532","0.000401","-0.00012","0","11.08","Humid","30.45","0","49.40","253261.31","SABD0002000012","AAV2.0.0.13","4.0.0.2323","PSt7-10","171027-008","9/15/2022 2:43:31 PM","0000-00","0","no battery","V","","µV","","µV"
"11/15/2022","17:26:00","7","default","171425599","OXY_CH7","5.730","min","185.246","μmol/L","Humid","21.178","deg","89654","µV","28.923","°C","1025.000","hPa","36.0","pmil","0","55.700","deg","20.000","°C","100.000","%a.s.","22.210","deg","20.000","°C","971.000","hPa","0.826","-0.01532","0.000401","-0.00012","0","11.08","Humid","30.45","0","49.40","253257.23","SABD0002000012","AAV2.0.0.13","4.0.0.2323","PSt7-10","171027-008","9/15/2022 2:43:31 PM","0000-00","0","no battery","V","","µV","","µV"
"11/15/2022","17:26:01","7","default","171425599","OXY_CH7","5.747","min","185.281","μmol/L","Humid","21.178","deg","89651","µV","28.916","°C","1025.000","hPa","36.0","pmil","0","55.700","deg","20.000","°C","100.000","%a.s.","22.210","deg","20.000","°C","971.000","hPa","0.826","-0.01532","0.000401","-0.00012","0","11.08","Humid","30.45","0","49.40","253266.32","SABD0002000012","AAV2.0.0.13","4.0.0.2323","PSt7-10","171027-008","9/15/2022 2:43:31 PM","0000-00","0","no battery","V","","µV","","µV"
"11/15/2022","17:26:02","7","default","171425599","OXY_CH7","5.764","min","185.328","μmol/L","Humid","21.173","deg","89655","µV","28.923","°C","1025.000","hPa","36.0","pmil","0","55.700","deg","20.000","°C","100.000","%a.s.","22.210","deg","20.000","°C","971.000","hPa","0.826","-0.01532","0.000401","-0.00012","0","11.08","Humid","30.45","0","49.40","253276.00","SABD0002000012","AAV2.0.0.13","4.0.0.2323","PSt7-10","171027-008","9/15/2022 2:43:31 PM","0000-00","0","no battery","V","","µV","","µV"
"11/15/2022","17:26:03","7","default","171425599","OXY_CH7","5.781","min","185.211","μmol/L","Humid","21.178","deg","89646","µV","28.929","°C","1025.000","hPa","36.0","pmil","0","55.700","deg","20.000","°C","100.000","%a.s.","22.210","deg","20.000","°C","971.000","hPa","0.826","-0.01532","0.000401","-0.00012","0","11.08","Humid","30.45","0","49.40","253262.80","SABD0002000012","AAV2.0.0.13","4.0.0.2323","PSt7-10","171027-008","9/15/2022 2:43:31 PM","0000-00","0","no battery","V","","µV","","µV"
"11/15/2022","17:26:04","7","default","171425599","OXY_CH7","5.797","min","185.295","μmol/L","Humid","21.175","deg","89637","µV","28.923","°C","1025.000","hPa","36.0","pmil","0","55.700","deg","20.000","°C","100.000","%a.s.","22.210","deg","20.000","°C","971.000","hPa","0.826","-0.01532","0.000401","-0.00012","0","11.08","Humid","30.45","0","49.40","253254.54","SABD0002000012","AAV2.0.0.13","4.0.0.2323","PSt7-10","171027-008","9/15/2022 2:43:31 PM","0000-00","0","no battery","V","","µV","","µV"
"11/15/2022","17:26:05","7","default","171425599","OXY_CH7","5.814","min","185.229","μmol/L","Humid","21.179","deg","89638","µV","28.923","°C","1025.000","hPa","36.0","pmil","0","55.700","deg","20.000","°C","100.000","%a.s.","22.210","deg","20.000","°C","971.000","hPa","0.826","-0.01532","0.000401","-0.00012","0","11.08","Humid","30.45","0","49.40","253255.33","SABD0002000012","AAV2.0.0.13","4.0.0.2323","PSt7-10","171027-008","9/15/2022 2:43:31 PM","0000-00","0","no battery","V","","µV","","µV"
"11/15/2022","17:26:06","7","default","171425599","OXY_CH7","5.831","min","185.244","μmol/L","Humid","21.176","deg","89641","µV","28.929","°C","1025.000","hPa","36.0","pmil","0","55.700","deg","20.000","°C","100.000","%a.s.","22.210","deg","20.000","°C","971.000","hPa","0.826","-0.01532","0.000401","-0.00012","0","11.08","Humid","30.45","0","49.40","253262.01","SABD0002000012","AAV2.0.0.13","4.0.0.2323","PSt7-10","171027-008","9/15/2022 2:43:31 PM","0000-00","0","no battery","V","","µV","","µV"
"11/15/2022","17:26:07","7","default","171425599","OXY_CH7","5.847","min","185.276","μmol/L","Humid","21.174","deg","89647","µV","28.929","°C","1025.000","hPa","36.0","pmil","0","55.700","deg","20.000","°C","100.000","%a.s.","22.210","deg","20.000","°C","971.000","hPa","0.826","-0.01532","0.000401","-0.00012","0","11.08","Humid","30.45","0","49.40","253258.39","SABD0002000012","AAV2.0.0.13","4.0.0.2323","PSt7-10","171027-008","9/15/2022 2:43:31 PM","0000-00","0","no battery","V","","µV","","µV"
"11/15/2022","17:26:08","7","default","171425599","OXY_CH7","5.863","min","185.311","μmol/L","Humid","21.174","deg","89637","µV","28.923","°C","1025.000","hPa","36.0","pmil","0","55.700","deg","20.000","°C","100.000","%a.s.","22.210","deg","20.000","°C","971.000","hPa","0.826","-0.01532","0.000401","-0.00012","0","11.08","Humid","30.45","0","49.40","253258.12","SABD0002000012","AAV2.0.0.13","4.0.0.2323","PSt7-10","171027-008","9/15/2022 2:43:31 PM","0000-00","0","no battery","V","","µV","","µV"
"11/15/2022","17:26:09","7","default","171425599","OXY_CH7","5.880","min","185.196","μmol/L","Humid","21.181","deg","89629","µV","28.923","°C","1025.000","hPa","36.0","pmil","0","55.700","deg","20.000","°C","100.000","%a.s.","22.210","deg","20.000","°C","971.000","hPa","0.826","-0.01532","0.000401","-0.00012","0","11.08","Humid","30.45","0","49.40","253247.98","SABD0002000012","AAV2.0.0.13","4.0.0.2323","PSt7-10","171027-008","9/15/2022 2:43:31 PM","0000-00","0","no battery","V","","µV","","µV"
"11/15/2022","17:26:10","7","default","171425599","OXY_CH7","5.897","min","185.309","μmol/L","Humid","21.172","deg","89625","µV","28.929","°C","1025.000","hPa","36.0","pmil","0","55.700","deg","20.000","°C","100.000","%a.s.","22.210","deg","20.000","°C","971.000","hPa","0.826","-0.01532","0.000401","-0.00012","0","11.08","Humid","30.45","0","49.40","253247.01","SABD0002000012","AAV2.0.0.13","4.0.0.2323","PSt7-10","171027-008","9/15/2022 2:43:31 PM","0000-00","0","no battery","V","","µV","","µV"
"11/15/2022","17:26:11","7","default","171425599","OXY_CH7","5.914","min","185.229","μmol/L","Humid","21.179","deg","89627","µV","28.923","°C","1025.000","hPa","36.0","pmil","0","55.700","deg","20.000","°C","100.000","%a.s.","22.210","deg","20.000","°C","971.000","hPa","0.826","-0.01532","0.000401","-0.00012","0","11.08","Humid","30.45","0","49.40","253242.21","SABD0002000012","AAV2.0.0.13","4.0.0.2323","PSt7-10","171027-008","9/15/2022 2:43:31 PM","0000-00","0","no battery","V","","µV","","µV"
"11/15/2022","17:26:12","7","default","171425599","OXY_CH7","5.930","min","185.295","μmol/L","Humid","21.175","deg","89623","µV","28.923","°C","1025.000","hPa","36.0","pmil","0","55.700","deg","20.000","°C","100.000","%a.s.","22.210","deg","20.000","°C","971.000","hPa","0.826","-0.01532","0.000401","-0.00012","0","11.08","Humid","30.45","0","49.40","253232.82","SABD0002000012","AAV2.0.0.13","4.0.0.2323","PSt7-10","171027-008","9/15/2022 2:43:31 PM","0000-00","0","no battery","V","","µV","","µV"
"11/15/2022","17:26:13","7","default","171425599","OXY_CH7","5.947","min","185.279","μmol/L","Humid","21.176","deg","89605","µV","28.923","°C","1025.000","hPa","36.0","pmil","0","55.700","deg","20.000","°C","100.000","%a.s.","22.210","deg","20.000","°C","971.000","hPa","0.826","-0.01532","0.000401","-0.00012","0","11.08","Humid","30.45","0","49.40","253242.48","SABD0002000012","AAV2.0.0.13","4.0.0.2323","PSt7-10","171027-008","9/15/2022 2:43:31 PM","0000-00","0","no battery","V","","µV","","µV"
"11/15/2022","17:26:14","7","default","171425599","OXY_CH7","5.964","min","185.314","μmol/L","Humid","21.176","deg","89614","µV","28.916","°C","1025.000","hPa","36.0","pmil","0","55.700","deg","20.000","°C","100.000","%a.s.","22.210","deg","20.000","°C","971.000","hPa","0.826","-0.01532","0.000401","-0.00012","0","11.08","Humid","30.45","0","49.40","253240.04","SABD0002000012","AAV2.0.0.13","4.0.0.2323","PSt7-10","171027-008","9/15/2022 2:43:31 PM","0000-00","0","no battery","V","","µV","","µV"
"11/15/2022","17:26:15","7","default","171425599","OXY_CH7","5.981","min","185.279","μmol/L","Humid","21.176","deg","89610","µV","28.923","°C","1025.000","hPa","36.0","pmil","0","55.700","deg","20.000","°C","100.000","%a.s.","22.210","deg","20.000","°C","971.000","hPa","0.826","-0.01532","0.000401","-0.00012","0","11.08","Humid","30.45","0","49.40","253244.03","SABD0002000012","AAV2.0.0.13","4.0.0.2323","PSt7-10","171027-008","9/15/2022 2:43:31 PM","0000-00","0","no battery","V","","µV","","µV"
"11/15/2022","17:26:16","7","default","171425599","OXY_CH7","5.998","min","185.229","μmol/L","Humid","21.179","deg","89613","µV","28.923","°C","1025.000","hPa","36.0","pmil","0","55.700","deg","20.000","°C","100.000","%a.s.","22.210","deg","20.000","°C","971.000","hPa","0.826","-0.01532","0.000401","-0.00012","0","11.08","Humid","30.45","0","49.40","253244.16","SABD0002000012","AAV2.0.0.13","4.0.0.2323","PSt7-10","171027-008","9/15/2022 2:43:31 PM","0000-00","0","no battery","V","","µV","","µV"
"11/15/2022","17:26:17","7","default","171425599","OXY_CH7","6.014","min","185.281","μmol/L","Humid","21.178","deg","89605","µV","28.916","°C","1025.000","hPa","36.0","pmil","0","55.700","deg","20.000","°C","100.000","%a.s.","22.210","deg","20.000","°C","971.000","hPa","0.826","-0.01532","0.000401","-0.00012","0","11.08","Humid","30.45","0","49.40","253237.92","SABD0002000012","AAV2.0.0.13","4.0.0.2323","PSt7-10","171027-008","9/15/2022 2:43:31 PM","0000-00","0","no battery","V","","µV","","µV"
"11/15/2022","17:26:18","7","default","171425599","OXY_CH7","6.030","min","185.281","μmol/L","Humid","21.178","deg","89605","µV","28.916","°C","1025.000","hPa","36.0","pmil","0","55.700","deg","20.000","°C","100.000","%a.s.","22.210","deg","20.000","°C","971.000","hPa","0.826","-0.01532","0.000401","-0.00012","0","11.08","Humid","30.45","0","49.40","253254.54","SABD0002000012","AAV2.0.0.13","4.0.0.2323","PSt7-10","171027-008","9/15/2022 2:43:31 PM","0000-00","0","no battery","V","","µV","","µV"
"11/15/2022","17:26:19","7","default","171425599","OXY_CH7","6.047","min","185.379","μmol/L","Humid","21.172","deg","89603","µV","28.916","°C","1025.000","hPa","36.0","pmil","0","55.700","deg","20.000","°C","100.000","%a.s.","22.210","deg","20.000","°C","971.000","hPa","0.826","-0.01532","0.000401","-0.00012","0","11.08","Humid","30.45","0","49.40","253238.93","SABD0002000012","AAV2.0.0.13","4.0.0.2323","PSt7-10","171027-008","9/15/2022 2:43:31 PM","0000-00","0","no battery","V","","µV","","µV"
"11/15/2022","17:26:20","7","default","171425599","OXY_CH7","6.064","min","185.361","μmol/L","Humid","21.171","deg","89601","µV","28.923","°C","1025.000","hPa","36.0","pmil","0","55.700","deg","20.000","°C","100.000","%a.s.","22.210","deg","20.000","°C","971.000","hPa","0.826","-0.01532","0.000401","-0.00012","0","11.08","Humid","30.45","0","49.40","253234.35","SABD0002000012","AAV2.0.0.13","4.0.0.2323","PSt7-10","171027-008","9/15/2022 2:43:31 PM","0000-00","0","no battery","V","","µV","","µV"
"11/15/2022","17:26:21","7","default","171425599","OXY_CH7","6.080","min","185.328","μmol/L","Humid","21.173","deg","89594","µV","28.923","°C","1025.000","hPa","36.0","pmil","0","55.700","deg","20.000","°C","100.000","%a.s.","22.210","deg","20.000","°C","971.000","hPa","0.826","-0.01532","0.000401","-0.00012","0","11.08","Humid","30.45","0","49.40","253233.48","SABD0002000012","AAV2.0.0.13","4.0.0.2323","PSt7-10","171027-008","9/15/2022 2:43:31 PM","0000-00","0","no battery","V","","µV","","µV"
"11/15/2022","17:26:22","7","default","171425599","OXY_CH7","6.097","min","185.377","μmol/L","Humid","21.170","deg","89600","µV","28.923","°C","1025.000","hPa","36.0","pmil","0","55.700","deg","20.000","°C","100.000","%a.s.","22.210","deg","20.000","°C","971.000","hPa","0.826","-0.01532","0.000401","-0.00012","0","11.08","Humid","30.45","0","49.40","253226.33","SABD0002000012","AAV2.0.0.13","4.0.0.2323","PSt7-10","171027-008","9/15/2022 2:43:31 PM","0000-00","0","no battery","V","","µV","","µV"
"11/15/2022","17:26:23","7","default","171425599","OXY_CH7","6.114","min","185.412","μmol/L","Humid","21.170","deg","89586","µV","28.916","°C","1025.000","hPa","36.0","pmil","0","55.700","deg","20.000","°C","100.000","%a.s.","22.210","deg","20.000","°C","971.000","hPa","0.826","-0.01532","0.000401","-0.00012","0","11.08","Humid","30.45","0","49.40","253231.55","SABD0002000012","AAV2.0.0.13","4.0.0.2323","PSt7-10","171027-008","9/15/2022 2:43:31 PM","0000-00","0","no battery","V","","µV","","µV"
"11/15/2022","17:26:24","7","default","171425599","OXY_CH7","6.131","min","185.311","μmol/L","Humid","21.174","deg","89596","µV","28.923","°C","1025.000","hPa","36.0","pmil","0","55.700","deg","20.000","°C","100.000","%a.s.","22.210","deg","20.000","°C","971.000","hPa","0.826","-0.01532","0.000401","-0.00012","0","11.08","Humid","30.45","0","49.40","253234.07","SABD0002000012","AAV2.0.0.13","4.0.0.2323","PSt7-10","171027-008","9/15/2022 2:43:31 PM","0000-00","0","no battery","V","","µV","","µV"
"11/15/2022","17:26:25","7","default","171425599","OXY_CH7","6.148","min","185.412","μmol/L","Humid","21.170","deg","89581","µV","28.916","°C","1025.000","hPa","36.0","pmil","0","55.700","deg","20.000","°C","100.000","%a.s.","22.210","deg","20.000","°C","971.000","hPa","0.826","-0.01532","0.000401","-0.00012","0","11.08","Humid","30.45","0","49.40","253225.18","SABD0002000012","AAV2.0.0.13","4.0.0.2323","PSt7-10","171027-008","9/15/2022 2:43:31 PM","0000-00","0","no battery","V","","µV","","µV"
"11/15/2022","17:26:26","7","default","171425599","OXY_CH7","6.164","min","185.328","μmol/L","Humid","21.173","deg","89584","µV","28.923","°C","1025.000","hPa","36.0","pmil","0","55.700","deg","20.000","°C","100.000","%a.s.","22.210","deg","20.000","°C","971.000","hPa","0.826","-0.01532","0.000401","-0.00012","0","11.08","Humid","30.45","0","49.40","253220.68","SABD0002000012","AAV2.0.0.13","4.0.0.2323","PSt7-10","171027-008","9/15/2022 2:43:31 PM","0000-00","0","no battery","V","","µV","","µV"
"11/15/2022","17:26:27","7","default","171425599","OXY_CH7","6.180","min","185.311","μmol/L","Humid","21.174","deg","89583","µV","28.923","°C","1025.000","hPa","36.0","pmil","0","55.700","deg","20.000","°C","100.000","%a.s.","22.210","deg","20.000","°C","971.000","hPa","0.826","-0.01532","0.000401","-0.00012","0","11.08","Humid","30.45","0","49.40","253218.52","SABD0002000012","AAV2.0.0.13","4.0.0.2323","PSt7-10","171027-008","9/15/2022 2:43:31 PM","0000-00","0","no battery","V","","µV","","µV"
"11/15/2022","17:26:28","7","default","171425599","OXY_CH7","6.197","min","185.379","μmol/L","Humid","21.172","deg","89583","µV","28.916","°C","1025.000","hPa","36.0","pmil","0","55.700","deg","20.000","°C","100.000","%a.s.","22.210","deg","20.000","°C","971.000","hPa","0.826","-0.01532","0.000401","-0.00012","0","11.08","Humid","30.45","0","49.40","253227.06","SABD0002000012","AAV2.0.0.13","4.0.0.2323","PSt7-10","171027-008","9/15/2022 2:43:31 PM","0000-00","0","no battery","V","","µV","","µV"
"11/15/2022","17:26:29","7","default","171425599","OXY_CH7","6.214","min","185.344","μmol/L","Humid","21.172","deg","89585","µV","28.923","°C","1025.000","hPa","36.0","pmil","0","55.700","deg","20.000","°C","100.000","%a.s.","22.210","deg","20.000","°C","971.000","hPa","0.826","-0.01532","0.000401","-0.00012","0","11.08","Humid","30.45","0","49.40","253224.08","SABD0002000012","AAV2.0.0.13","4.0.0.2323","PSt7-10","171027-008","9/15/2022 2:43:31 PM","0000-00","0","no battery","V","","µV","","µV"
"11/15/2022","17:26:30","7","default","171425599","OXY_CH7","6.230","min","185.330","μmol/L","Humid","21.175","deg","89579","µV","28.916","°C","1025.000","hPa","36.0","pmil","0","55.700","deg","20.000","°C","100.000","%a.s.","22.210","deg","20.000","°C","971.000","hPa","0.826","-0.01532","0.000401","-0.00012","0","11.08","Humid","30.45","0","49.40","253221.28","SABD0002000012","AAV2.0.0.13","4.0.0.2323","PSt7-10","171027-008","9/15/2022 2:43:31 PM","0000-00","0","no battery","V","","µV","","µV"
"11/15/2022","17:26:31","7","default","171425599","OXY_CH7","6.247","min","185.330","μmol/L","Humid","21.175","deg","89565","µV","28.916","°C","1025.000","hPa","36.0","pmil","0","55.700","deg","20.000","°C","100.000","%a.s.","22.210","deg","20.000","°C","971.000","hPa","0.826","-0.01532","0.000401","-0.00012","0","11.08","Humid","30.45","0","49.40","253213.83","SABD0002000012","AAV2.0.0.13","4.0.0.2323","PSt7-10","171027-008","9/15/2022 2:43:31 PM","0000-00","0","no battery","V","","µV","","µV"
"11/15/2022","17:26:32","7","default","171425599","OXY_CH7","6.264","min","185.347","μmol/L","Humid","21.174","deg","89574","µV","28.916","°C","1025.000","hPa","36.0","pmil","0","55.700","deg","20.000","°C","100.000","%a.s.","22.210","deg","20.000","°C","971.000","hPa","0.826","-0.01532","0.000401","-0.00012","0","11.08","Humid","30.45","0","49.40","253227.38","SABD0002000012","AAV2.0.0.13","4.0.0.2323","PSt7-10","171027-008","9/15/2022 2:43:31 PM","0000-00","0","no battery","V","","µV","","µV"
"11/15/2022","17:26:33","7","default","171425599","OXY_CH7","6.281","min","185.328","μmol/L","Humid","21.173","deg","89570","µV","28.923","°C","1025.000","hPa","36.0","pmil","0","55.700","deg","20.000","°C","100.000","%a.s.","22.210","deg","20.000","°C","971.000","hPa","0.826","-0.01532","0.000401","-0.00012","0","11.08","Humid","30.45","0","49.40","253216.08","SABD0002000012","AAV2.0.0.13","4.0.0.2323","PSt7-10","171027-008","9/15/2022 2:43:31 PM","0000-00","0","no battery","V","","µV","","µV"
"11/15/2022","17:26:34","7","default","171425599","OXY_CH7","6.297","min","185.396","μmol/L","Humid","21.171","deg","89553","µV","28.916","°C","1025.000","hPa","36.0","pmil","0","55.700","deg","20.000","°C","100.000","%a.s.","22.210","deg","20.000","°C","971.000","hPa","0.826","-0.01532","0.000401","-0.00012","0","11.08","Humid","30.45","0","49.40","253213.79","SABD0002000012","AAV2.0.0.13","4.0.0.2323","PSt7-10","171027-008","9/15/2022 2:43:31 PM","0000-00","0","no battery","V","","µV","","µV"
"11/15/2022","17:26:35","7","default","171425599","OXY_CH7","6.314","min","185.379","μmol/L","Humid","21.172","deg","89566","µV","28.916","°C","1025.000","hPa","36.0","pmil","0","55.700","deg","20.000","°C","100.000","%a.s.","22.210","deg","20.000","°C","971.000","hPa","0.826","-0.01532","0.000401","-0.00012","0","11.08","Humid","30.45","0","49.40","253210.88","SABD0002000012","AAV2.0.0.13","4.0.0.2323","PSt7-10","171027-008","9/15/2022 2:43:31 PM","0000-00","0","no battery","V","","µV","","µV"
"11/15/2022","17:26:36","7","default","171425599","OXY_CH7","6.331","min","185.445","μmol/L","Humid","21.168","deg","89554","µV","28.916","°C","1025.000","hPa","36.0","pmil","0","55.700","deg","20.000","°C","100.000","%a.s.","22.210","deg","20.000","°C","971.000","hPa","0.826","-0.01532","0.000401","-0.00012","0","11.08","Humid","30.45","0","49.40","253211.62","SABD0002000012","AAV2.0.0.13","4.0.0.2323","PSt7-10","171027-008","9/15/2022 2:43:31 PM","0000-00","0","no battery","V","","µV","","µV"
"11/15/2022","17:26:37","7","default","171425599","OXY_CH7","6.347","min","185.398","μmol/L","Humid","21.173","deg","89566","µV","28.910","°C","1025.000","hPa","36.0","pmil","0","55.700","deg","20.000","°C","100.000","%a.s.","22.210","deg","20.000","°C","971.000","hPa","0.826","-0.01532","0.000401","-0.00012","0","11.08","Humid","30.45","0","49.40","253213.43","SABD0002000012","AAV2.0.0.13","4.0.0.2323","PSt7-10","171027-008","9/15/2022 2:43:31 PM","0000-00","0","no battery","V","","µV","","µV"
"11/15/2022","17:26:38","7","default","171425599","OXY_CH7","6.364","min","185.377","μmol/L","Humid","21.170","deg","89552","µV","28.923","°C","1025.000","hPa","36.0","pmil","0","55.700","deg","20.000","°C","100.000","%a.s.","22.210","deg","20.000","°C","971.000","hPa","0.826","-0.01532","0.000401","-0.00012","0","11.08","Humid","30.45","0","49.40","253203.88","SABD0002000012","AAV2.0.0.13","4.0.0.2323","PSt7-10","171027-008","9/15/2022 2:43:31 PM","0000-00","0","no battery","V","","µV","","µV"
"11/15/2022","17:26:39","7","default","171425599","OXY_CH7","6.380","min","185.412","μmol/L","Humid","21.170","deg","89548","µV","28.916","°C","1025.000","hPa","36.0","pmil","0","55.700","deg","20.000","°C","100.000","%a.s.","22.210","deg","20.000","°C","971.000","hPa","0.826","-0.01532","0.000401","-0.00012","0","11.08","Humid","30.45","0","49.40","253198.45","SABD0002000012","AAV2.0.0.13","4.0.0.2323","PSt7-10","171027-008","9/15/2022 2:43:31 PM","0000-00","0","no battery","V","","µV","","µV"
"11/15/2022","17:26:40","7","default","171425599","OXY_CH7","6.397","min","185.412","μmol/L","Humid","21.170","deg","89549","µV","28.916","°C","1025.000","hPa","36.0","pmil","0","55.700","deg","20.000","°C","100.000","%a.s.","22.210","deg","20.000","°C","971.000","hPa","0.826","-0.01532","0.000401","-0.00012","0","11.08","Humid","30.45","0","49.40","253215.57","SABD0002000012","AAV2.0.0.13","4.0.0.2323","PSt7-10","171027-008","9/15/2022 2:43:31 PM","0000-00","0","no battery","V","","µV","","µV"
"11/15/2022","17:26:41","7","default","171425599","OXY_CH7","6.414","min","185.443","μmol/L","Humid","21.166","deg","89538","µV","28.923","°C","1025.000","hPa","36.0","pmil","0","55.700","deg","20.000","°C","100.000","%a.s.","22.210","deg","20.000","°C","971.000","hPa","0.826","-0.01532","0.000401","-0.00012","0","11.08","Humid","30.45","0","49.40","253214.94","SABD0002000012","AAV2.0.0.13","4.0.0.2323","PSt7-10","171027-008","9/15/2022 2:43:31 PM","0000-00","0","no battery","V","","µV","","µV"
"11/15/2022","17:26:42","7","default","171425599","OXY_CH7","6.430","min","185.394","μmol/L","Humid","21.169","deg","89540","µV","28.923","°C","1025.000","hPa","36.0","pmil","0","55.700","deg","20.000","°C","100.000","%a.s.","22.210","deg","20.000","°C","971.000","hPa","0.826","-0.01532","0.000401","-0.00012","0","11.08","Humid","30.45","0","49.40","253202.18","SABD0002000012","AAV2.0.0.13","4.0.0.2323","PSt7-10","171027-008","9/15/2022 2:43:31 PM","0000-00","0","no battery","V","","µV","","µV"
"11/15/2022","17:26:43","7","default","171425599","OXY_CH7","6.447","min","185.344","μmol/L","Humid","21.172","deg","89527","µV","28.923","°C","1025.000","hPa","36.0","pmil","0","55.700","deg","20.000","°C","100.000","%a.s.","22.210","deg","20.000","°C","971.000","hPa","0.826","-0.01532","0.000401","-0.00012","0","11.08","Humid","30.45","0","49.40","253199.87","SABD0002000012","AAV2.0.0.13","4.0.0.2323","PSt7-10","171027-008","9/15/2022 2:43:31 PM","0000-00","0","no battery","V","","µV","","µV"
"11/15/2022","17:26:44","7","default","171425599","OXY_CH7","6.464","min","185.429","μmol/L","Humid","21.169","deg","89539","µV","28.916","°C","1025.000","hPa","36.0","pmil","0","55.700","deg","20.000","°C","100.000","%a.s.","22.210","deg","20.000","°C","971.000","hPa","0.826","-0.01532","0.000401","-0.00012","0","11.08","Humid","30.45","0","49.40","253203.23","SABD0002000012","AAV2.0.0.13","4.0.0.2323","PSt7-10","171027-008","9/15/2022 2:43:31 PM","0000-00","0","no battery","V","","µV","","µV"
"11/15/2022","17:26:45","7","default","171425599","OXY_CH7","6.481","min","185.410","μmol/L","Humid","21.168","deg","89527","µV","28.923","°C","1025.000","hPa","36.0","pmil","0","55.700","deg","20.000","°C","100.000","%a.s.","22.210","deg","20.000","°C","971.000","hPa","0.826","-0.01532","0.000401","-0.00012","0","11.08","Humid","30.45","0","49.40","253206.51","SABD0002000012","AAV2.0.0.13","4.0.0.2323","PSt7-10","171027-008","9/15/2022 2:43:31 PM","0000-00","0","no battery","V","","µV","","µV"
"11/15/2022","17:26:46","7","default","171425599","OXY_CH7","6.497","min","185.410","μmol/L","Humid","21.168","deg","89527","µV","28.923","°C","1025.000","hPa","36.0","pmil","0","55.700","deg","20.000","°C","100.000","%a.s.","22.210","deg","20.000","°C","971.000","hPa","0.826","-0.01532","0.000401","-0.00012","0","11.08","Humid","30.45","0","49.40","253194.29","SABD0002000012","AAV2.0.0.13","4.0.0.2323","PSt7-10","171027-008","9/15/2022 2:43:31 PM","0000-00","0","no battery","V","","µV","","µV"
"11/15/2022","17:26:47","7","default","171425599","OXY_CH7","6.514","min","185.427","μmol/L","Humid","21.167","deg","89524","µV","28.923","°C","1025.000","hPa","36.0","pmil","0","55.700","deg","20.000","°C","100.000","%a.s.","22.210","deg","20.000","°C","971.000","hPa","0.826","-0.01532","0.000401","-0.00012","0","11.08","Humid","30.45","0","49.40","253194.29","SABD0002000012","AAV2.0.0.13","4.0.0.2323","PSt7-10","171027-008","9/15/2022 2:43:31 PM","0000-00","0","no battery","V","","µV","","µV"
"11/15/2022","17:26:48","7","default","171425599","OXY_CH7","6.531","min","185.427","μmol/L","Humid","21.167","deg","89530","µV","28.923","°C","1025.000","hPa","36.0","pmil","0","55.700","deg","20.000","°C","100.000","%a.s.","22.210","deg","20.000","°C","971.000","hPa","0.826","-0.01532","0.000401","-0.00012","0","11.08","Humid","30.45","0","49.40","253197.39","SABD0002000012","AAV2.0.0.13","4.0.0.2323","PSt7-10","171027-008","9/15/2022 2:43:31 PM","0000-00","0","no battery","V","","µV","","µV"
"11/15/2022","17:26:49","7","default","171425599","OXY_CH7","6.547","min","185.478","μmol/L","Humid","21.166","deg","89518","µV","28.916","°C","1025.000","hPa","36.0","pmil","0","55.700","deg","20.000","°C","100.000","%a.s.","22.210","deg","20.000","°C","971.000","hPa","0.826","-0.01532","0.000401","-0.00012","0","11.08","Humid","30.45","0","49.40","253201.89","SABD0002000012","AAV2.0.0.13","4.0.0.2323","PSt7-10","171027-008","9/15/2022 2:43:31 PM","0000-00","0","no battery","V","","µV","","µV"
"11/15/2022","17:26:50","7","default","171425599","OXY_CH7","6.563","min","185.394","μmol/L","Humid","21.169","deg","89520","µV","28.923","°C","1025.000","hPa","36.0","pmil","0","55.700","deg","20.000","°C","100.000","%a.s.","22.210","deg","20.000","°C","971.000","hPa","0.826","-0.01532","0.000401","-0.00012","0","11.08","Humid","30.45","0","49.40","253191.26","SABD0002000012","AAV2.0.0.13","4.0.0.2323","PSt7-10","171027-008","9/15/2022 2:43:31 PM","0000-00","0","no battery","V","","µV","","µV"
"11/15/2022","17:26:51","7","default","171425599","OXY_CH7","6.580","min","185.478","μmol/L","Humid","21.166","deg","89517","µV","28.916","°C","1025.000","hPa","36.0","pmil","0","55.700","deg","20.000","°C","100.000","%a.s.","22.210","deg","20.000","°C","971.000","hPa","0.826","-0.01532","0.000401","-0.00012","0","11.08","Humid","30.45","0","49.40","253189.31","SABD0002000012","AAV2.0.0.13","4.0.0.2323","PSt7-10","171027-008","9/15/2022 2:43:31 PM","0000-00","0","no battery","V","","µV","","µV"
"11/15/2022","17:26:52","7","default","171425599","OXY_CH7","6.597","min","185.478","μmol/L","Humid","21.166","deg","89513","µV","28.916","°C","1025.000","hPa","36.0","pmil","0","55.700","deg","20.000","°C","100.000","%a.s.","22.210","deg","20.000","°C","971.000","hPa","0.826","-0.01532","0.000401","-0.00012","0","11.08","Humid","30.45","0","49.40","253182.46","SABD0002000012","AAV2.0.0.13","4.0.0.2323","PSt7-10","171027-008","9/15/2022 2:43:31 PM","0000-00","0","no battery","V","","µV","","µV"
"11/15/2022","17:26:53","7","default","171425599","OXY_CH7","6.614","min","185.361","μmol/L","Humid","21.171","deg","89515","µV","28.923","°C","1025.000","hPa","36.0","pmil","0","55.700","deg","20.000","°C","100.000","%a.s.","22.210","deg","20.000","°C","971.000","hPa","0.826","-0.01532","0.000401","-0.00012","0","11.08","Humid","30.45","0","49.40","253194.89","SABD0002000012","AAV2.0.0.13","4.0.0.2323","PSt7-10","171027-008","9/15/2022 2:43:31 PM","0000-00","0","no battery","V","","µV","","µV"
"11/15/2022","17:26:54","7","default","171425599","OXY_CH7","6.630","min","185.445","μmol/L","Humid","21.168","deg","89504","µV","28.916","°C","1025.000","hPa","36.0","pmil","0","55.700","deg","20.000","°C","100.000","%a.s.","22.210","deg","20.000","°C","971.000","hPa","0.826","-0.01532","0.000401","-0.00012","0","11.08","Humid","30.45","0","49.40","253190.36","SABD0002000012","AAV2.0.0.13","4.0.0.2323","PSt7-10","171027-008","9/15/2022 2:43:31 PM","0000-00","0","no battery","V","","µV","","µV"
"11/15/2022","17:26:55","7","default","171425599","OXY_CH7","6.647","min","185.412","μmol/L","Humid","21.170","deg","89514","µV","28.916","°C","1025.000","hPa","36.0","pmil","0","55.700","deg","20.000","°C","100.000","%a.s.","22.210","deg","20.000","°C","971.000","hPa","0.826","-0.01532","0.000401","-0.00012","0","11.08","Humid","30.45","0","49.40","253187.38","SABD0002000012","AAV2.0.0.13","4.0.0.2323","PSt7-10","171027-008","9/15/2022 2:43:31 PM","0000-00","0","no battery","V","","µV","","µV"
"11/15/2022","17:26:56","7","default","171425599","OXY_CH7","6.664","min","185.377","μmol/L","Humid","21.170","deg","89511","µV","28.923","°C","1025.000","hPa","36.0","pmil","0","55.700","deg","20.000","°C","100.000","%a.s.","22.210","deg","20.000","°C","971.000","hPa","0.826","-0.01532","0.000401","-0.00012","0","11.08","Humid","30.45","0","49.40","253186.08","SABD0002000012","AAV2.0.0.13","4.0.0.2323","PSt7-10","171027-008","9/15/2022 2:43:31 PM","0000-00","0","no battery","V","","µV","","µV"
"11/15/2022","17:26:57","7","default","171425599","OXY_CH7","6.681","min","185.478","μmol/L","Humid","21.166","deg","89504","µV","28.916","°C","1025.000","hPa","36.0","pmil","0","55.700","deg","20.000","°C","100.000","%a.s.","22.210","deg","20.000","°C","971.000","hPa","0.826","-0.01532","0.000401","-0.00012","0","11.08","Humid","30.45","0","49.40","253181.15","SABD0002000012","AAV2.0.0.13","4.0.0.2323","PSt7-10","171027-008","9/15/2022 2:43:31 PM","0000-00","0","no battery","V","","µV","","µV"
"11/15/2022","17:26:58","7","default","171425599","OXY_CH7","6.697","min","185.410","μmol/L","Humid","21.168","deg","89500","µV","28.923","°C","1025.000","hPa","36.0","pmil","0","55.700","deg","20.000","°C","100.000","%a.s.","22.210","deg","20.000","°C","971.000","hPa","0.826","-0.01532","0.000401","-0.00012","0","11.08","Humid","30.45","0","49.40","253183.09","SABD0002000012","AAV2.0.0.13","4.0.0.2323","PSt7-10","171027-008","9/15/2022 2:43:31 PM","0000-00","0","no battery","V","","µV","","µV"
"11/15/2022","17:26:59","7","default","171425599","OXY_CH7","6.714","min","185.443","μmol/L","Humid","21.166","deg","89496","µV","28.923","°C","1025.000","hPa","36.0","pmil","0","55.700","deg","20.000","°C","100.000","%a.s.","22.210","deg","20.000","°C","971.000","hPa","0.826","-0.01532","0.000401","-0.00012","0","11.08","Humid","30.45","0","49.40","253183.56","SABD0002000012","AAV2.0.0.13","4.0.0.2323","PSt7-10","171027-008","9/15/2022 2:43:31 PM","0000-00","0","no battery","V","","µV","","µV"
"11/15/2022","17:27:00","7","default","171425599","OXY_CH7","6.731","min","185.443","μmol/L","Humid","21.166","deg","89500","µV","28.923","°C","1025.000","hPa","36.0","pmil","0","55.700","deg","20.000","°C","100.000","%a.s.","22.210","deg","20.000","°C","971.000","hPa","0.826","-0.01532","0.000401","-0.00012","0","11.08","Humid","30.45","0","49.40","253190.49","SABD0002000012","AAV2.0.0.13","4.0.0.2323","PSt7-10","171027-008","9/15/2022 2:43:31 PM","0000-00","0","no battery","V","","µV","","µV"
"11/15/2022","17:27:01","7","default","171425599","OXY_CH7","6.748","min","185.427","μmol/L","Humid","21.167","deg","89489","µV","28.923","°C","1025.000","hPa","36.0","pmil","0","55.700","deg","20.000","°C","100.000","%a.s.","22.210","deg","20.000","°C","971.000","hPa","0.826","-0.01532","0.000401","-0.00012","0","11.08","Humid","30.45","0","49.40","253182.46","SABD0002000012","AAV2.0.0.13","4.0.0.2323","PSt7-10","171027-008","9/15/2022 2:43:31 PM","0000-00","0","no battery","V","","µV","","µV"
"11/15/2022","17:27:02","7","default","171425599","OXY_CH7","6.764","min","185.396","μmol/L","Humid","21.171","deg","89488","µV","28.916","°C","1025.000","hPa","36.0","pmil","0","55.700","deg","20.000","°C","100.000","%a.s.","22.210","deg","20.000","°C","971.000","hPa","0.826","-0.01532","0.000401","-0.00012","0","11.08","Humid","30.45","0","49.40","253173.51","SABD0002000012","AAV2.0.0.13","4.0.0.2323","PSt7-10","171027-008","9/15/2022 2:43:31 PM","0000-00","0","no battery","V","","µV","","µV"
"11/15/2022","17:27:03","7","default","171425599","OXY_CH7","6.780","min","185.476","μmol/L","Humid","21.164","deg","89489","µV","28.923","°C","1025.000","hPa","36.0","pmil","0","55.700","deg","20.000","°C","100.000","%a.s.","22.210","deg","20.000","°C","971.000","hPa","0.826","-0.01532","0.000401","-0.00012","0","11.08","Humid","30.45","0","49.40","253169.13","SABD0002000012","AAV2.0.0.13","4.0.0.2323","PSt7-10","171027-008","9/15/2022 2:43:31 PM","0000-00","0","no battery","V","","µV","","µV"
"11/15/2022","17:27:04","7","default","171425599","OXY_CH7","6.797","min","185.429","μmol/L","Humid","21.169","deg","89482","µV","28.916","°C","1025.000","hPa","36.0","pmil","0","55.700","deg","20.000","°C","100.000","%a.s.","22.210","deg","20.000","°C","971.000","hPa","0.826","-0.01532","0.000401","-0.00012","0","11.08","Humid","30.45","0","49.40","253171.46","SABD0002000012","AAV2.0.0.13","4.0.0.2323","PSt7-10","171027-008","9/15/2022 2:43:31 PM","0000-00","0","no battery","V","","µV","","µV"
"11/15/2022","17:27:05","7","default","171425599","OXY_CH7","6.814","min","185.443","μmol/L","Humid","21.166","deg","89483","µV","28.923","°C","1025.000","hPa","36.0","pmil","0","55.700","deg","20.000","°C","100.000","%a.s.","22.210","deg","20.000","°C","971.000","hPa","0.826","-0.01532","0.000401","-0.00012","0","11.08","Humid","30.45","0","49.40","253174.87","SABD0002000012","AAV2.0.0.13","4.0.0.2323","PSt7-10","171027-008","9/15/2022 2:43:31 PM","0000-00","0","no battery","V","","µV","","µV"
"11/15/2022","17:27:06","7","default","171425599","OXY_CH7","6.830","min","185.459","μmol/L","Humid","21.165","deg","89483","µV","28.923","°C","1025.000","hPa","36.0","pmil","0","55.700","deg","20.000","°C","100.000","%a.s.","22.210","deg","20.000","°C","971.000","hPa","0.826","-0.01532","0.000401","-0.00012","0","11.08","Humid","30.45","0","49.40","253167.19","SABD0002000012","AAV2.0.0.13","4.0.0.2323","PSt7-10","171027-008","9/15/2022 2:43:31 PM","0000-00","0","no battery","V","","µV","","µV"
"11/15/2022","17:27:07","7","default","171425599","OXY_CH7","6.847","min","185.544","μmol/L","Humid","21.162","deg","89475","µV","28.916","°C","1025.000","hPa","36.0","pmil","0","55.700","deg","20.000","°C","100.000","%a.s.","22.210","deg","20.000","°C","971.000","hPa","0.826","-0.01532","0.000401","-0.00012","0","11.08","Humid","30.45","0","49.40","253162.20","SABD0002000012","AAV2.0.0.13","4.0.0.2323","PSt7-10","171027-008","9/15/2022 2:43:31 PM","0000-00","0","no battery","V","","µV","","µV"
"11/15/2022","17:27:08","7","default","171425599","OXY_CH7","6.864","min","185.495","μmol/L","Humid","21.165","deg","89471","µV","28.916","°C","1025.000","hPa","36.0","pmil","0","55.700","deg","20.000","°C","100.000","%a.s.","22.210","deg","20.000","°C","971.000","hPa","0.826","-0.01532","0.000401","-0.00012","0","11.08","Humid","30.45","0","49.40","253161.84","SABD0002000012","AAV2.0.0.13","4.0.0.2323","PSt7-10","171027-008","9/15/2022 2:43:31 PM","0000-00","0","no battery","V","","µV","","µV"
"11/15/2022","17:27:09","7","default","171425599","OXY_CH7","6.881","min","185.476","μmol/L","Humid","21.164","deg","89465","µV","28.923","°C","1025.000","hPa","36.0","pmil","0","55.700","deg","20.000","°C","100.000","%a.s.","22.210","deg","20.000","°C","971.000","hPa","0.826","-0.01532","0.000401","-0.00012","0","11.08","Humid","30.45","0","49.40","253151.62","SABD0002000012","AAV2.0.0.13","4.0.0.2323","PSt7-10","171027-008","9/15/2022 2:43:31 PM","0000-00","0","no battery","V","","µV","","µV"
"11/15/2022","17:27:10","7","default","171425599","OXY_CH7","6.898","min","185.377","μmol/L","Humid","21.170","deg","89473","µV","28.923","°C","1025.000","hPa","36.0","pmil","0","55.700","deg","20.000","°C","100.000","%a.s.","22.210","deg","20.000","°C","971.000","hPa","0.826","-0.01532","0.000401","-0.00012","0","11.08","Humid","30.45","0","49.40","253167.57","SABD0002000012","AAV2.0.0.13","4.0.0.2323","PSt7-10","171027-008","9/15/2022 2:43:31 PM","0000-00","0","no battery","V","","µV","","µV"
"11/15/2022","17:27:11","7","default","171425599","OXY_CH7","6.914","min","185.511","μmol/L","Humid","21.164","deg","89467","µV","28.916","°C","1025.000","hPa","36.0","pmil","0","55.700","deg","20.000","°C","100.000","%a.s.","22.210","deg","20.000","°C","971.000","hPa","0.826","-0.01532","0.000401","-0.00012","0","11.08","Humid","30.45","0","49.40","253162.32","SABD0002000012","AAV2.0.0.13","4.0.0.2323","PSt7-10","171027-008","9/15/2022 2:43:31 PM","0000-00","0","no battery","V","","µV","","µV"
"11/15/2022","17:27:12","7","default","171425599","OXY_CH7","6.930","min","185.542","μmol/L","Humid","21.160","deg","89467","µV","28.923","°C","1025.000","hPa","36.0","pmil","0","55.700","deg","20.000","°C","100.000","%a.s.","22.210","deg","20.000","°C","971.000","hPa","0.826","-0.01532","0.000401","-0.00012","0","11.08","Humid","30.45","0","49.40","253149.35","SABD0002000012","AAV2.0.0.13","4.0.0.2323","PSt7-10","171027-008","9/15/2022 2:43:31 PM","0000-00","0","no battery","V","","µV","","µV"
"11/15/2022","17:27:13","7","default","171425599","OXY_CH7","6.947","min","185.542","μmol/L","Humid","21.160","deg","89462","µV","28.923","°C","1025.000","hPa","36.0","pmil","0","55.700","deg","20.000","°C","100.000","%a.s.","22.210","deg","20.000","°C","971.000","hPa","0.826","-0.01532","0.000401","-0.00012","0","11.08","Humid","30.45","0","49.40","253157.77","SABD0002000012","AAV2.0.0.13","4.0.0.2323","PSt7-10","171027-008","9/15/2022 2:43:31 PM","0000-00","0","no battery","V","","µV","","µV"
"11/15/2022","17:27:14","7","default","171425599","OXY_CH7","6.964","min","185.579","μmol/L","Humid","21.162","deg","89458","µV","28.910","°C","1025.000","hPa","36.0","pmil","0","55.700","deg","20.000","°C","100.000","%a.s.","22.210","deg","20.000","°C","971.000","hPa","0.826","-0.01532","0.000401","-0.00012","0","11.08","Humid","30.45","0","49.40","253165.75","SABD0002000012","AAV2.0.0.13","4.0.0.2323","PSt7-10","171027-008","9/15/2022 2:43:31 PM","0000-00","0","no battery","V","","µV","","µV"
"11/15/2022","17:27:15","7","default","171425599","OXY_CH7","6.980","min","185.511","μmol/L","Humid","21.164","deg","89461","µV","28.916","°C","1025.000","hPa","36.0","pmil","0","55.700","deg","20.000","°C","100.000","%a.s.","22.210","deg","20.000","°C","971.000","hPa","0.826","-0.01532","0.000401","-0.00012","0","11.08","Humid","30.45","0","49.40","253150.36","SABD0002000012","AAV2.0.0.13","4.0.0.2323","PSt7-10","171027-008","9/15/2022 2:43:31 PM","0000-00","0","no battery","V","","µV","","µV"
"11/15/2022","17:27:16","7","default","171425599","OXY_CH7","6.997","min","185.525","μmol/L","Humid","21.161","deg","89459","µV","28.923","°C","1025.000","hPa","36.0","pmil","0","55.700","deg","20.000","°C","100.000","%a.s.","22.210","deg","20.000","°C","971.000","hPa","0.826","-0.01532","0.000401","-0.00012","0","11.08","Humid","30.45","0","49.40","253158.29","SABD0002000012","AAV2.0.0.13","4.0.0.2323","PSt7-10","171027-008","9/15/2022 2:43:31 PM","0000-00","0","no battery","V","","µV","","µV"
"11/15/2022","17:27:17","7","default","171425599","OXY_CH7","7.014","min","185.544","μmol/L","Humid","21.162","deg","89453","µV","28.916","°C","1025.000","hPa","36.0","pmil","0","55.700","deg","20.000","°C","100.000","%a.s.","22.210","deg","20.000","°C","971.000","hPa","0.826","-0.01532","0.000401","-0.00012","0","11.08","Humid","30.45","0","49.40","253158.60","SABD0002000012","AAV2.0.0.13","4.0.0.2323","PSt7-10","171027-008","9/15/2022 2:43:31 PM","0000-00","0","no battery","V","","µV","","µV"
"11/15/2022","17:27:18","7","default","171425599","OXY_CH7","7.031","min","185.645","μmol/L","Humid","21.158","deg","89448","µV","28.910","°C","1025.000","hPa","36.0","pmil","0","55.700","deg","20.000","°C","100.000","%a.s.","22.210","deg","20.000","°C","971.000","hPa","0.826","-0.01532","0.000401","-0.00012","0","11.08","Humid","30.45","0","49.40","253159.77","SABD0002000012","AAV2.0.0.13","4.0.0.2323","PSt7-10","171027-008","9/15/2022 2:43:31 PM","0000-00","0","no battery","V","","µV","","µV"
"11/15/2022","17:27:19","7","default","171425599","OXY_CH7","7.047","min","185.558","μmol/L","Humid","21.159","deg","89447","µV","28.923","°C","1025.000","hPa","36.0","pmil","0","55.700","deg","20.000","°C","100.000","%a.s.","22.210","deg","20.000","°C","971.000","hPa","0.826","-0.01532","0.000401","-0.00012","0","11.08","Humid","30.45","0","49.40","253155.77","SABD0002000012","AAV2.0.0.13","4.0.0.2323","PSt7-10","171027-008","9/15/2022 2:43:31 PM","0000-00","0","no battery","V","","µV","","µV"
"11/15/2022","17:27:20","7","default","171425599","OXY_CH7","7.064","min","185.575","μmol/L","Humid","21.158","deg","89446","µV","28.923","°C","1025.000","hPa","36.0","pmil","0","55.700","deg","20.000","°C","100.000","%a.s.","22.210","deg","20.000","°C","971.000","hPa","0.826","-0.01532","0.000401","-0.00012","0","11.08","Humid","30.45","0","49.40","253156.30","SABD0002000012","AAV2.0.0.13","4.0.0.2323","PSt7-10","171027-008","9/15/2022 2:43:31 PM","0000-00","0","no battery","V","","µV","","µV"
"11/15/2022","17:27:21","7","default","171425599","OXY_CH7","7.081","min","185.476","μmol/L","Humid","21.164","deg","89442","µV","28.923","°C","1025.000","hPa","36.0","pmil","0","55.700","deg","20.000","°C","100.000","%a.s.","22.210","deg","20.000","°C","971.000","hPa","0.826","-0.01532","0.000401","-0.00012","0","11.08","Humid","30.45","0","49.40","253152.80","SABD0002000012","AAV2.0.0.13","4.0.0.2323","PSt7-10","171027-008","9/15/2022 2:43:31 PM","0000-00","0","no battery","V","","µV","","µV"
"11/15/2022","17:27:22","7","default","171425599","OXY_CH7","7.097","min","185.560","μmol/L","Humid","21.161","deg","89440","µV","28.916","°C","1025.000","hPa","36.0","pmil","0","55.700","deg","20.000","°C","100.000","%a.s.","22.210","deg","20.000","°C","971.000","hPa","0.826","-0.01532","0.000401","-0.00012","0","11.08","Humid","30.45","0","49.40","253139.19","SABD0002000012","AAV2.0.0.13","4.0.0.2323","PSt7-10","171027-008","9/15/2022 2:43:31 PM","0000-00","0","no battery","V","","µV","","µV"
"11/15/2022","17:27:23","7","default","171425599","OXY_CH7","7.114","min","185.474","μmol/L","Humid","21.162","deg","89435","µV","28.929","°C","1025.000","hPa","36.0","pmil","0","55.700","deg","20.000","°C","100.000","%a.s.","22.210","deg","20.000","°C","971.000","hPa","0.826","-0.01532","0.000401","-0.00012","0","11.08","Humid","30.45","0","49.40","253136.39","SABD0002000012","AAV2.0.0.13","4.0.0.2323","PSt7-10","171027-008","9/15/2022 2:43:31 PM","0000-00","0","no battery","V","","µV","","µV"
"11/15/2022","17:27:24","7","default","171425599","OXY_CH7","7.130","min","185.527","μmol/L","Humid","21.163","deg","89432","µV","28.916","°C","1025.000","hPa","36.0","pmil","0","55.700","deg","20.000","°C","100.000","%a.s.","22.210","deg","20.000","°C","971.000","hPa","0.826","-0.01532","0.000401","-0.00012","0","11.08","Humid","30.45","0","49.40","253130.32","SABD0002000012","AAV2.0.0.13","4.0.0.2323","PSt7-10","171027-008","9/15/2022 2:43:31 PM","0000-00","0","no battery","V","","µV","","µV"
"11/15/2022","17:27:25","7","default","171425599","OXY_CH7","7.147","min","185.542","μmol/L","Humid","21.160","deg","89432","µV","28.923","°C","1025.000","hPa","36.0","pmil","0","55.700","deg","20.000","°C","100.000","%a.s.","22.210","deg","20.000","°C","971.000","hPa","0.826","-0.01532","0.000401","-0.00012","0","11.08","Humid","30.45","0","49.40","253126.55","SABD0002000012","AAV2.0.0.13","4.0.0.2323","PSt7-10","171027-008","9/15/2022 2:43:31 PM","0000-00","0","no battery","V","","µV","","µV"
"11/15/2022","17:27:26","7","default","171425599","OXY_CH7","7.164","min","185.492","μmol/L","Humid","21.163","deg","89430","µV","28.923","°C","1025.000","hPa","36.0","pmil","0","55.700","deg","20.000","°C","100.000","%a.s.","22.210","deg","20.000","°C","971.000","hPa","0.826","-0.01532","0.000401","-0.00012","0","11.08","Humid","30.45","0","49.40","253134.23","SABD0002000012","AAV2.0.0.13","4.0.0.2323","PSt7-10","171027-008","9/15/2022 2:43:31 PM","0000-00","0","no battery","V","","µV","","µV"
"11/15/2022","17:27:27","7","default","171425599","OXY_CH7","7.180","min","185.509","μmol/L","Humid","21.162","deg","89423","µV","28.923","°C","1025.000","hPa","36.0","pmil","0","55.700","deg","20.000","°C","100.000","%a.s.","22.210","deg","20.000","°C","971.000","hPa","0.826","-0.01532","0.000401","-0.00012","0","11.08","Humid","30.45","0","49.40","253129.45","SABD0002000012","AAV2.0.0.13","4.0.0.2323","PSt7-10","171027-008","9/15/2022 2:43:31 PM","0000-00","0","no battery","V","","µV","","µV"
"11/15/2022","17:27:28","7","default","171425599","OXY_CH7","7.197","min","185.591","μmol/L","Humid","21.157","deg","89431","µV","28.923","°C","1025.000","hPa","36.0","pmil","0","55.700","deg","20.000","°C","100.000","%a.s.","22.210","deg","20.000","°C","971.000","hPa","0.826","-0.01532","0.000401","-0.00012","0","11.08","Humid","30.45","0","49.40","253131.06","SABD0002000012","AAV2.0.0.13","4.0.0.2323","PSt7-10","171027-008","9/15/2022 2:43:31 PM","0000-00","0","no battery","V","","µV","","µV"
"11/15/2022","17:27:29","7","default","171425599","OXY_CH7","7.214","min","185.509","μmol/L","Humid","21.162","deg","89426","µV","28.923","°C","1025.000","hPa","36.0","pmil","0","55.700","deg","20.000","°C","100.000","%a.s.","22.210","deg","20.000","°C","971.000","hPa","0.826","-0.01532","0.000401","-0.00012","0","11.08","Humid","30.45","0","49.40","253123.56","SABD0002000012","AAV2.0.0.13","4.0.0.2323","PSt7-10","171027-008","9/15/2022 2:43:31 PM","0000-00","0","no battery","V","","µV","","µV"
"11/15/2022","17:27:30","7","default","171425599","OXY_CH7","7.231","min","185.628","μmol/L","Humid","21.159","deg","89418","µV","28.910","°C","1025.000","hPa","36.0","pmil","0","55.700","deg","20.000","°C","100.000","%a.s.","22.210","deg","20.000","°C","971.000","hPa","0.826","-0.01532","0.000401","-0.00012","0","11.08","Humid","30.45","0","49.40","253126.91","SABD0002000012","AAV2.0.0.13","4.0.0.2323","PSt7-10","171027-008","9/15/2022 2:43:31 PM","0000-00","0","no battery","V","","µV","","µV"
"11/15/2022","17:27:31","7","default","171425599","OXY_CH7","7.247","min","185.492","μmol/L","Humid","21.163","deg","89415","µV","28.923","°C","1025.000","hPa","36.0","pmil","0","55.700","deg","20.000","°C","100.000","%a.s.","22.210","deg","20.000","°C","971.000","hPa","0.826","-0.01532","0.000401","-0.00012","0","11.08","Humid","30.45","0","49.40","253121.18","SABD0002000012","AAV2.0.0.13","4.0.0.2323","PSt7-10","171027-008","9/15/2022 2:43:31 PM","0000-00","0","no battery","V","","µV","","µV"
"11/15/2022","17:27:32","7","default","171425599","OXY_CH7","7.264","min","185.530","μmol/L","Humid","21.165","deg","89412","µV","28.910","°C","1025.000","hPa","36.0","pmil","0","55.700","deg","20.000","°C","100.000","%a.s.","22.210","deg","20.000","°C","971.000","hPa","0.826","-0.01532","0.000401","-0.00012","0","11.08","Humid","30.45","0","49.40","253132.58","SABD0002000012","AAV2.0.0.13","4.0.0.2323","PSt7-10","171027-008","9/15/2022 2:43:31 PM","0000-00","0","no battery","V","","µV","","µV"
"11/15/2022","17:27:33","7","default","171425599","OXY_CH7","7.281","min","185.626","μmol/L","Humid","21.157","deg","89415","µV","28.916","°C","1025.000","hPa","36.0","pmil","0","55.700","deg","20.000","°C","100.000","%a.s.","22.210","deg","20.000","°C","971.000","hPa","0.826","-0.01532","0.000401","-0.00012","0","11.08","Humid","30.45","0","49.40","253135.70","SABD0002000012","AAV2.0.0.13","4.0.0.2323","PSt7-10","171027-008","9/15/2022 2:43:31 PM","0000-00","0","no battery","V","","µV","","µV"
"11/15/2022","17:27:34","7","default","171425599","OXY_CH7","7.297","min","185.544","μmol/L","Humid","21.162","deg","89404","µV","28.916","°C","1025.000","hPa","36.0","pmil","0","55.700","deg","20.000","°C","100.000","%a.s.","22.210","deg","20.000","°C","971.000","hPa","0.826","-0.01532","0.000401","-0.00012","0","11.08","Humid","30.45","0","49.40","253141.23","SABD0002000012","AAV2.0.0.13","4.0.0.2323","PSt7-10","171027-008","9/15/2022 2:43:31 PM","0000-00","0","no battery","V","","µV","","µV"
"11/15/2022","17:27:35","7","default","171425599","OXY_CH7","7.313","min","185.645","μmol/L","Humid","21.158","deg","89408","µV","28.910","°C","1025.000","hPa","36.0","pmil","0","55.700","deg","20.000","°C","100.000","%a.s.","22.210","deg","20.000","°C","971.000","hPa","0.826","-0.01532","0.000401","-0.00012","0","11.08","Humid","30.45","0","49.40","253124.89","SABD0002000012","AAV2.0.0.13","4.0.0.2323","PSt7-10","171027-008","9/15/2022 2:43:31 PM","0000-00","0","no battery","V","","µV","","µV"
"11/15/2022","17:27:36","7","default","171425599","OXY_CH7","7.330","min","185.577","μmol/L","Humid","21.160","deg","89404","µV","28.916","°C","1025.000","hPa","36.0","pmil","0","55.700","deg","20.000","°C","100.000","%a.s.","22.210","deg","20.000","°C","971.000","hPa","0.826","-0.01532","0.000401","-0.00012","0","11.08","Humid","30.45","0","49.40","253118.49","SABD0002000012","AAV2.0.0.13","4.0.0.2323","PSt7-10","171027-008","9/15/2022 2:43:31 PM","0000-00","0","no battery","V","","µV","","µV"
"11/15/2022","17:27:37","7","default","171425599","OXY_CH7","7.347","min","185.577","μmol/L","Humid","21.160","deg","89405","µV","28.916","°C","1025.000","hPa","36.0","pmil","0","55.700","deg","20.000","°C","100.000","%a.s.","22.210","deg","20.000","°C","971.000","hPa","0.826","-0.01532","0.000401","-0.00012","0","11.08","Humid","30.45","0","49.40","253115.22","SABD0002000012","AAV2.0.0.13","4.0.0.2323","PSt7-10","171027-008","9/15/2022 2:43:31 PM","0000-00","0","no battery","V","","µV","","µV"
"11/15/2022","17:27:38","7","default","171425599","OXY_CH7","7.364","min","185.645","μmol/L","Humid","21.158","deg","89401","µV","28.910","°C","1025.000","hPa","36.0","pmil","0","55.700","deg","20.000","°C","100.000","%a.s.","22.210","deg","20.000","°C","971.000","hPa","0.826","-0.01532","0.000401","-0.00012","0","11.08","Humid","30.45","0","49.40","253113.96","SABD0002000012","AAV2.0.0.13","4.0.0.2323","PSt7-10","171027-008","9/15/2022 2:43:31 PM","0000-00","0","no battery","V","","µV","","µV"
"11/15/2022","17:27:39","7","default","171425599","OXY_CH7","7.380","min","185.563","μmol/L","Humid","21.163","deg","89389","µV","28.910","°C","1025.000","hPa","36.0","pmil","0","55.700","deg","20.000","°C","100.000","%a.s.","22.210","deg","20.000","°C","971.000","hPa","0.826","-0.01532","0.000401","-0.00012","0","11.08","Humid","30.45","0","49.40","253109.60","SABD0002000012","AAV2.0.0.13","4.0.0.2323","PSt7-10","171027-008","9/15/2022 2:43:31 PM","0000-00","0","no battery","V","","µV","","µV"
"11/15/2022","17:27:40","7","default","171425599","OXY_CH7","7.397","min","185.560","μmol/L","Humid","21.161","deg","89399","µV","28.916","°C","1025.000","hPa","36.0","pmil","0","55.700","deg","20.000","°C","100.000","%a.s.","22.210","deg","20.000","°C","971.000","hPa","0.826","-0.01532","0.000401","-0.00012","0","11.08","Humid","30.45","0","49.40","253113.89","SABD0002000012","AAV2.0.0.13","4.0.0.2323","PSt7-10","171027-008","9/15/2022 2:43:31 PM","0000-00","0","no battery","V","","µV","","µV"
"11/15/2022","17:27:41","7","default","171425599","OXY_CH7","7.414","min","185.657","μmol/L","Humid","21.153","deg","89389","µV","28.923","°C","1025.000","hPa","36.0","pmil","0","55.700","deg","20.000","°C","100.000","%a.s.","22.210","deg","20.000","°C","971.000","hPa","0.826","-0.01532","0.000401","-0.00012","0","11.08","Humid","30.45","0","49.40","253111.93","SABD0002000012","AAV2.0.0.13","4.0.0.2323","PSt7-10","171027-008","9/15/2022 2:43:31 PM","0000-00","0","no battery","V","","µV","","µV"
"11/15/2022","17:27:42","7","default","171425599","OXY_CH7","7.431","min","185.542","μmol/L","Humid","21.160","deg","89394","µV","28.923","°C","1025.000","hPa","36.0","pmil","0","55.700","deg","20.000","°C","100.000","%a.s.","22.210","deg","20.000","°C","971.000","hPa","0.826","-0.01532","0.000401","-0.00012","0","11.08","Humid","30.45","0","49.40","253102.97","SABD0002000012","AAV2.0.0.13","4.0.0.2323","PSt7-10","171027-008","9/15/2022 2:43:31 PM","0000-00","0","no battery","V","","µV","","µV"
"11/15/2022","17:27:43","7","default","171425599","OXY_CH7","7.447","min","185.591","μmol/L","Humid","21.157","deg","89385","µV","28.923","°C","1025.000","hPa","36.0","pmil","0","55.700","deg","20.000","°C","100.000","%a.s.","22.210","deg","20.000","°C","971.000","hPa","0.826","-0.01532","0.000401","-0.00012","0","11.08","Humid","30.45","0","49.40","253103.77","SABD0002000012","AAV2.0.0.13","4.0.0.2323","PSt7-10","171027-008","9/15/2022 2:43:31 PM","0000-00","0","no battery","V","","µV","","µV"
"11/15/2022","17:27:44","7","default","171425599","OXY_CH7","7.464","min","185.643","μmol/L","Humid","21.156","deg","89385","µV","28.916","°C","1025.000","hPa","36.0","pmil","0","55.700","deg","20.000","°C","100.000","%a.s.","22.210","deg","20.000","°C","971.000","hPa","0.826","-0.01532","0.000401","-0.00012","0","11.08","Humid","30.45","0","49.40","253109.70","SABD0002000012","AAV2.0.0.13","4.0.0.2323","PSt7-10","171027-008","9/15/2022 2:43:31 PM","0000-00","0","no battery","V","","µV","","µV"
"11/15/2022","17:27:45","7","default","171425599","OXY_CH7","7.481","min","185.542","μmol/L","Humid","21.160","deg","89379","µV","28.923","°C","1025.000","hPa","36.0","pmil","0","55.700","deg","20.000","°C","100.000","%a.s.","22.210","deg","20.000","°C","971.000","hPa","0.826","-0.01532","0.000401","-0.00012","0","11.08","Humid","30.45","0","49.40","253103.11","SABD0002000012","AAV2.0.0.13","4.0.0.2323","PSt7-10","171027-008","9/15/2022 2:43:31 PM","0000-00","0","no battery","V","","µV","","µV"
"11/15/2022","17:27:46","7","default","171425599","OXY_CH7","7.497","min","185.643","μmol/L","Humid","21.156","deg","89383","µV","28.916","°C","1025.000","hPa","36.0","pmil","0","55.700","deg","20.000","°C","100.000","%a.s.","22.210","deg","20.000","°C","971.000","hPa","0.826","-0.01532","0.000401","-0.00012","0","11.08","Humid","30.45","0","49.40","253102.99","SABD0002000012","AAV2.0.0.13","4.0.0.2323","PSt7-10","171027-008","9/15/2022 2:43:31 PM","0000-00","0","no battery","V","","µV","","µV"
"11/15/2022","17:27:47","7","default","171425599","OXY_CH7","7.513","min","185.577","μmol/L","Humid","21.160","deg","89379","µV","28.916","°C","1025.000","hPa","36.0","pmil","0","55.700","deg","20.000","°C","100.000","%a.s.","22.210","deg","20.000","°C","971.000","hPa","0.826","-0.01532","0.000401","-0.00012","0","11.08","Humid","30.45","0","49.40","253112.69","SABD0002000012","AAV2.0.0.13","4.0.0.2323","PSt7-10","171027-008","9/15/2022 2:43:31 PM","0000-00","0","no battery","V","","µV","","µV"
"11/15/2022","17:27:48","7","default","171425599","OXY_CH7","7.530","min","185.676","μmol/L","Humid","21.154","deg","89379","µV","28.916","°C","1025.000","hPa","36.0","pmil","0","55.700","deg","20.000","°C","100.000","%a.s.","22.210","deg","20.000","°C","971.000","hPa","0.826","-0.01532","0.000401","-0.00012","0","11.08","Humid","30.45","0","49.40","253107.91","SABD0002000012","AAV2.0.0.13","4.0.0.2323","PSt7-10","171027-008","9/15/2022 2:43:31 PM","0000-00","0","no battery","V","","µV","","µV"
"11/15/2022","17:27:49","7","default","171425599","OXY_CH7","7.547","min","185.626","μmol/L","Humid","21.157","deg","89371","µV","28.916","°C","1025.000","hPa","36.0","pmil","0","55.700","deg","20.000","°C","100.000","%a.s.","22.210","deg","20.000","°C","971.000","hPa","0.826","-0.01532","0.000401","-0.00012","0","11.08","Humid","30.45","0","49.40","253092.71","SABD0002000012","AAV2.0.0.13","4.0.0.2323","PSt7-10","171027-008","9/15/2022 2:43:31 PM","0000-00","0","no battery","V","","µV","","µV"
"11/15/2022","17:27:50","7","default","171425599","OXY_CH7","7.564","min","185.676","μmol/L","Humid","21.154","deg","89368","µV","28.916","°C","1025.000","hPa","36.0","pmil","0","55.700","deg","20.000","°C","100.000","%a.s.","22.210","deg","20.000","°C","971.000","hPa","0.826","-0.01532","0.000401","-0.00012","0","11.08","Humid","30.45","0","49.40","253095.15","SABD0002000012","AAV2.0.0.13","4.0.0.2323","PSt7-10","171027-008","9/15/2022 2:43:31 PM","0000-00","0","no battery","V","","µV","","µV"
"11/15/2022","17:27:51","7","default","171425599","OXY_CH7","7.581","min","185.692","μmol/L","Humid","21.153","deg","89370","µV","28.916","°C","1025.000","hPa","36.0","pmil","0","55.700","deg","20.000","°C","100.000","%a.s.","22.210","deg","20.000","°C","971.000","hPa","0.826","-0.01532","0.000401","-0.00012","0","11.08","Humid","30.45","0","49.40","253092.47","SABD0002000012","AAV2.0.0.13","4.0.0.2323","PSt7-10","171027-008","9/15/2022 2:43:31 PM","0000-00","0","no battery","V","","µV","","µV"
"11/15/2022","17:27:52","7","default","171425599","OXY_CH7","7.597","min","185.624","μmol/L","Humid","21.155","deg","89371","µV","28.923","°C","1025.000","hPa","36.0","pmil","0","55.700","deg","20.000","°C","100.000","%a.s.","22.210","deg","20.000","°C","971.000","hPa","0.826","-0.01532","0.000401","-0.00012","0","11.08","Humid","30.45","0","49.40","253090.97","SABD0002000012","AAV2.0.0.13","4.0.0.2323","PSt7-10","171027-008","9/15/2022 2:43:31 PM","0000-00","0","no battery","V","","µV","","µV"
"11/15/2022","17:27:53","7","default","171425599","OXY_CH7","7.614","min","185.645","μmol/L","Humid","21.158","deg","89363","µV","28.910","°C","1025.000","hPa","36.0","pmil","0","55.700","deg","20.000","°C","100.000","%a.s.","22.210","deg","20.000","°C","971.000","hPa","0.826","-0.01532","0.000401","-0.00012","0","11.08","Humid","30.45","0","49.40","253103.01","SABD0002000012","AAV2.0.0.13","4.0.0.2323","PSt7-10","171027-008","9/15/2022 2:43:31 PM","0000-00","0","no battery","V","","µV","","µV"
"11/15/2022","17:27:54","7","default","171425599","OXY_CH7","7.631","min","185.610","μmol/L","Humid","21.158","deg","89361","µV","28.916","°C","1025.000","hPa","36.0","pmil","0","55.700","deg","20.000","°C","100.000","%a.s.","22.210","deg","20.000","°C","971.000","hPa","0.826","-0.01532","0.000401","-0.00012","0","11.08","Humid","30.45","0","49.40","253095.77","SABD0002000012","AAV2.0.0.13","4.0.0.2323","PSt7-10","171027-008","9/15/2022 2:43:31 PM","0000-00","0","no battery","V","","µV","","µV"
"11/15/2022","17:27:55","7","default","171425599","OXY_CH7","7.647","min","185.626","μmol/L","Humid","21.157","deg","89361","µV","28.916","°C","1025.000","hPa","36.0","pmil","0","55.700","deg","20.000","°C","100.000","%a.s.","22.210","deg","20.000","°C","971.000","hPa","0.826","-0.01532","0.000401","-0.00012","0","11.08","Humid","30.45","0","49.40","253085.37","SABD0002000012","AAV2.0.0.13","4.0.0.2323","PSt7-10","171027-008","9/15/2022 2:43:31 PM","0000-00","0","no battery","V","","µV","","µV"
"11/15/2022","17:27:56","7","default","171425599","OXY_CH7","7.664","min","185.659","μmol/L","Humid","21.155","deg","89358","µV","28.916","°C","1025.000","hPa","36.0","pmil","0","55.700","deg","20.000","°C","100.000","%a.s.","22.210","deg","20.000","°C","971.000","hPa","0.826","-0.01532","0.000401","-0.00012","0","11.08","Humid","30.45","0","49.40","253078.62","SABD0002000012","AAV2.0.0.13","4.0.0.2323","PSt7-10","171027-008","9/15/2022 2:43:31 PM","0000-00","0","no battery","V","","µV","","µV"
"11/15/2022","17:27:57","7","default","171425599","OXY_CH7","7.680","min","185.577","μmol/L","Humid","21.160","deg","89351","µV","28.916","°C","1025.000","hPa","36.0","pmil","0","55.700","deg","20.000","°C","100.000","%a.s.","22.210","deg","20.000","°C","971.000","hPa","0.826","-0.01532","0.000401","-0.00012","0","11.08","Humid","30.45","0","49.40","253085.56","SABD0002000012","AAV2.0.0.13","4.0.0.2323","PSt7-10","171027-008","9/15/2022 2:43:31 PM","0000-00","0","no battery","V","","µV","","µV"
"11/15/2022","17:27:58","7","default","171425599","OXY_CH7","7.697","min","185.612","μmol/L","Humid","21.160","deg","89352","µV","28.910","°C","1025.000","hPa","36.0","pmil","0","55.700","deg","20.000","°C","100.000","%a.s.","22.210","deg","20.000","°C","971.000","hPa","0.826","-0.01532","0.000401","-0.00012","0","11.08","Humid","30.45","0","49.40","253086.58","SABD0002000012","AAV2.0.0.13","4.0.0.2323","PSt7-10","171027-008","9/15/2022 2:43:31 PM","0000-00","0","no battery","V","","µV","","µV"
"11/15/2022","17:27:59","7","default","171425599","OXY_CH7","7.714","min","185.626","μmol/L","Humid","21.157","deg","89342","µV","28.916","°C","1025.000","hPa","36.0","pmil","0","55.700","deg","20.000","°C","100.000","%a.s.","22.210","deg","20.000","°C","971.000","hPa","0.826","-0.01532","0.000401","-0.00012","0","11.08","Humid","30.45","0","49.40","253081.35","SABD0002000012","AAV2.0.0.13","4.0.0.2323","PSt7-10","171027-008","9/15/2022 2:43:31 PM","0000-00","0","no battery","V","","µV","","µV"
"11/15/2022","17:28:00","7","default","171425599","OXY_CH7","7.730","min","185.673","μmol/L","Humid","21.152","deg","89340","µV","28.923","°C","1025.000","hPa","36.0","pmil","0","55.700","deg","20.000","°C","100.000","%a.s.","22.210","deg","20.000","°C","971.000","hPa","0.826","-0.01532","0.000401","-0.00012","0","11.08","Humid","30.45","0","49.40","253077.91","SABD0002000012","AAV2.0.0.13","4.0.0.2323","PSt7-10","171027-008","9/15/2022 2:43:31 PM","0000-00","0","no battery","V","","µV","","µV"
"11/15/2022","17:28:01","7","default","171425599","OXY_CH7","7.747","min","185.676","μmol/L","Humid","21.154","deg","89342","µV","28.916","°C","1025.000","hPa","36.0","pmil","0","55.700","deg","20.000","°C","100.000","%a.s.","22.210","deg","20.000","°C","971.000","hPa","0.826","-0.01532","0.000401","-0.00012","0","11.08","Humid","30.45","0","49.40","253079.69","SABD0002000012","AAV2.0.0.13","4.0.0.2323","PSt7-10","171027-008","9/15/2022 2:43:31 PM","0000-00","0","no battery","V","","µV","","µV"
"11/15/2022","17:28:02","7","default","171425599","OXY_CH7","7.764","min","185.659","μmol/L","Humid","21.155","deg","89332","µV","28.916","°C","1025.000","hPa","36.0","pmil","0","55.700","deg","20.000","°C","100.000","%a.s.","22.210","deg","20.000","°C","971.000","hPa","0.826","-0.01532","0.000401","-0.00012","0","11.08","Humid","30.45","0","49.40","253079.16","SABD0002000012","AAV2.0.0.13","4.0.0.2323","PSt7-10","171027-008","9/15/2022 2:43:31 PM","0000-00","0","no battery","V","","µV","","µV"
"11/15/2022","17:28:03","7","default","171425599","OXY_CH7","7.781","min","185.626","μmol/L","Humid","21.157","deg","89335","µV","28.916","°C","1025.000","hPa","36.0","pmil","0","55.700","deg","20.000","°C","100.000","%a.s.","22.210","deg","20.000","°C","971.000","hPa","0.826","-0.01532","0.000401","-0.00012","0","11.08","Humid","30.45","0","49.40","253080.00","SABD0002000012","AAV2.0.0.13","4.0.0.2323","PSt7-10","171027-008","9/15/2022 2:43:31 PM","0000-00","0","no battery","V","","µV","","µV"
"11/15/2022","17:28:04","7","default","171425599","OXY_CH7","7.798","min","185.692","μmol/L","Humid","21.153","deg","89337","µV","28.916","°C","1025.000","hPa","36.0","pmil","0","55.700","deg","20.000","°C","100.000","%a.s.","22.210","deg","20.000","°C","971.000","hPa","0.826","-0.01532","0.000401","-0.00012","0","11.08","Humid","30.45","0","49.40","253080.75","SABD0002000012","AAV2.0.0.13","4.0.0.2323","PSt7-10","171027-008","9/15/2022 2:43:31 PM","0000-00","0","no battery","V","","µV","","µV"
"11/15/2022","17:28:05","7","default","171425599","OXY_CH7","7.814","min","185.692","μmol/L","Humid","21.153","deg","89330","µV","28.916","°C","1025.000","hPa","36.0","pmil","0","55.700","deg","20.000","°C","100.000","%a.s.","22.210","deg","20.000","°C","971.000","hPa","0.826","-0.01532","0.000401","-0.00012","0","11.08","Humid","30.45","0","49.40","253068.23","SABD0002000012","AAV2.0.0.13","4.0.0.2323","PSt7-10","171027-008","9/15/2022 2:43:31 PM","0000-00","0","no battery","V","","µV","","µV"
"11/15/2022","17:28:06","7","default","171425599","OXY_CH7","7.830","min","185.643","μmol/L","Humid","21.156","deg","89319","µV","28.916","°C","1025.000","hPa","36.0","pmil","0","55.700","deg","20.000","°C","100.000","%a.s.","22.210","deg","20.000","°C","971.000","hPa","0.826","-0.01532","0.000401","-0.00012","0","11.08","Humid","30.45","0","49.40","253053.12","SABD0002000012","AAV2.0.0.13","4.0.0.2323","PSt7-10","171027-008","9/15/2022 2:43:31 PM","0000-00","0","no battery","V","","µV","","µV"
"11/15/2022","17:28:07","7","default","171425599","OXY_CH7","7.847","min","185.626","μmol/L","Humid","21.157","deg","89328","µV","28.916","°C","1025.000","hPa","36.0","pmil","0","55.700","deg","20.000","°C","100.000","%a.s.","22.210","deg","20.000","°C","971.000","hPa","0.826","-0.01532","0.000401","-0.00012","0","11.08","Humid","30.45","0","49.40","253067.60","SABD0002000012","AAV2.0.0.13","4.0.0.2323","PSt7-10","171027-008","9/15/2022 2:43:31 PM","0000-00","0","no battery","V","","µV","","µV"
"11/15/2022","17:28:08","7","default","171425599","OXY_CH7","7.864","min","185.727","μmol/L","Humid","21.153","deg","89315","µV","28.910","°C","1025.000","hPa","36.0","pmil","0","55.700","deg","20.000","°C","100.000","%a.s.","22.210","deg","20.000","°C","971.000","hPa","0.826","-0.01532","0.000401","-0.00012","0","11.08","Humid","30.45","0","49.40","253063.57","SABD0002000012","AAV2.0.0.13","4.0.0.2323","PSt7-10","171027-008","9/15/2022 2:43:31 PM","0000-00","0","no battery","V","","µV","","µV"
"11/15/2022","17:28:09","7","default","171425599","OXY_CH7","7.880","min","185.676","μmol/L","Humid","21.154","deg","89325","µV","28.916","°C","1025.000","hPa","36.0","pmil","0","55.700","deg","20.000","°C","100.000","%a.s.","22.210","deg","20.000","°C","971.000","hPa","0.826","-0.01532","0.000401","-0.00012","0","11.08","Humid","30.45","0","49.40","253059.99","SABD0002000012","AAV2.0.0.13","4.0.0.2323","PSt7-10","171027-008","9/15/2022 2:43:31 PM","0000-00","0","no battery","V","","µV","","µV"
"11/15/2022","17:28:10","7","default","171425599","OXY_CH7","7.897","min","185.758","μmol/L","Humid","21.149","deg","89319","µV","28.916","°C","1025.000","hPa","36.0","pmil","0","55.700","deg","20.000","°C","100.000","%a.s.","22.210","deg","20.000","°C","971.000","hPa","0.826","-0.01532","0.000401","-0.00012","0","11.08","Humid","30.45","0","49.40","253064.19","SABD0002000012","AAV2.0.0.13","4.0.0.2323","PSt7-10","171027-008","9/15/2022 2:43:31 PM","0000-00","0","no battery","V","","µV","","µV"
"11/15/2022","17:28:11","7","default","171425599","OXY_CH7","7.914","min","185.706","μmol/L","Humid","21.150","deg","89315","µV","28.923","°C","1025.000","hPa","36.0","pmil","0","55.700","deg","20.000","°C","100.000","%a.s.","22.210","deg","20.000","°C","971.000","hPa","0.826","-0.01532","0.000401","-0.00012","0","11.08","Humid","30.45","0","49.40","253064.16","SABD0002000012","AAV2.0.0.13","4.0.0.2323","PSt7-10","171027-008","9/15/2022 2:43:31 PM","0000-00","0","no battery","V","","µV","","µV"
"11/15/2022","17:28:12","7","default","171425599","OXY_CH7","7.930","min","185.673","μmol/L","Humid","21.152","deg","89312","µV","28.923","°C","1025.000","hPa","36.0","pmil","0","55.700","deg","20.000","°C","100.000","%a.s.","22.210","deg","20.000","°C","971.000","hPa","0.826","-0.01532","0.000401","-0.00012","0","11.08","Humid","30.45","0","49.40","253054.90","SABD0002000012","AAV2.0.0.13","4.0.0.2323","PSt7-10","171027-008","9/15/2022 2:43:31 PM","0000-00","0","no battery","V","","µV","","µV"
"11/15/2022","17:28:13","7","default","171425599","OXY_CH7","7.947","min","185.657","μmol/L","Humid","21.153","deg","89312","µV","28.923","°C","1025.000","hPa","36.0","pmil","0","55.700","deg","20.000","°C","100.000","%a.s.","22.210","deg","20.000","°C","971.000","hPa","0.826","-0.01532","0.000401","-0.00012","0","11.08","Humid","30.45","0","49.40","253055.38","SABD0002000012","AAV2.0.0.13","4.0.0.2323","PSt7-10","171027-008","9/15/2022 2:43:31 PM","0000-00","0","no battery","V","","µV","","µV"
"11/15/2022","17:28:14","7","default","171425599","OXY_CH7","7.964","min","185.626","μmol/L","Humid","21.157","deg","89314","µV","28.916","°C","1025.000","hPa","36.0","pmil","0","55.700","deg","20.000","°C","100.000","%a.s.","22.210","deg","20.000","°C","971.000","hPa","0.826","-0.01532","0.000401","-0.00012","0","11.08","Humid","30.45","0","49.40","253061.03","SABD0002000012","AAV2.0.0.13","4.0.0.2323","PSt7-10","171027-008","9/15/2022 2:43:31 PM","0000-00","0","no battery","V","","µV","","µV"
"11/15/2022","17:28:15","7","default","171425599","OXY_CH7","7.981","min","185.692","μmol/L","Humid","21.153","deg","89304","µV","28.916","°C","1025.000","hPa","36.0","pmil","0","55.700","deg","20.000","°C","100.000","%a.s.","22.210","deg","20.000","°C","971.000","hPa","0.826","-0.01532","0.000401","-0.00012","0","11.08","Humid","30.45","0","49.40","253063.47","SABD0002000012","AAV2.0.0.13","4.0.0.2323","PSt7-10","171027-008","9/15/2022 2:43:31 PM","0000-00","0","no battery","V","","µV","","µV"
"11/15/2022","17:28:16","7","default","171425599","OXY_CH7","7.997","min","185.673","μmol/L","Humid","21.152","deg","89304","µV","28.923","°C","1025.000","hPa","36.0","pmil","0","55.700","deg","20.000","°C","100.000","%a.s.","22.210","deg","20.000","°C","971.000","hPa","0.826","-0.01532","0.000401","-0.00012","0","11.08","Humid","30.45","0","49.40","253056.83","SABD0002000012","AAV2.0.0.13","4.0.0.2323","PSt7-10","171027-008","9/15/2022 2:43:31 PM","0000-00","0","no battery","V","","µV","","µV"
"11/15/2022","17:28:17","7","default","171425599","OXY_CH7","8.014","min","185.690","μmol/L","Humid","21.151","deg","89303","µV","28.923","°C","1025.000","hPa","36.0","pmil","0","55.700","deg","20.000","°C","100.000","%a.s.","22.210","deg","20.000","°C","971.000","hPa","0.826","-0.01532","0.000401","-0.00012","0","11.08","Humid","30.45","0","49.40","253048.55","SABD0002000012","AAV2.0.0.13","4.0.0.2323","PSt7-10","171027-008","9/15/2022 2:43:31 PM","0000-00","0","no battery","V","","µV","","µV"
"11/15/2022","17:28:18","7","default","171425599","OXY_CH7","8.031","min","185.756","μmol/L","Humid","21.147","deg","89300","µV","28.923","°C","1025.000","hPa","36.0","pmil","0","55.700","deg","20.000","°C","100.000","%a.s.","22.210","deg","20.000","°C","971.000","hPa","0.826","-0.01532","0.000401","-0.00012","0","11.08","Humid","30.45","0","49.40","253047.62","SABD0002000012","AAV2.0.0.13","4.0.0.2323","PSt7-10","171027-008","9/15/2022 2:43:31 PM","0000-00","0","no battery","V","","µV","","µV"
"11/15/2022","17:28:19","7","default","171425599","OXY_CH7","8.047","min","185.709","μmol/L","Humid","21.152","deg","89298","µV","28.916","°C","1025.000","hPa","36.0","pmil","0","55.700","deg","20.000","°C","100.000","%a.s.","22.210","deg","20.000","°C","971.000","hPa","0.826","-0.01532","0.000401","-0.00012","0","11.08","Humid","30.45","0","49.40","253043.68","SABD0002000012","AAV2.0.0.13","4.0.0.2323","PSt7-10","171027-008","9/15/2022 2:43:31 PM","0000-00","0","no battery","V","","µV","","µV"
"11/15/2022","17:28:20","7","default","171425599","OXY_CH7","8.064","min","185.690","μmol/L","Humid","21.151","deg","89300","µV","28.923","°C","1025.000","hPa","36.0","pmil","0","55.700","deg","20.000","°C","100.000","%a.s.","22.210","deg","20.000","°C","971.000","hPa","0.826","-0.01532","0.000401","-0.00012","0","11.08","Humid","30.45","0","49.40","253046.53","SABD0002000012","AAV2.0.0.13","4.0.0.2323","PSt7-10","171027-008","9/15/2022 2:43:31 PM","0000-00","0","no battery","V","","µV","","µV"
"11/15/2022","17:28:21","7","default","171425599","OXY_CH7","8.080","min","185.725","μmol/L","Humid","21.151","deg","89296","µV","28.916","°C","1025.000","hPa","36.0","pmil","0","55.700","deg","20.000","°C","100.000","%a.s.","22.210","deg","20.000","°C","971.000","hPa","0.826","-0.01532","0.000401","-0.00012","0","11.08","Humid","30.45","0","49.40","253037.80","SABD0002000012","AAV2.0.0.13","4.0.0.2323","PSt7-10","171027-008","9/15/2022 2:43:31 PM","0000-00","0","no battery","V","","µV","","µV"
"11/15/2022","17:28:22","7","default","171425599","OXY_CH7","8.097","min","185.673","μmol/L","Humid","21.152","deg","89288","µV","28.923","°C","1025.000","hPa","36.0","pmil","0","55.700","deg","20.000","°C","100.000","%a.s.","22.210","deg","20.000","°C","971.000","hPa","0.826","-0.01532","0.000401","-0.00012","0","11.08","Humid","30.45","0","49.40","253044.81","SABD0002000012","AAV2.0.0.13","4.0.0.2323","PSt7-10","171027-008","9/15/2022 2:43:31 PM","0000-00","0","no battery","V","","µV","","µV"
"11/15/2022","17:28:23","7","default","171425599","OXY_CH7","8.114","min","185.744","μmol/L","Humid","21.152","deg","89283","µV","28.910","°C","1025.000","hPa","36.0","pmil","0","55.700","deg","20.000","°C","100.000","%a.s.","22.210","deg","20.000","°C","971.000","hPa","0.826","-0.01532","0.000401","-0.00012","0","11.08","Humid","30.45","0","49.40","253047.62","SABD0002000012","AAV2.0.0.13","4.0.0.2323","PSt7-10","171027-008","9/15/2022 2:43:31 PM","0000-00","0","no battery","V","","µV","","µV"
"11/15/2022","17:28:24","7","default","171425599","OXY_CH7","8.131","min","185.711","μmol/L","Humid","21.154","deg","89284","µV","28.910","°C","1025.000","hPa","36.0","pmil","0","55.700","deg","20.000","°C","100.000","%a.s.","22.210","deg","20.000","°C","971.000","hPa","0.826","-0.01532","0.000401","-0.00012","0","11.08","Humid","30.45","0","49.40","253037.58","SABD0002000012","AAV2.0.0.13","4.0.0.2323","PSt7-10","171027-008","9/15/2022 2:43:31 PM","0000-00","0","no battery","V","","µV","","µV"
"11/15/2022","17:28:25","7","default","171425599","OXY_CH7","8.147","min","185.758","μmol/L","Humid","21.149","deg","89274","µV","28.916","°C","1025.000","hPa","36.0","pmil","0","55.700","deg","20.000","°C","100.000","%a.s.","22.210","deg","20.000","°C","971.000","hPa","0.826","-0.01532","0.000401","-0.00012","0","11.08","Humid","30.45","0","49.40","253034.85","SABD0002000012","AAV2.0.0.13","4.0.0.2323","PSt7-10","171027-008","9/15/2022 2:43:31 PM","0000-00","0","no battery","V","","µV","","µV"
"11/15/2022","17:28:26","7","default","171425599","OXY_CH7","8.164","min","185.723","μmol/L","Humid","21.149","deg","89279","µV","28.923","°C","1025.000","hPa","36.0","pmil","0","55.700","deg","20.000","°C","100.000","%a.s.","22.210","deg","20.000","°C","971.000","hPa","0.826","-0.01532","0.000401","-0.00012","0","11.08","Humid","30.45","0","49.40","253035.62","SABD0002000012","AAV2.0.0.13","4.0.0.2323","PSt7-10","171027-008","9/15/2022 2:43:31 PM","0000-00","0","no battery","V","","µV","","µV"
"11/15/2022","17:28:27","7","default","171425599","OXY_CH7","8.180","min","185.673","μmol/L","Humid","21.152","deg","89279","µV","28.923","°C","1025.000","hPa","36.0","pmil","0","55.700","deg","20.000","°C","100.000","%a.s.","22.210","deg","20.000","°C","971.000","hPa","0.826","-0.01532","0.000401","-0.00012","0","11.08","Humid","30.45","0","49.40","253030.57","SABD0002000012","AAV2.0.0.13","4.0.0.2323","PSt7-10","171027-008","9/15/2022 2:43:31 PM","0000-00","0","no battery","V","","µV","","µV"
"11/15/2022","17:28:28","7","default","171425599","OXY_CH7","8.197","min","185.706","μmol/L","Humid","21.150","deg","89284","µV","28.923","°C","1025.000","hPa","36.0","pmil","0","55.700","deg","20.000","°C","100.000","%a.s.","22.210","deg","20.000","°C","971.000","hPa","0.826","-0.01532","0.000401","-0.00012","0","11.08","Humid","30.45","0","49.40","253039.97","SABD0002000012","AAV2.0.0.13","4.0.0.2323","PSt7-10","171027-008","9/15/2022 2:43:31 PM","0000-00","0","no battery","V","","µV","","µV"
"11/15/2022","17:28:29","7","default","171425599","OXY_CH7","8.213","min","185.709","μmol/L","Humid","21.152","deg","89276","µV","28.916","°C","1025.000","hPa","36.0","pmil","0","55.700","deg","20.000","°C","100.000","%a.s.","22.210","deg","20.000","°C","971.000","hPa","0.826","-0.01532","0.000401","-0.00012","0","11.08","Humid","30.45","0","49.40","253022.19","SABD0002000012","AAV2.0.0.13","4.0.0.2323","PSt7-10","171027-008","9/15/2022 2:43:31 PM","0000-00","0","no battery","V","","µV","","µV"
"11/15/2022","17:28:30","7","default","171425599","OXY_CH7","8.230","min","185.739","μmol/L","Humid","21.148","deg","89271","µV","28.923","°C","1025.000","hPa","36.0","pmil","0","55.700","deg","20.000","°C","100.000","%a.s.","22.210","deg","20.000","°C","971.000","hPa","0.826","-0.01532","0.000401","-0.00012","0","11.08","Humid","30.45","0","49.40","253037.97","SABD0002000012","AAV2.0.0.13","4.0.0.2323","PSt7-10","171027-008","9/15/2022 2:43:31 PM","0000-00","0","no battery","V","","µV","","µV"
"11/15/2022","17:28:31","7","default","171425599","OXY_CH7","8.247","min","185.772","μmol/L","Humid","21.146","deg","89273","µV","28.923","°C","1025.000","hPa","36.0","pmil","0","55.700","deg","20.000","°C","100.000","%a.s.","22.210","deg","20.000","°C","971.000","hPa","0.826","-0.01532","0.000401","-0.00012","0","11.08","Humid","30.45","0","49.40","253036.35","SABD0002000012","AAV2.0.0.13","4.0.0.2323","PSt7-10","171027-008","9/15/2022 2:43:31 PM","0000-00","0","no battery","V","","µV","","µV"
"11/15/2022","17:28:32","7","default","171425599","OXY_CH7","8.264","min","185.692","μmol/L","Humid","21.153","deg","89273","µV","28.916","°C","1025.000","hPa","36.0","pmil","0","55.700","deg","20.000","°C","100.000","%a.s.","22.210","deg","20.000","°C","971.000","hPa","0.826","-0.01532","0.000401","-0.00012","0","11.08","Humid","30.45","0","49.40","253045.37","SABD0002000012","AAV2.0.0.13","4.0.0.2323","PSt7-10","171027-008","9/15/2022 2:43:31 PM","0000-00","0","no battery","V","","µV","","µV"
"11/15/2022","17:28:33","7","default","171425599","OXY_CH7","8.280","min","185.739","μmol/L","Humid","21.148","deg","89266","µV","28.923","°C","1025.000","hPa","36.0","pmil","0","55.700","deg","20.000","°C","100.000","%a.s.","22.210","deg","20.000","°C","971.000","hPa","0.826","-0.01532","0.000401","-0.00012","0","11.08","Humid","30.45","0","49.40","253029.64","SABD0002000012","AAV2.0.0.13","4.0.0.2323","PSt7-10","171027-008","9/15/2022 2:43:31 PM","0000-00","0","no battery","V","","µV","","µV"
"11/15/2022","17:28:34","7","default","171425599","OXY_CH7","8.297","min","185.791","μmol/L","Humid","21.147","deg","89253","µV","28.916","°C","1025.000","hPa","36.0","pmil","0","55.700","deg","20.000","°C","100.000","%a.s.","22.210","deg","20.000","°C","971.000","hPa","0.826","-0.01532","0.000401","-0.00012","0","11.08","Humid","30.45","0","49.40","253030.31","SABD0002000012","AAV2.0.0.13","4.0.0.2323","PSt7-10","171027-008","9/15/2022 2:43:31 PM","0000-00","0","no battery","V","","µV","","µV"
"11/15/2022","17:28:35","7","default","171425599","OXY_CH7","8.314","min","185.725","μmol/L","Humid","21.151","deg","89271","µV","28.916","°C","1025.000","hPa","36.0","pmil","0","55.700","deg","20.000","°C","100.000","%a.s.","22.210","deg","20.000","°C","971.000","hPa","0.826","-0.01532","0.000401","-0.00012","0","11.08","Humid","30.45","0","49.40","253022.59","SABD0002000012","AAV2.0.0.13","4.0.0.2323","PSt7-10","171027-008","9/15/2022 2:43:31 PM","0000-00","0","no battery","V","","µV","","µV"
"11/15/2022","17:28:36","7","default","171425599","OXY_CH7","8.331","min","185.723","μmol/L","Humid","21.149","deg","89262","µV","28.923","°C","1025.000","hPa","36.0","pmil","0","55.700","deg","20.000","°C","100.000","%a.s.","22.210","deg","20.000","°C","971.000","hPa","0.826","-0.01532","0.000401","-0.00012","0","11.08","Humid","30.45","0","49.40","253024.92","SABD0002000012","AAV2.0.0.13","4.0.0.2323","PSt7-10","171027-008","9/15/2022 2:43:31 PM","0000-00","0","no battery","V","","µV","","µV"
"11/15/2022","17:28:37","7","default","171425599","OXY_CH7","8.347","min","185.739","μmol/L","Humid","21.148","deg","89257","µV","28.923","°C","1025.000","hPa","36.0","pmil","0","55.700","deg","20.000","°C","100.000","%a.s.","22.210","deg","20.000","°C","971.000","hPa","0.826","-0.01532","0.000401","-0.00012","0","11.08","Humid","30.45","0","49.40","253030.46","SABD0002000012","AAV2.0.0.13","4.0.0.2323","PSt7-10","171027-008","9/15/2022 2:43:31 PM","0000-00","0","no battery","V","","µV","","µV"
"11/15/2022","17:28:38","7","default","171425599","OXY_CH7","8.364","min","185.725","μmol/L","Humid","21.151","deg","89250","µV","28.916","°C","1025.000","hPa","36.0","pmil","0","55.700","deg","20.000","°C","100.000","%a.s.","22.210","deg","20.000","°C","971.000","hPa","0.826","-0.01532","0.000401","-0.00012","0","11.08","Humid","30.45","0","49.40","253027.41","SABD0002000012","AAV2.0.0.13","4.0.0.2323","PSt7-10","171027-008","9/15/2022 2:43:31 PM","0000-00","0","no battery","V","","µV","","µV"
"11/15/2022","17:28:39","7","default","171425599","OXY_CH7","8.381","min","185.791","μmol/L","Humid","21.147","deg","89248","µV","28.916","°C","1025.000","hPa","36.0","pmil","0","55.700","deg","20.000","°C","100.000","%a.s.","22.210","deg","20.000","°C","971.000","hPa","0.826","-0.01532","0.000401","-0.00012","0","11.08","Humid","30.45","0","49.40","253020.28","SABD0002000012","AAV2.0.0.13","4.0.0.2323","PSt7-10","171027-008","9/15/2022 2:43:31 PM","0000-00","0","no battery","V","","µV","","µV"
"11/15/2022","17:28:40","7","default","171425599","OXY_CH7","8.398","min","185.706","μmol/L","Humid","21.150","deg","89253","µV","28.923","°C","1025.000","hPa","36.0","pmil","0","55.700","deg","20.000","°C","100.000","%a.s.","22.210","deg","20.000","°C","971.000","hPa","0.826","-0.01532","0.000401","-0.00012","0","11.08","Humid","30.45","0","49.40","253023.86","SABD0002000012","AAV2.0.0.13","4.0.0.2323","PSt7-10","171027-008","9/15/2022 2:43:31 PM","0000-00","0","no battery","V","","µV","","µV"
"11/15/2022","17:28:41","7","default","171425599","OXY_CH7","8.414","min","185.758","μmol/L","Humid","21.149","deg","89248","µV","28.916","°C","1025.000","hPa","36.0","pmil","0","55.700","deg","20.000","°C","100.000","%a.s.","22.210","deg","20.000","°C","971.000","hPa","0.826","-0.01532","0.000401","-0.00012","0","11.08","Humid","30.45","0","49.40","253028.52","SABD0002000012","AAV2.0.0.13","4.0.0.2323","PSt7-10","171027-008","9/15/2022 2:43:31 PM","0000-00","0","no battery","V","","µV","","µV"
"11/15/2022","17:28:42","7","default","171425599","OXY_CH7","8.430","min","185.791","μmol/L","Humid","21.147","deg","89247","µV","28.916","°C","1025.000","hPa","36.0","pmil","0","55.700","deg","20.000","°C","100.000","%a.s.","22.210","deg","20.000","°C","971.000","hPa","0.826","-0.01532","0.000401","-0.00012","0","11.08","Humid","30.45","0","49.40","253029.34","SABD0002000012","AAV2.0.0.13","4.0.0.2323","PSt7-10","171027-008","9/15/2022 2:43:31 PM","0000-00","0","no battery","V","","µV","","µV"
"11/15/2022","17:28:43","7","default","171425599","OXY_CH7","8.447","min","185.758","μmol/L","Humid","21.149","deg","89240","µV","28.916","°C","1025.000","hPa","36.0","pmil","0","55.700","deg","20.000","°C","100.000","%a.s.","22.210","deg","20.000","°C","971.000","hPa","0.826","-0.01532","0.000401","-0.00012","0","11.08","Humid","30.45","0","49.40","253018.62","SABD0002000012","AAV2.0.0.13","4.0.0.2323","PSt7-10","171027-008","9/15/2022 2:43:31 PM","0000-00","0","no battery","V","","µV","","µV"
"11/15/2022","17:28:44","7","default","171425599","OXY_CH7","8.463","min","185.777","μmol/L","Humid","21.150","deg","89246","µV","28.910","°C","1025.000","hPa","36.0","pmil","0","55.700","deg","20.000","°C","100.000","%a.s.","22.210","deg","20.000","°C","971.000","hPa","0.826","-0.01532","0.000401","-0.00012","0","11.08","Humid","30.45","0","49.40","253009.98","SABD0002000012","AAV2.0.0.13","4.0.0.2323","PSt7-10","171027-008","9/15/2022 2:43:31 PM","0000-00","0","no battery","V","","µV","","µV"
"11/15/2022","17:28:45","7","default","171425599","OXY_CH7","8.480","min","185.791","μmol/L","Humid","21.147","deg","89246","µV","28.916","°C","1025.000","hPa","36.0","pmil","0","55.700","deg","20.000","°C","100.000","%a.s.","22.210","deg","20.000","°C","971.000","hPa","0.826","-0.01532","0.000401","-0.00012","0","11.08","Humid","30.45","0","49.40","253019.01","SABD0002000012","AAV2.0.0.13","4.0.0.2323","PSt7-10","171027-008","9/15/2022 2:43:31 PM","0000-00","0","no battery","V","","µV","","µV"
"11/15/2022","17:28:46","7","default","171425599","OXY_CH7","8.497","min","185.739","μmol/L","Humid","21.148","deg","89239","µV","28.923","°C","1025.000","hPa","36.0","pmil","0","55.700","deg","20.000","°C","100.000","%a.s.","22.210","deg","20.000","°C","971.000","hPa","0.826","-0.01532","0.000401","-0.00012","0","11.08","Humid","30.45","0","49.40","253006.49","SABD0002000012","AAV2.0.0.13","4.0.0.2323","PSt7-10","171027-008","9/15/2022 2:43:31 PM","0000-00","0","no battery","V","","µV","","µV"
"11/15/2022","17:28:47","7","default","171425599","OXY_CH7","8.514","min","185.824","μmol/L","Humid","21.145","deg","89229","µV","28.916","°C","1025.000","hPa","36.0","pmil","0","55.700","deg","20.000","°C","100.000","%a.s.","22.210","deg","20.000","°C","971.000","hPa","0.826","-0.01532","0.000401","-0.00012","0","11.08","Humid","30.45","0","49.40","252999.29","SABD0002000012","AAV2.0.0.13","4.0.0.2323","PSt7-10","171027-008","9/15/2022 2:43:31 PM","0000-00","0","no battery","V","","µV","","µV"
"11/15/2022","17:28:48","7","default","171425599","OXY_CH7","8.531","min","185.742","μmol/L","Humid","21.150","deg","89224","µV","28.916","°C","1025.000","hPa","36.0","pmil","0","55.700","deg","20.000","°C","100.000","%a.s.","22.210","deg","20.000","°C","971.000","hPa","0.826","-0.01532","0.000401","-0.00012","0","11.08","Humid","30.45","0","49.40","253011.11","SABD0002000012","AAV2.0.0.13","4.0.0.2323","PSt7-10","171027-008","9/15/2022 2:43:31 PM","0000-00","0","no battery","V","","µV","","µV"
"11/15/2022","17:28:49","7","default","171425599","OXY_CH7","8.547","min","185.709","μmol/L","Humid","21.152","deg","89234","µV","28.916","°C","1025.000","hPa","36.0","pmil","0","55.700","deg","20.000","°C","100.000","%a.s.","22.210","deg","20.000","°C","971.000","hPa","0.826","-0.01532","0.000401","-0.00012","0","11.08","Humid","30.45","0","49.40","253013.99","SABD0002000012","AAV2.0.0.13","4.0.0.2323","PSt7-10","171027-008","9/15/2022 2:43:31 PM","0000-00","0","no battery","V","","µV","","µV"
"11/15/2022","17:28:50","7","default","171425599","OXY_CH7","8.564","min","185.824","μmol/L","Humid","21.145","deg","89234","µV","28.916","°C","1025.000","hPa","36.0","pmil","0","55.700","deg","20.000","°C","100.000","%a.s.","22.210","deg","20.000","°C","971.000","hPa","0.826","-0.01532","0.000401","-0.00012","0","11.08","Humid","30.45","0","49.40","253002.56","SABD0002000012","AAV2.0.0.13","4.0.0.2323","PSt7-10","171027-008","9/15/2022 2:43:31 PM","0000-00","0","no battery","V","","µV","","µV"
"11/15/2022","17:28:51","7","default","171425599","OXY_CH7","8.581","min","185.723","μmol/L","Humid","21.149","deg","89219","µV","28.923","°C","1025.000","hPa","36.0","pmil","0","55.700","deg","20.000","°C","100.000","%a.s.","22.210","deg","20.000","°C","971.000","hPa","0.826","-0.01532","0.000401","-0.00012","0","11.08","Humid","30.45","0","49.40","253003.41","SABD0002000012","AAV2.0.0.13","4.0.0.2323","PSt7-10","171027-008","9/15/2022 2:43:31 PM","0000-00","0","no battery","V","","µV","","µV"
"11/15/2022","17:28:52","7","default","171425599","OXY_CH7","8.597","min","185.807","μmol/L","Humid","21.146","deg","89223","µV","28.916","°C","1025.000","hPa","36.0","pmil","0","55.700","deg","20.000","°C","100.000","%a.s.","22.210","deg","20.000","°C","971.000","hPa","0.826","-0.01532","0.000401","-0.00012","0","11.08","Humid","30.45","0","49.40","253012.22","SABD0002000012","AAV2.0.0.13","4.0.0.2323","PSt7-10","171027-008","9/15/2022 2:43:31 PM","0000-00","0","no battery","V","","µV","","µV"
"11/15/2022","17:28:53","7","default","171425599","OXY_CH7","8.614","min","185.824","μmol/L","Humid","21.145","deg","89219","µV","28.916","°C","1025.000","hPa","36.0","pmil","0","55.700","deg","20.000","°C","100.000","%a.s.","22.210","deg","20.000","°C","971.000","hPa","0.826","-0.01532","0.000401","-0.00012","0","11.08","Humid","30.45","0","49.40","253004.91","SABD0002000012","AAV2.0.0.13","4.0.0.2323","PSt7-10","171027-008","9/15/2022 2:43:31 PM","0000-00","0","no battery","V","","µV","","µV"
"11/15/2022","17:28:54","7","default","171425599","OXY_CH7","8.631","min","185.756","μmol/L","Humid","21.147","deg","89214","µV","28.923","°C","1025.000","hPa","36.0","pmil","0","55.700","deg","20.000","°C","100.000","%a.s.","22.210","deg","20.000","°C","971.000","hPa","0.826","-0.01532","0.000401","-0.00012","0","11.08","Humid","30.45","0","49.40","253011.06","SABD0002000012","AAV2.0.0.13","4.0.0.2323","PSt7-10","171027-008","9/15/2022 2:43:31 PM","0000-00","0","no battery","V","","µV","","µV"
"11/15/2022","17:28:55","7","default","171425599","OXY_CH7","8.647","min","185.791","μmol/L","Humid","21.147","deg","89217","µV","28.916","°C","1025.000","hPa","36.0","pmil","0","55.700","deg","20.000","°C","100.000","%a.s.","22.210","deg","20.000","°C","971.000","hPa","0.826","-0.01532","0.000401","-0.00012","0","11.08","Humid","30.45","0","49.40","253008.28","SABD0002000012","AAV2.0.0.13","4.0.0.2323","PSt7-10","171027-008","9/15/2022 2:43:31 PM","0000-00","0","no battery","V","","µV","","µV"
"11/15/2022","17:28:56","7","default","171425599","OXY_CH7","8.663","min","185.824","μmol/L","Humid","21.145","deg","89220","µV","28.916","°C","1025.000","hPa","36.0","pmil","0","55.700","deg","20.000","°C","100.000","%a.s.","22.210","deg","20.000","°C","971.000","hPa","0.826","-0.01532","0.000401","-0.00012","0","11.08","Humid","30.45","0","49.40","253003.87","SABD0002000012","AAV2.0.0.13","4.0.0.2323","PSt7-10","171027-008","9/15/2022 2:43:31 PM","0000-00","0","no battery","V","","µV","","µV"
"11/15/2022","17:28:57","7","default","171425599","OXY_CH7","8.680","min","185.775","μmol/L","Humid","21.148","deg","89209","µV","28.916","°C","1025.000","hPa","36.0","pmil","0","55.700","deg","20.000","°C","100.000","%a.s.","22.210","deg","20.000","°C","971.000","hPa","0.826","-0.01532","0.000401","-0.00012","0","11.08","Humid","30.45","0","49.40","253001.43","SABD0002000012","AAV2.0.0.13","4.0.0.2323","PSt7-10","171027-008","9/15/2022 2:43:31 PM","0000-00","0","no battery","V","","µV","","µV"
"11/15/2022","17:28:58","7","default","171425599","OXY_CH7","8.697","min","185.861","μmol/L","Humid","21.147","deg","89215","µV","28.904","°C","1025.000","hPa","36.0","pmil","0","55.700","deg","20.000","°C","100.000","%a.s.","22.210","deg","20.000","°C","971.000","hPa","0.826","-0.01532","0.000401","-0.00012","0","11.08","Humid","30.45","0","49.40","253000.73","SABD0002000012","AAV2.0.0.13","4.0.0.2323","PSt7-10","171027-008","9/15/2022 2:43:31 PM","0000-00","0","no battery","V","","µV","","µV"
"11/15/2022","17:28:59","7","default","171425599","OXY_CH7","8.714","min","185.824","μmol/L","Humid","21.145","deg","89202","µV","28.916","°C","1025.000","hPa","36.0","pmil","0","55.700","deg","20.000","°C","100.000","%a.s.","22.210","deg","20.000","°C","971.000","hPa","0.826","-0.01532","0.000401","-0.00012","0","11.08","Humid","30.45","0","49.40","252990.47","SABD0002000012","AAV2.0.0.13","4.0.0.2323","PSt7-10","171027-008","9/15/2022 2:43:31 PM","0000-00","0","no battery","V","","µV","","µV"
"11/15/2022","17:29:00","7","default","171425599","OXY_CH7","8.731","min","185.807","μmol/L","Humid","21.146","deg","89203","µV","28.916","°C","1025.000","hPa","36.0","pmil","0","55.700","deg","20.000","°C","100.000","%a.s.","22.210","deg","20.000","°C","971.000","hPa","0.826","-0.01532","0.000401","-0.00012","0","11.08","Humid","30.45","0","49.40","252992.94","SABD0002000012","AAV2.0.0.13","4.0.0.2323","PSt7-10","171027-008","9/15/2022 2:43:31 PM","0000-00","0","no battery","V","","µV","","µV"
"11/15/2022","17:29:01","7","default","171425599","OXY_CH7","8.747","min","185.892","μmol/L","Humid","21.143","deg","89193","µV","28.910","°C","1025.000","hPa","36.0","pmil","0","55.700","deg","20.000","°C","100.000","%a.s.","22.210","deg","20.000","°C","971.000","hPa","0.826","-0.01532","0.000401","-0.00012","0","11.08","Humid","30.45","0","49.40","252995.95","SABD0002000012","AAV2.0.0.13","4.0.0.2323","PSt7-10","171027-008","9/15/2022 2:43:31 PM","0000-00","0","no battery","V","","µV","","µV"
"11/15/2022","17:29:02","7","default","171425599","OXY_CH7","8.764","min","185.857","μmol/L","Humid","21.143","deg","89188","µV","28.916","°C","1025.000","hPa","36.0","pmil","0","55.700","deg","20.000","°C","100.000","%a.s.","22.210","deg","20.000","°C","971.000","hPa","0.826","-0.01532","0.000401","-0.00012","0","11.08","Humid","30.45","0","49.40","252992.94","SABD0002000012","AAV2.0.0.13","4.0.0.2323","PSt7-10","171027-008","9/15/2022 2:43:31 PM","0000-00","0","no battery","V","","µV","","µV"
"11/15/2022","17:29:03","7","default","171425599","OXY_CH7","8.781","min","185.859","μmol/L","Humid","21.145","deg","89188","µV","28.910","°C","1025.000","hPa","36.0","pmil","0","55.700","deg","20.000","°C","100.000","%a.s.","22.210","deg","20.000","°C","971.000","hPa","0.826","-0.01532","0.000401","-0.00012","0","11.08","Humid","30.45","0","49.40","252986.28","SABD0002000012","AAV2.0.0.13","4.0.0.2323","PSt7-10","171027-008","9/15/2022 2:43:31 PM","0000-00","0","no battery","V","","µV","","µV"
"11/15/2022","17:29:04","7","default","171425599","OXY_CH7","8.797","min","185.873","μmol/L","Humid","21.142","deg","89189","µV","28.916","°C","1025.000","hPa","36.0","pmil","0","55.700","deg","20.000","°C","100.000","%a.s.","22.210","deg","20.000","°C","971.000","hPa","0.826","-0.01532","0.000401","-0.00012","0","11.08","Humid","30.45","0","49.40","252993.90","SABD0002000012","AAV2.0.0.13","4.0.0.2323","PSt7-10","171027-008","9/15/2022 2:43:31 PM","0000-00","0","no battery","V","","µV","","µV"
"11/15/2022","17:29:05","7","default","171425599","OXY_CH7","8.814","min","185.840","μmol/L","Humid","21.144","deg","89187","µV","28.916","°C","1025.000","hPa","36.0","pmil","0","55.700","deg","20.000","°C","100.000","%a.s.","22.210","deg","20.000","°C","971.000","hPa","0.826","-0.01532","0.000401","-0.00012","0","11.08","Humid","30.45","0","49.40","252987.43","SABD0002000012","AAV2.0.0.13","4.0.0.2323","PSt7-10","171027-008","9/15/2022 2:43:31 PM","0000-00","0","no battery","V","","µV","","µV"
"11/15/2022","17:29:06","7","default","171425599","OXY_CH7","8.830","min","185.742","μmol/L","Humid","21.150","deg","89182","µV","28.916","°C","1025.000","hPa","36.0","pmil","0","55.700","deg","20.000","°C","100.000","%a.s.","22.210","deg","20.000","°C","971.000","hPa","0.826","-0.01532","0.000401","-0.00012","0","11.08","Humid","30.45","0","49.40","252975.90","SABD0002000012","AAV2.0.0.13","4.0.0.2323","PSt7-10","171027-008","9/15/2022 2:43:31 PM","0000-00","0","no battery","V","","µV","","µV"
"11/15/2022","17:29:07","7","default","171425599","OXY_CH7","8.847","min","185.810","μmol/L","Humid","21.148","deg","89177","µV","28.910","°C","1025.000","hPa","36.0","pmil","0","55.700","deg","20.000","°C","100.000","%a.s.","22.210","deg","20.000","°C","971.000","hPa","0.826","-0.01532","0.000401","-0.00012","0","11.08","Humid","30.45","0","49.40","252988.84","SABD0002000012","AAV2.0.0.13","4.0.0.2323","PSt7-10","171027-008","9/15/2022 2:43:31 PM","0000-00","0","no battery","V","","µV","","µV"
"11/15/2022","17:29:08","7","default","171425599","OXY_CH7","8.864","min","185.911","μmol/L","Humid","21.144","deg","89180","µV","28.904","°C","1025.000","hPa","36.0","pmil","0","55.700","deg","20.000","°C","100.000","%a.s.","22.210","deg","20.000","°C","971.000","hPa","0.826","-0.01532","0.000401","-0.00012","0","11.08","Humid","30.45","0","49.40","252976.04","SABD0002000012","AAV2.0.0.13","4.0.0.2323","PSt7-10","171027-008","9/15/2022 2:43:31 PM","0000-00","0","no battery","V","","µV","","µV"
"11/15/2022","17:29:09","7","default","171425599","OXY_CH7","8.880","min","185.939","μmol/L","Humid","21.138","deg","89180","µV","28.916","°C","1025.000","hPa","36.0","pmil","0","55.700","deg","20.000","°C","100.000","%a.s.","22.210","deg","20.000","°C","971.000","hPa","0.826","-0.01532","0.000401","-0.00012","0","11.08","Humid","30.45","0","49.40","252974.79","SABD0002000012","AAV2.0.0.13","4.0.0.2323","PSt7-10","171027-008","9/15/2022 2:43:31 PM","0000-00","0","no battery","V","","µV","","µV"
"11/15/2022","17:29:10","7","default","171425599","OXY_CH7","8.897","min","185.873","μmol/L","Humid","21.142","deg","89174","µV","28.916","°C","1025.000","hPa","36.0","pmil","0","55.700","deg","20.000","°C","100.000","%a.s.","22.210","deg","20.000","°C","971.000","hPa","0.826","-0.01532","0.000401","-0.00012","0","11.08","Humid","30.45","0","49.40","252979.44","SABD0002000012","AAV2.0.0.13","4.0.0.2323","PSt7-10","171027-008","9/15/2022 2:43:31 PM","0000-00","0","no battery","V","","µV","","µV"
"11/15/2022","17:29:11","7","default","171425599","OXY_CH7","8.914","min","185.909","μmol/L","Humid","21.142","deg","89178","µV","28.910","°C","1025.000","hPa","36.0","pmil","0","55.700","deg","20.000","°C","100.000","%a.s.","22.210","deg","20.000","°C","971.000","hPa","0.826","-0.01532","0.000401","-0.00012","0","11.08","Humid","30.45","0","49.40","252977.17","SABD0002000012","AAV2.0.0.13","4.0.0.2323","PSt7-10","171027-008","9/15/2022 2:43:31 PM","0000-00","0","no battery","V","","µV","","µV"
"11/15/2022","17:29:12","7","default","171425599","OXY_CH7","8.931","min","185.876","μmol/L","Humid","21.144","deg","89172","µV","28.910","°C","1025.000","hPa","36.0","pmil","0","55.700","deg","20.000","°C","100.000","%a.s.","22.210","deg","20.000","°C","971.000","hPa","0.826","-0.01532","0.000401","-0.00012","0","11.08","Humid","30.45","0","49.40","252974.08","SABD0002000012","AAV2.0.0.13","4.0.0.2323","PSt7-10","171027-008","9/15/2022 2:43:31 PM","0000-00","0","no battery","V","","µV","","µV"
"11/15/2022","17:29:13","7","default","171425599","OXY_CH7","8.948","min","185.855","μmol/L","Humid","21.141","deg","89170","µV","28.923","°C","1025.000","hPa","36.0","pmil","0","55.700","deg","20.000","°C","100.000","%a.s.","22.210","deg","20.000","°C","971.000","hPa","0.826","-0.01532","0.000401","-0.00012","0","11.08","Humid","30.45","0","49.40","252973.49","SABD0002000012","AAV2.0.0.13","4.0.0.2323","PSt7-10","171027-008","9/15/2022 2:43:31 PM","0000-00","0","no battery","V","","µV","","µV"
"11/15/2022","17:29:14","7","default","171425599","OXY_CH7","8.964","min","185.939","μmol/L","Humid","21.138","deg","89163","µV","28.916","°C","1025.000","hPa","36.0","pmil","0","55.700","deg","20.000","°C","100.000","%a.s.","22.210","deg","20.000","°C","971.000","hPa","0.826","-0.01532","0.000401","-0.00012","0","11.08","Humid","30.45","0","49.40","252967.82","SABD0002000012","AAV2.0.0.13","4.0.0.2323","PSt7-10","171027-008","9/15/2022 2:43:31 PM","0000-00","0","no battery","V","","µV","","µV"
"11/15/2022","17:29:15","7","default","171425599","OXY_CH7","8.980","min","185.876","μmol/L","Humid","21.144","deg","89165","µV","28.910","°C","1025.000","hPa","36.0","pmil","0","55.700","deg","20.000","°C","100.000","%a.s.","22.210","deg","20.000","°C","971.000","hPa","0.826","-0.01532","0.000401","-0.00012","0","11.08","Humid","30.45","0","49.40","252965.44","SABD0002000012","AAV2.0.0.13","4.0.0.2323","PSt7-10","171027-008","9/15/2022 2:43:31 PM","0000-00","0","no battery","V","","µV","","µV"
"11/15/2022","17:29:16","7","default","171425599","OXY_CH7","8.997","min","185.892","μmol/L","Humid","21.143","deg","89158","µV","28.910","°C","1025.000","hPa","36.0","pmil","0","55.700","deg","20.000","°C","100.000","%a.s.","22.210","deg","20.000","°C","971.000","hPa","0.826","-0.01532","0.000401","-0.00012","0","11.08","Humid","30.45","0","49.40","252978.97","SABD0002000012","AAV2.0.0.13","4.0.0.2323","PSt7-10","171027-008","9/15/2022 2:43:31 PM","0000-00","0","no battery","V","","µV","","µV"
"11/15/2022","17:29:17","7","default","171425599","OXY_CH7","9.013","min","185.824","μmol/L","Humid","21.145","deg","89155","µV","28.916","°C","1025.000","hPa","36.0","pmil","0","55.700","deg","20.000","°C","100.000","%a.s.","22.210","deg","20.000","°C","971.000","hPa","0.826","-0.01532","0.000401","-0.00012","0","11.08","Humid","30.45","0","49.40","252961.44","SABD0002000012","AAV2.0.0.13","4.0.0.2323","PSt7-10","171027-008","9/15/2022 2:43:31 PM","0000-00","0","no battery","V","","µV","","µV"
"11/15/2022","17:29:18","7","default","171425599","OXY_CH7","9.030","min","185.840","μmol/L","Humid","21.144","deg","89150","µV","28.916","°C","1025.000","hPa","36.0","pmil","0","55.700","deg","20.000","°C","100.000","%a.s.","22.210","deg","20.000","°C","971.000","hPa","0.826","-0.01532","0.000401","-0.00012","0","11.08","Humid","30.45","0","49.40","252974.30","SABD0002000012","AAV2.0.0.13","4.0.0.2323","PSt7-10","171027-008","9/15/2022 2:43:31 PM","0000-00","0","no battery","V","","µV","","µV"
"11/15/2022","17:29:19","7","default","171425599","OXY_CH7","9.047","min","185.927","μmol/L","Humid","21.143","deg","89150","µV","28.904","°C","1025.000","hPa","36.0","pmil","0","55.700","deg","20.000","°C","100.000","%a.s.","22.210","deg","20.000","°C","971.000","hPa","0.826","-0.01532","0.000401","-0.00012","0","11.08","Humid","30.45","0","49.40","252975.11","SABD0002000012","AAV2.0.0.13","4.0.0.2323","PSt7-10","171027-008","9/15/2022 2:43:31 PM","0000-00","0","no battery","V","","µV","","µV"
"11/15/2022","17:29:20","7","default","171425599","OXY_CH7","9.064","min","185.975","μmol/L","Humid","21.138","deg","89149","µV","28.910","°C","1025.000","hPa","36.0","pmil","0","55.700","deg","20.000","°C","100.000","%a.s.","22.210","deg","20.000","°C","971.000","hPa","0.826","-0.01532","0.000401","-0.00012","0","11.08","Humid","30.45","0","49.40","252956.06","SABD0002000012","AAV2.0.0.13","4.0.0.2323","PSt7-10","171027-008","9/15/2022 2:43:31 PM","0000-00","0","no battery","V","","µV","","µV"
"11/15/2022","17:29:21","7","default","171425599","OXY_CH7","9.080","min","185.890","μmol/L","Humid","21.141","deg","89152","µV","28.916","°C","1025.000","hPa","36.0","pmil","0","55.700","deg","20.000","°C","100.000","%a.s.","22.210","deg","20.000","°C","971.000","hPa","0.826","-0.01532","0.000401","-0.00012","0","11.08","Humid","30.45","0","49.40","252963.97","SABD0002000012","AAV2.0.0.13","4.0.0.2323","PSt7-10","171027-008","9/15/2022 2:43:31 PM","0000-00","0","no battery","V","","µV","","µV"
"11/15/2022","17:29:22","7","default","171425599","OXY_CH7","9.097","min","185.906","μmol/L","Humid","21.140","deg","89147","µV","28.916","°C","1025.000","hPa","36.0","pmil","0","55.700","deg","20.000","°C","100.000","%a.s.","22.210","deg","20.000","°C","971.000","hPa","0.826","-0.01532","0.000401","-0.00012","0","11.08","Humid","30.45","0","49.40","252960.79","SABD0002000012","AAV2.0.0.13","4.0.0.2323","PSt7-10","171027-008","9/15/2022 2:43:31 PM","0000-00","0","no battery","V","","µV","","µV"
"11/15/2022","17:29:23","7","default","171425599","OXY_CH7","9.114","min","185.939","μmol/L","Humid","21.138","deg","89142","µV","28.916","°C","1025.000","hPa","36.0","pmil","0","55.700","deg","20.000","°C","100.000","%a.s.","22.210","deg","20.000","°C","971.000","hPa","0.826","-0.01532","0.000401","-0.00012","0","11.08","Humid","30.45","0","49.40","252965.20","SABD0002000012","AAV2.0.0.13","4.0.0.2323","PSt7-10","171027-008","9/15/2022 2:43:31 PM","0000-00","0","no battery","V","","µV","","µV"
"11/15/2022","17:29:24","7","default","171425599","OXY_CH7","9.131","min","185.909","μmol/L","Humid","21.142","deg","89139","µV","28.910","°C","1025.000","hPa","36.0","pmil","0","55.700","deg","20.000","°C","100.000","%a.s.","22.210","deg","20.000","°C","971.000","hPa","0.826","-0.01532","0.000401","-0.00012","0","11.08","Humid","30.45","0","49.40","252966.80","SABD0002000012","AAV2.0.0.13","4.0.0.2323","PSt7-10","171027-008","9/15/2022 2:43:31 PM","0000-00","0","no battery","V","","µV","","µV"
"11/15/2022","17:29:25","7","default","171425599","OXY_CH7","9.147","min","185.890","μmol/L","Humid","21.141","deg","89135","µV","28.916","°C","1025.000","hPa","36.0","pmil","0","55.700","deg","20.000","°C","100.000","%a.s.","22.210","deg","20.000","°C","971.000","hPa","0.826","-0.01532","0.000401","-0.00012","0","11.08","Humid","30.45","0","49.40","252941.96","SABD0002000012","AAV2.0.0.13","4.0.0.2323","PSt7-10","171027-008","9/15/2022 2:43:31 PM","0000-00","0","no battery","V","","µV","","µV"
"11/15/2022","17:29:26","7","default","171425599","OXY_CH7","9.164","min","185.923","μmol/L","Humid","21.139","deg","89130","µV","28.916","°C","1025.000","hPa","36.0","pmil","0","55.700","deg","20.000","°C","100.000","%a.s.","22.210","deg","20.000","°C","971.000","hPa","0.826","-0.01532","0.000401","-0.00012","0","11.08","Humid","30.45","0","49.40","252946.98","SABD0002000012","AAV2.0.0.13","4.0.0.2323","PSt7-10","171027-008","9/15/2022 2:43:31 PM","0000-00","0","no battery","V","","µV","","µV"
"11/15/2022","17:29:27","7","default","171425599","OXY_CH7","9.180","min","185.890","μmol/L","Humid","21.141","deg","89133","µV","28.916","°C","1025.000","hPa","36.0","pmil","0","55.700","deg","20.000","°C","100.000","%a.s.","22.210","deg","20.000","°C","971.000","hPa","0.826","-0.01532","0.000401","-0.00012","0","11.08","Humid","30.45","0","49.40","252950.00","SABD0002000012","AAV2.0.0.13","4.0.0.2323","PSt7-10","171027-008","9/15/2022 2:43:31 PM","0000-00","0","no battery","V","","µV","","µV"
"11/15/2022","17:29:28","7","default","171425599","OXY_CH7","9.197","min","185.958","μmol/L","Humid","21.139","deg","89133","µV","28.910","°C","1025.000","hPa","36.0","pmil","0","55.700","deg","20.000","°C","100.000","%a.s.","22.210","deg","20.000","°C","971.000","hPa","0.826","-0.01532","0.000401","-0.00012","0","11.08","Humid","30.45","0","49.40","252946.90","SABD0002000012","AAV2.0.0.13","4.0.0.2323","PSt7-10","171027-008","9/15/2022 2:43:31 PM","0000-00","0","no battery","V","","µV","","µV"
"11/15/2022","17:29:29","7","default","171425599","OXY_CH7","9.214","min","185.923","μmol/L","Humid","21.139","deg","89121","µV","28.916","°C","1025.000","hPa","36.0","pmil","0","55.700","deg","20.000","°C","100.000","%a.s.","22.210","deg","20.000","°C","971.000","hPa","0.826","-0.01532","0.000401","-0.00012","0","11.08","Humid","30.45","0","49.40","252943.99","SABD0002000012","AAV2.0.0.13","4.0.0.2323","PSt7-10","171027-008","9/15/2022 2:43:31 PM","0000-00","0","no battery","V","","µV","","µV"
"11/15/2022","17:29:30","7","default","171425599","OXY_CH7","9.230","min","185.958","μmol/L","Humid","21.139","deg","89125","µV","28.910","°C","1025.000","hPa","36.0","pmil","0","55.700","deg","20.000","°C","100.000","%a.s.","22.210","deg","20.000","°C","971.000","hPa","0.826","-0.01532","0.000401","-0.00012","0","11.08","Humid","30.45","0","49.40","252939.32","SABD0002000012","AAV2.0.0.13","4.0.0.2323","PSt7-10","171027-008","9/15/2022 2:43:31 PM","0000-00","0","no battery","V","","µV","","µV"
"11/15/2022","17:29:31","7","default","171425599","OXY_CH7","9.247","min","185.956","μmol/L","Humid","21.137","deg","89128","µV","28.916","°C","1025.000","hPa","36.0","pmil","0","55.700","deg","20.000","°C","100.000","%a.s.","22.210","deg","20.000","°C","971.000","hPa","0.826","-0.01532","0.000401","-0.00012","0","11.08","Humid","30.45","0","49.40","252943.79","SABD0002000012","AAV2.0.0.13","4.0.0.2323","PSt7-10","171027-008","9/15/2022 2:43:31 PM","0000-00","0","no battery","V","","µV","","µV"
"11/15/2022","17:29:32","7","default","171425599","OXY_CH7","9.264","min","185.958","μmol/L","Humid","21.139","deg","89128","µV","28.910","°C","1025.000","hPa","36.0","pmil","0","55.700","deg","20.000","°C","100.000","%a.s.","22.210","deg","20.000","°C","971.000","hPa","0.826","-0.01532","0.000401","-0.00012","0","11.08","Humid","30.45","0","49.40","252945.75","SABD0002000012","AAV2.0.0.13","4.0.0.2323","PSt7-10","171027-008","9/15/2022 2:43:31 PM","0000-00","0","no battery","V","","µV","","µV"
"11/15/2022","17:29:33","7","default","171425599","OXY_CH7","9.280","min","185.906","μmol/L","Humid","21.140","deg","89122","µV","28.916","°C","1025.000","hPa","36.0","pmil","0","55.700","deg","20.000","°C","100.000","%a.s.","22.210","deg","20.000","°C","971.000","hPa","0.826","-0.01532","0.000401","-0.00012","0","11.08","Humid","30.45","0","49.40","252942.28","SABD0002000012","AAV2.0.0.13","4.0.0.2323","PSt7-10","171027-008","9/15/2022 2:43:31 PM","0000-00","0","no battery","V","","µV","","µV"
"11/15/2022","17:29:34","7","default","171425599","OXY_CH7","9.297","min","185.906","μmol/L","Humid","21.140","deg","89120","µV","28.916","°C","1025.000","hPa","36.0","pmil","0","55.700","deg","20.000","°C","100.000","%a.s.","22.210","deg","20.000","°C","971.000","hPa","0.826","-0.01532","0.000401","-0.00012","0","11.08","Humid","30.45","0","49.40","252947.95","SABD0002000012","AAV2.0.0.13","4.0.0.2323","PSt7-10","171027-008","9/15/2022 2:43:31 PM","0000-00","0","no battery","V","","µV","","µV"
"11/15/2022","17:29:35","7","default","171425599","OXY_CH7","9.314","min","185.890","μmol/L","Humid","21.141","deg","89110","µV","28.916","°C","1025.000","hPa","36.0","pmil","0","55.700","deg","20.000","°C","100.000","%a.s.","22.210","deg","20.000","°C","971.000","hPa","0.826","-0.01532","0.000401","-0.00012","0","11.08","Humid","30.45","0","49.40","252942.54","SABD0002000012","AAV2.0.0.13","4.0.0.2323","PSt7-10","171027-008","9/15/2022 2:43:31 PM","0000-00","0","no battery","V","","µV","","µV"
"11/15/2022","17:29:36","7","default","171425599","OXY_CH7","9.331","min","185.989","μmol/L","Humid","21.135","deg","89111","µV","28.916","°C","1025.000","hPa","36.0","pmil","0","55.700","deg","20.000","°C","100.000","%a.s.","22.210","deg","20.000","°C","971.000","hPa","0.826","-0.01532","0.000401","-0.00012","0","11.08","Humid","30.45","0","49.40","252935.21","SABD0002000012","AAV2.0.0.13","4.0.0.2323","PSt7-10","171027-008","9/15/2022 2:43:31 PM","0000-00","0","no battery","V","","µV","","µV"
"11/15/2022","17:29:37","7","default","171425599","OXY_CH7","9.347","min","185.991","μmol/L","Humid","21.137","deg","89109","µV","28.910","°C","1025.000","hPa","36.0","pmil","0","55.700","deg","20.000","°C","100.000","%a.s.","22.210","deg","20.000","°C","971.000","hPa","0.826","-0.01532","0.000401","-0.00012","0","11.08","Humid","30.45","0","49.40","252931.26","SABD0002000012","AAV2.0.0.13","4.0.0.2323","PSt7-10","171027-008","9/15/2022 2:43:31 PM","0000-00","0","no battery","V","","µV","","µV"
"11/15/2022","17:29:38","7","default","171425599","OXY_CH7","9.364","min","185.975","μmol/L","Humid","21.138","deg","89102","µV","28.910","°C","1025.000","hPa","36.0","pmil","0","55.700","deg","20.000","°C","100.000","%a.s.","22.210","deg","20.000","°C","971.000","hPa","0.826","-0.01532","0.000401","-0.00012","0","11.08","Humid","30.45","0","49.40","252940.70","SABD0002000012","AAV2.0.0.13","4.0.0.2323","PSt7-10","171027-008","9/15/2022 2:43:31 PM","0000-00","0","no battery","V","","µV","","µV"
"11/15/2022","17:29:39","7","default","171425599","OXY_CH7","9.380","min","185.972","μmol/L","Humid","21.136","deg","89107","µV","28.916","°C","1025.000","hPa","36.0","pmil","0","55.700","deg","20.000","°C","100.000","%a.s.","22.210","deg","20.000","°C","971.000","hPa","0.826","-0.01532","0.000401","-0.00012","0","11.08","Humid","30.45","0","49.40","252936.12","SABD0002000012","AAV2.0.0.13","4.0.0.2323","PSt7-10","171027-008","9/15/2022 2:43:31 PM","0000-00","0","no battery","V","","µV","","µV"
"11/15/2022","17:29:40","7","default","171425599","OXY_CH7","9.397","min","186.022","μmol/L","Humid","21.133","deg","89095","µV","28.916","°C","1025.000","hPa","36.0","pmil","0","55.700","deg","20.000","°C","100.000","%a.s.","22.210","deg","20.000","°C","971.000","hPa","0.826","-0.01532","0.000401","-0.00012","0","11.08","Humid","30.45","0","49.40","252922.53","SABD0002000012","AAV2.0.0.13","4.0.0.2323","PSt7-10","171027-008","9/15/2022 2:43:31 PM","0000-00","0","no battery","V","","µV","","µV"
"11/15/2022","17:29:41","7","default","171425599","OXY_CH7","9.414","min","185.890","μmol/L","Humid","21.141","deg","89098","µV","28.916","°C","1025.000","hPa","36.0","pmil","0","55.700","deg","20.000","°C","100.000","%a.s.","22.210","deg","20.000","°C","971.000","hPa","0.826","-0.01532","0.000401","-0.00012","0","11.08","Humid","30.45","0","49.40","252923.23","SABD0002000012","AAV2.0.0.13","4.0.0.2323","PSt7-10","171027-008","9/15/2022 2:43:31 PM","0000-00","0","no battery","V","","µV","","µV"
"11/15/2022","17:29:42","7","default","171425599","OXY_CH7","9.430","min","185.972","μmol/L","Humid","21.136","deg","89092","µV","28.916","°C","1025.000","hPa","36.0","pmil","0","55.700","deg","20.000","°C","100.000","%a.s.","22.210","deg","20.000","°C","971.000","hPa","0.826","-0.01532","0.000401","-0.00012","0","11.08","Humid","30.45","0","49.40","252917.02","SABD0002000012","AAV2.0.0.13","4.0.0.2323","PSt7-10","171027-008","9/15/2022 2:43:31 PM","0000-00","0","no battery","V","","µV","","µV"
"11/15/2022","17:29:43","7","default","171425599","OXY_CH7","9.447","min","185.923","μmol/L","Humid","21.139","deg","89087","µV","28.916","°C","1025.000","hPa","36.0","pmil","0","55.700","deg","20.000","°C","100.000","%a.s.","22.210","deg","20.000","°C","971.000","hPa","0.826","-0.01532","0.000401","-0.00012","0","11.08","Humid","30.45","0","49.40","252916.22","SABD0002000012","AAV2.0.0.13","4.0.0.2323","PSt7-10","171027-008","9/15/2022 2:43:31 PM","0000-00","0","no battery","V","","µV","","µV"
"11/15/2022","17:29:44","7","default","171425599","OXY_CH7","9.464","min","186.043","μmol/L","Humid","21.136","deg","89088","µV","28.904","°C","1025.000","hPa","36.0","pmil","0","55.700","deg","20.000","°C","100.000","%a.s.","22.210","deg","20.000","°C","971.000","hPa","0.826","-0.01532","0.000401","-0.00012","0","11.08","Humid","30.45","0","49.40","252935.32","SABD0002000012","AAV2.0.0.13","4.0.0.2323","PSt7-10","171027-008","9/15/2022 2:43:31 PM","0000-00","0","no battery","V","","µV","","µV"
"11/15/2022","17:29:45","7","default","171425599","OXY_CH7","9.481","min","186.041","μmol/L","Humid","21.134","deg","89082","µV","28.910","°C","1025.000","hPa","36.0","pmil","0","55.700","deg","20.000","°C","100.000","%a.s.","22.210","deg","20.000","°C","971.000","hPa","0.826","-0.01532","0.000401","-0.00012","0","11.08","Humid","30.45","0","49.40","252922.80","SABD0002000012","AAV2.0.0.13","4.0.0.2323","PSt7-10","171027-008","9/15/2022 2:43:31 PM","0000-00","0","no battery","V","","µV","","µV"
"11/15/2022","17:29:46","7","default","171425599","OXY_CH7","9.497","min","186.005","μmol/L","Humid","21.134","deg","89089","µV","28.916","°C","1025.000","hPa","36.0","pmil","0","55.700","deg","20.000","°C","100.000","%a.s.","22.210","deg","20.000","°C","971.000","hPa","0.826","-0.01532","0.000401","-0.00012","0","11.08","Humid","30.45","0","49.40","252923.94","SABD0002000012","AAV2.0.0.13","4.0.0.2323","PSt7-10","171027-008","9/15/2022 2:43:31 PM","0000-00","0","no battery","V","","µV","","µV"
"11/15/2022","17:29:47","7","default","171425599","OXY_CH7","9.514","min","186.005","μmol/L","Humid","21.134","deg","89085","µV","28.916","°C","1025.000","hPa","36.0","pmil","0","55.700","deg","20.000","°C","100.000","%a.s.","22.210","deg","20.000","°C","971.000","hPa","0.826","-0.01532","0.000401","-0.00012","0","11.08","Humid","30.45","0","49.40","252922.00","SABD0002000012","AAV2.0.0.13","4.0.0.2323","PSt7-10","171027-008","9/15/2022 2:43:31 PM","0000-00","0","no battery","V","","µV","","µV"
"11/15/2022","17:29:48","7","default","171425599","OXY_CH7","9.531","min","185.972","μmol/L","Humid","21.136","deg","89078","µV","28.916","°C","1025.000","hPa","36.0","pmil","0","55.700","deg","20.000","°C","100.000","%a.s.","22.210","deg","20.000","°C","971.000","hPa","0.826","-0.01532","0.000401","-0.00012","0","11.08","Humid","30.45","0","49.40","252917.82","SABD0002000012","AAV2.0.0.13","4.0.0.2323","PSt7-10","171027-008","9/15/2022 2:43:31 PM","0000-00","0","no battery","V","","µV","","µV"
"11/15/2022","17:29:49","7","default","171425599","OXY_CH7","9.547","min","186.024","μmol/L","Humid","21.135","deg","89082","µV","28.910","°C","1025.000","hPa","36.0","pmil","0","55.700","deg","20.000","°C","100.000","%a.s.","22.210","deg","20.000","°C","971.000","hPa","0.826","-0.01532","0.000401","-0.00012","0","11.08","Humid","30.45","0","49.40","252920.79","SABD0002000012","AAV2.0.0.13","4.0.0.2323","PSt7-10","171027-008","9/15/2022 2:43:31 PM","0000-00","0","no battery","V","","µV","","µV"
"11/15/2022","17:29:50","7","default","171425599","OXY_CH7","9.564","min","186.022","μmol/L","Humid","21.133","deg","89075","µV","28.916","°C","1025.000","hPa","36.0","pmil","0","55.700","deg","20.000","°C","100.000","%a.s.","22.210","deg","20.000","°C","971.000","hPa","0.826","-0.01532","0.000401","-0.00012","0","11.08","Humid","30.45","0","49.40","252915.93","SABD0002000012","AAV2.0.0.13","4.0.0.2323","PSt7-10","171027-008","9/15/2022 2:43:31 PM","0000-00","0","no battery","V","","µV","","µV"
"11/15/2022","17:29:51","7","default","171425599","OXY_CH7","9.581","min","185.972","μmol/L","Humid","21.136","deg","89079","µV","28.916","°C","1025.000","hPa","36.0","pmil","0","55.700","deg","20.000","°C","100.000","%a.s.","22.210","deg","20.000","°C","971.000","hPa","0.826","-0.01532","0.000401","-0.00012","0","11.08","Humid","30.45","0","49.40","252913.78","SABD0002000012","AAV2.0.0.13","4.0.0.2323","PSt7-10","171027-008","9/15/2022 2:43:31 PM","0000-00","0","no battery","V","","µV","","µV"
"11/15/2022","17:29:52","7","default","171425599","OXY_CH7","9.597","min","186.059","μmol/L","Humid","21.135","deg","89073","µV","28.904","°C","1025.000","hPa","36.0","pmil","0","55.700","deg","20.000","°C","100.000","%a.s.","22.210","deg","20.000","°C","971.000","hPa","0.826","-0.01532","0.000401","-0.00012","0","11.08","Humid","30.45","0","49.40","252919.94","SABD0002000012","AAV2.0.0.13","4.0.0.2323","PSt7-10","171027-008","9/15/2022 2:43:31 PM","0000-00","0","no battery","V","","µV","","µV"
"11/15/2022","17:29:53","7","default","171425599","OXY_CH7","9.613","min","185.906","μmol/L","Humid","21.140","deg","89067","µV","28.916","°C","1025.000","hPa","36.0","pmil","0","55.700","deg","20.000","°C","100.000","%a.s.","22.210","deg","20.000","°C","971.000","hPa","0.826","-0.01532","0.000401","-0.00012","0","11.08","Humid","30.45","0","49.40","252906.37","SABD0002000012","AAV2.0.0.13","4.0.0.2323","PSt7-10","171027-008","9/15/2022 2:43:31 PM","0000-00","0","no battery","V","","µV","","µV"
"11/15/2022","17:29:54","7","default","171425599","OXY_CH7","9.630","min","186.024","μmol/L","Humid","21.135","deg","89063","µV","28.910","°C","1025.000","hPa","36.0","pmil","0","55.700","deg","20.000","°C","100.000","%a.s.","22.210","deg","20.000","°C","971.000","hPa","0.826","-0.01532","0.000401","-0.00012","0","11.08","Humid","30.45","0","49.40","252916.10","SABD0002000012","AAV2.0.0.13","4.0.0.2323","PSt7-10","171027-008","9/15/2022 2:43:31 PM","0000-00","0","no battery","V","","µV","","µV"
"11/15/2022","17:29:55","7","default","171425599","OXY_CH7","9.647","min","186.022","μmol/L","Humid","21.133","deg","89067","µV","28.916","°C","1025.000","hPa","36.0","pmil","0","55.700","deg","20.000","°C","100.000","%a.s.","22.210","deg","20.000","°C","971.000","hPa","0.826","-0.01532","0.000401","-0.00012","0","11.08","Humid","30.45","0","49.40","252916.11","SABD0002000012","AAV2.0.0.13","4.0.0.2323","PSt7-10","171027-008","9/15/2022 2:43:31 PM","0000-00","0","no battery","V","","µV","","µV"
"11/15/2022","17:29:56","7","default","171425599","OXY_CH7","9.664","min","186.005","μmol/L","Humid","21.134","deg","89058","µV","28.916","°C","1025.000","hPa","36.0","pmil","0","55.700","deg","20.000","°C","100.000","%a.s.","22.210","deg","20.000","°C","971.000","hPa","0.826","-0.01532","0.000401","-0.00012","0","11.08","Humid","30.45","0","49.40","252911.24","SABD0002000012","AAV2.0.0.13","4.0.0.2323","PSt7-10","171027-008","9/15/2022 2:43:31 PM","0000-00","0","no battery","V","","µV","","µV"
"11/15/2022","17:29:57","7","default","171425599","OXY_CH7","9.680","min","186.043","μmol/L","Humid","21.136","deg","89054","µV","28.904","°C","1025.000","hPa","36.0","pmil","0","55.700","deg","20.000","°C","100.000","%a.s.","22.210","deg","20.000","°C","971.000","hPa","0.826","-0.01532","0.000401","-0.00012","0","11.08","Humid","30.45","0","49.40","252915.20","SABD0002000012","AAV2.0.0.13","4.0.0.2323","PSt7-10","171027-008","9/15/2022 2:43:31 PM","0000-00","0","no battery","V","","µV","","µV"
"11/15/2022","17:29:58","7","default","171425599","OXY_CH7","9.697","min","186.057","μmol/L","Humid","21.133","deg","89061","µV","28.910","°C","1025.000","hPa","36.0","pmil","0","55.700","deg","20.000","°C","100.000","%a.s.","22.210","deg","20.000","°C","971.000","hPa","0.826","-0.01532","0.000401","-0.00012","0","11.08","Humid","30.45","0","49.40","252921.23","SABD0002000012","AAV2.0.0.13","4.0.0.2323","PSt7-10","171027-008","9/15/2022 2:43:31 PM","0000-00","0","no battery","V","","µV","","µV"
"11/15/2022","17:29:59","7","default","171425599","OXY_CH7","9.714","min","186.005","μmol/L","Humid","21.134","deg","89052","µV","28.916","°C","1025.000","hPa","36.0","pmil","0","55.700","deg","20.000","°C","100.000","%a.s.","22.210","deg","20.000","°C","971.000","hPa","0.826","-0.01532","0.000401","-0.00012","0","11.08","Humid","30.45","0","49.40","252909.42","SABD0002000012","AAV2.0.0.13","4.0.0.2323","PSt7-10","171027-008","9/15/2022 2:43:31 PM","0000-00","0","no battery","V","","µV","","µV"
"11/15/2022","17:30:00","7","default","171425599","OXY_CH7","9.731","min","185.989","μmol/L","Humid","21.135","deg","89053","µV","28.916","°C","1025.000","hPa","36.0","pmil","0","55.700","deg","20.000","°C","100.000","%a.s.","22.210","deg","20.000","°C","971.000","hPa","0.826","-0.01532","0.000401","-0.00012","0","11.08","Humid","30.45","0","49.40","252916.51","SABD0002000012","AAV2.0.0.13","4.0.0.2323","PSt7-10","171027-008","9/15/2022 2:43:31 PM","0000-00","0","no battery","V","","µV","","µV"
"11/15/2022","17:30:01","7","default","171425599","OXY_CH7","9.747","min","186.109","μmol/L","Humid","21.132","deg","89045","µV","28.904","°C","1025.000","hPa","36.0","pmil","0","55.700","deg","20.000","°C","100.000","%a.s.","22.210","deg","20.000","°C","971.000","hPa","0.826","-0.01532","0.000401","-0.00012","0","11.08","Humid","30.45","0","49.40","252911.78","SABD0002000012","AAV2.0.0.13","4.0.0.2323","PSt7-10","171027-008","9/15/2022 2:43:31 PM","0000-00","0","no battery","V","","µV","","µV"
"11/15/2022","17:30:02","7","default","171425599","OXY_CH7","9.764","min","186.024","μmol/L","Humid","21.135","deg","89046","µV","28.910","°C","1025.000","hPa","36.0","pmil","0","55.700","deg","20.000","°C","100.000","%a.s.","22.210","deg","20.000","°C","971.000","hPa","0.826","-0.01532","0.000401","-0.00012","0","11.08","Humid","30.45","0","49.40","252913.27","SABD0002000012","AAV2.0.0.13","4.0.0.2323","PSt7-10","171027-008","9/15/2022 2:43:31 PM","0000-00","0","no battery","V","","µV","","µV"
"11/15/2022","17:30:03","7","default","171425599","OXY_CH7","9.781","min","186.107","μmol/L","Humid","21.130","deg","89040","µV","28.910","°C","1025.000","hPa","36.0","pmil","0","55.700","deg","20.000","°C","100.000","%a.s.","22.210","deg","20.000","°C","971.000","hPa","0.826","-0.01532","0.000401","-0.00012","0","11.08","Humid","30.45","0","49.40","252915.55","SABD0002000012","AAV2.0.0.13","4.0.0.2323","PSt7-10","171027-008","9/15/2022 2:43:31 PM","0000-00","0","no battery","V","","µV","","µV"
"11/15/2022","17:30:04","7","default","171425599","OXY_CH7","9.797","min","186.039","μmol/L","Humid","21.132","deg","89051","µV","28.916","°C","1025.000","hPa","36.0","pmil","0","55.700","deg","20.000","°C","100.000","%a.s.","22.210","deg","20.000","°C","971.000","hPa","0.826","-0.01532","0.000401","-0.00012","0","11.08","Humid","30.45","0","49.40","252917.13","SABD0002000012","AAV2.0.0.13","4.0.0.2323","PSt7-10","171027-008","9/15/2022 2:43:31 PM","0000-00","0","no battery","V","","µV","","µV"
"11/15/2022","17:30:05","7","default","171425599","OXY_CH7","9.813","min","186.057","μmol/L","Humid","21.133","deg","89043","µV","28.910","°C","1025.000","hPa","36.0","pmil","0","55.700","deg","20.000","°C","100.000","%a.s.","22.210","deg","20.000","°C","971.000","hPa","0.826","-0.01532","0.000401","-0.00012","0","11.08","Humid","30.45","0","49.40","252900.63","SABD0002000012","AAV2.0.0.13","4.0.0.2323","PSt7-10","171027-008","9/15/2022 2:43:31 PM","0000-00","0","no battery","V","","µV","","µV"
"11/15/2022","17:30:06","7","default","171425599","OXY_CH7","9.830","min","186.022","μmol/L","Humid","21.133","deg","89039","µV","28.916","°C","1025.000","hPa","36.0","pmil","0","55.700","deg","20.000","°C","100.000","%a.s.","22.210","deg","20.000","°C","971.000","hPa","0.826","-0.01532","0.000401","-0.00012","0","11.08","Humid","30.45","0","49.40","252902.33","SABD0002000012","AAV2.0.0.13","4.0.0.2323","PSt7-10","171027-008","9/15/2022 2:43:31 PM","0000-00","0","no battery","V","","µV","","µV"
"11/15/2022","17:30:07","7","default","171425599","OXY_CH7","9.847","min","186.140","μmol/L","Humid","21.128","deg","89039","µV","28.910","°C","1025.000","hPa","36.0","pmil","0","55.700","deg","20.000","°C","100.000","%a.s.","22.210","deg","20.000","°C","971.000","hPa","0.826","-0.01532","0.000401","-0.00012","0","11.08","Humid","30.45","0","49.40","252911.75","SABD0002000012","AAV2.0.0.13","4.0.0.2323","PSt7-10","171027-008","9/15/2022 2:43:31 PM","0000-00","0","no battery","V","","µV","","µV"
"11/15/2022","17:30:08","7","default","171425599","OXY_CH7","9.864","min","186.039","μmol/L","Humid","21.132","deg","89033","µV","28.916","°C","1025.000","hPa","36.0","pmil","0","55.700","deg","20.000","°C","100.000","%a.s.","22.210","deg","20.000","°C","971.000","hPa","0.826","-0.01532","0.000401","-0.00012","0","11.08","Humid","30.45","0","49.40","252909.80","SABD0002000012","AAV2.0.0.13","4.0.0.2323","PSt7-10","171027-008","9/15/2022 2:43:31 PM","0000-00","0","no battery","V","","µV","","µV"
"11/15/2022","17:30:09","7","default","171425599","OXY_CH7","9.880","min","186.041","μmol/L","Humid","21.134","deg","89033","µV","28.910","°C","1025.000","hPa","36.0","pmil","0","55.700","deg","20.000","°C","100.000","%a.s.","22.210","deg","20.000","°C","971.000","hPa","0.826","-0.01532","0.000401","-0.00012","0","11.08","Humid","30.45","0","49.40","252908.92","SABD0002000012","AAV2.0.0.13","4.0.0.2323","PSt7-10","171027-008","9/15/2022 2:43:31 PM","0000-00","0","no battery","V","","µV","","µV"
"11/15/2022","17:30:10","7","default","171425599","OXY_CH7","9.897","min","186.092","μmol/L","Humid","21.133","deg","89029","µV","28.904","°C","1025.000","hPa","36.0","pmil","0","55.700","deg","20.000","°C","100.000","%a.s.","22.210","deg","20.000","°C","971.000","hPa","0.826","-0.01532","0.000401","-0.00012","0","11.08","Humid","30.45","0","49.40","252906.33","SABD0002000012","AAV2.0.0.13","4.0.0.2323","PSt7-10","171027-008","9/15/2022 2:43:31 PM","0000-00","0","no battery","V","","µV","","µV"
"11/15/2022","17:30:11","7","default","171425599","OXY_CH7","9.914","min","186.074","μmol/L","Humid","21.132","deg","89025","µV","28.910","°C","1025.000","hPa","36.0","pmil","0","55.700","deg","20.000","°C","100.000","%a.s.","22.210","deg","20.000","°C","971.000","hPa","0.826","-0.01532","0.000401","-0.00012","0","11.08","Humid","30.45","0","49.40","252900.61","SABD0002000012","AAV2.0.0.13","4.0.0.2323","PSt7-10","171027-008","9/15/2022 2:43:31 PM","0000-00","0","no battery","V","","µV","","µV"
"11/15/2022","17:30:12","7","default","171425599","OXY_CH7","9.931","min","186.072","μmol/L","Humid","21.130","deg","89027","µV","28.916","°C","1025.000","hPa","36.0","pmil","0","55.700","deg","20.000","°C","100.000","%a.s.","22.210","deg","20.000","°C","971.000","hPa","0.826","-0.01532","0.000401","-0.00012","0","11.08","Humid","30.45","0","49.40","252900.83","SABD0002000012","AAV2.0.0.13","4.0.0.2323","PSt7-10","171027-008","9/15/2022 2:43:31 PM","0000-00","0","no battery","V","","µV","","µV"
"11/15/2022","17:30:13","7","default","171425599","OXY_CH7","9.947","min","186.005","μmol/L","Humid","21.134","deg","89023","µV","28.916","°C","1025.000","hPa","36.0","pmil","0","55.700","deg","20.000","°C","100.000","%a.s.","22.210","deg","20.000","°C","971.000","hPa","0.826","-0.01532","0.000401","-0.00012","0","11.08","Humid","30.45","0","49.40","252895.85","SABD0002000012","AAV2.0.0.13","4.0.0.2323","PSt7-10","171027-008","9/15/2022 2:43:31 PM","0000-00","0","no battery","V","","µV","","µV"
"11/15/2022","17:30:14","7","default","171425599","OXY_CH7","9.964","min","186.039","μmol/L","Humid","21.132","deg","89021","µV","28.916","°C","1025.000","hPa","36.0","pmil","0","55.700","deg","20.000","°C","100.000","%a.s.","22.210","deg","20.000","°C","971.000","hPa","0.826","-0.01532","0.000401","-0.00012","0","11.08","Humid","30.45","0","49.40","252890.55","SABD0002000012","AAV2.0.0.13","4.0.0.2323","PSt7-10","171027-008","9/15/2022 2:43:31 PM","0000-00","0","no battery","V","","µV","","µV"
"11/15/2022","17:30:15","7","default","171425599","OXY_CH7","9.981","min","186.125","μmol/L","Humid","21.131","deg","89020","µV","28.904","°C","1025.000","hPa","36.0","pmil","0","55.700","deg","20.000","°C","100.000","%a.s.","22.210","deg","20.000","°C","971.000","hPa","0.826","-0.01532","0.000401","-0.00012","0","11.08","Humid","30.45","0","49.40","252888.42","SABD0002000012","AAV2.0.0.13","4.0.0.2323","PSt7-10","171027-008","9/15/2022 2:43:31 PM","0000-00","0","no battery","V","","µV","","µV"
"11/15/2022","17:30:16","7","default","171425599","OXY_CH7","9.998","min","186.125","μmol/L","Humid","21.131","deg","89029","µV","28.904","°C","1025.000","hPa","36.0","pmil","0","55.700","deg","20.000","°C","100.000","%a.s.","22.210","deg","20.000","°C","971.000","hPa","0.826","-0.01532","0.000401","-0.00012","0","11.08","Humid","30.45","0","49.40","252895.55","SABD0002000012","AAV2.0.0.13","4.0.0.2323","PSt7-10","171027-008","9/15/2022 2:43:31 PM","0000-00","0","no battery","V","","µV","","µV"
"11/15/2022","17:30:17","7","default","171425599","OXY_CH7","10.014","min","186.125","μmol/L","Humid","21.131","deg","89017","µV","28.904","°C","1025.000","hPa","36.0","pmil","0","55.700","deg","20.000","°C","100.000","%a.s.","22.210","deg","20.000","°C","971.000","hPa","0.826","-0.01532","0.000401","-0.00012","0","11.08","Humid","30.45","0","49.40","252890.93","SABD0002000012","AAV2.0.0.13","4.0.0.2323","PSt7-10","171027-008","9/15/2022 2:43:31 PM","0000-00","0","no battery","V","","µV","","µV"
"11/15/2022","17:30:18","7","default","171425599","OXY_CH7","10.030","min","186.105","μmol/L","Humid","21.128","deg","89014","µV","28.916","°C","1025.000","hPa","36.0","pmil","0","55.700","deg","20.000","°C","100.000","%a.s.","22.210","deg","20.000","°C","971.000","hPa","0.826","-0.01532","0.000401","-0.00012","0","11.08","Humid","30.45","0","49.40","252884.54","SABD0002000012","AAV2.0.0.13","4.0.0.2323","PSt7-10","171027-008","9/15/2022 2:43:31 PM","0000-00","0","no battery","V","","µV","","µV"
"11/15/2022","17:30:19","7","default","171425599","OXY_CH7","10.047","min","186.055","μmol/L","Humid","21.131","deg","89012","µV","28.916","°C","1025.000","hPa","36.0","pmil","0","55.700","deg","20.000","°C","100.000","%a.s.","22.210","deg","20.000","°C","971.000","hPa","0.826","-0.01532","0.000401","-0.00012","0","11.08","Humid","30.45","0","49.40","252888.31","SABD0002000012","AAV2.0.0.13","4.0.0.2323","PSt7-10","171027-008","9/15/2022 2:43:31 PM","0000-00","0","no battery","V","","µV","","µV"
"11/15/2022","17:30:20","7","default","171425599","OXY_CH7","10.064","min","186.072","μmol/L","Humid","21.130","deg","89011","µV","28.916","°C","1025.000","hPa","36.0","pmil","0","55.700","deg","20.000","°C","100.000","%a.s.","22.210","deg","20.000","°C","971.000","hPa","0.826","-0.01532","0.000401","-0.00012","0","11.08","Humid","30.45","0","49.40","252880.61","SABD0002000012","AAV2.0.0.13","4.0.0.2323","PSt7-10","171027-008","9/15/2022 2:43:31 PM","0000-00","0","no battery","V","","µV","","µV"
"11/15/2022","17:30:21","7","default","171425599","OXY_CH7","10.080","min","186.072","μmol/L","Humid","21.130","deg","89007","µV","28.916","°C","1025.000","hPa","36.0","pmil","0","55.700","deg","20.000","°C","100.000","%a.s.","22.210","deg","20.000","°C","971.000","hPa","0.826","-0.01532","0.000401","-0.00012","0","11.08","Humid","30.45","0","49.40","252885.30","SABD0002000012","AAV2.0.0.13","4.0.0.2323","PSt7-10","171027-008","9/15/2022 2:43:31 PM","0000-00","0","no battery","V","","µV","","µV"
"11/15/2022","17:30:22","7","default","171425599","OXY_CH7","10.097","min","186.074","μmol/L","Humid","21.132","deg","89006","µV","28.910","°C","1025.000","hPa","36.0","pmil","0","55.700","deg","20.000","°C","100.000","%a.s.","22.210","deg","20.000","°C","971.000","hPa","0.826","-0.01532","0.000401","-0.00012","0","11.08","Humid","30.45","0","49.40","252887.58","SABD0002000012","AAV2.0.0.13","4.0.0.2323","PSt7-10","171027-008","9/15/2022 2:43:31 PM","0000-00","0","no battery","V","","µV","","µV"
"11/15/2022","17:30:23","7","default","171425599","OXY_CH7","10.114","min","186.123","μmol/L","Humid","21.129","deg","89006","µV","28.910","°C","1025.000","hPa","36.0","pmil","0","55.700","deg","20.000","°C","100.000","%a.s.","22.210","deg","20.000","°C","971.000","hPa","0.826","-0.01532","0.000401","-0.00012","0","11.08","Humid","30.45","0","49.40","252880.21","SABD0002000012","AAV2.0.0.13","4.0.0.2323","PSt7-10","171027-008","9/15/2022 2:43:31 PM","0000-00","0","no battery","V","","µV","","µV"
"11/15/2022","17:30:24","7","default","171425599","OXY_CH7","10.131","min","186.072","μmol/L","Humid","21.130","deg","88997","µV","28.916","°C","1025.000","hPa","36.0","pmil","0","55.700","deg","20.000","°C","100.000","%a.s.","22.210","deg","20.000","°C","971.000","hPa","0.826","-0.01532","0.000401","-0.00012","0","11.08","Humid","30.45","0","49.40","252878.94","SABD0002000012","AAV2.0.0.13","4.0.0.2323","PSt7-10","171027-008","9/15/2022 2:43:31 PM","0000-00","0","no battery","V","","µV","","µV"
"11/15/2022","17:30:25","7","default","171425599","OXY_CH7","10.147","min","186.072","μmol/L","Humid","21.130","deg","88996","µV","28.916","°C","1025.000","hPa","36.0","pmil","0","55.700","deg","20.000","°C","100.000","%a.s.","22.210","deg","20.000","°C","971.000","hPa","0.826","-0.01532","0.000401","-0.00012","0","11.08","Humid","30.45","0","49.40","252873.24","SABD0002000012","AAV2.0.0.13","4.0.0.2323","PSt7-10","171027-008","9/15/2022 2:43:31 PM","0000-00","0","no battery","V","","µV","","µV"
"11/15/2022","17:30:26","7","default","171425599","OXY_CH7","10.164","min","186.107","μmol/L","Humid","21.130","deg","88994","µV","28.910","°C","1025.000","hPa","36.0","pmil","0","55.700","deg","20.000","°C","100.000","%a.s.","22.210","deg","20.000","°C","971.000","hPa","0.826","-0.01532","0.000401","-0.00012","0","11.08","Humid","30.45","0","49.40","252874.37","SABD0002000012","AAV2.0.0.13","4.0.0.2323","PSt7-10","171027-008","9/15/2022 2:43:31 PM","0000-00","0","no battery","V","","µV","","µV"
"11/15/2022","17:30:27","7","default","171425599","OXY_CH7","10.181","min","186.107","μmol/L","Humid","21.130","deg","88999","µV","28.910","°C","1025.000","hPa","36.0","pmil","0","55.700","deg","20.000","°C","100.000","%a.s.","22.210","deg","20.000","°C","971.000","hPa","0.826","-0.01532","0.000401","-0.00012","0","11.08","Humid","30.45","0","49.40","252879.77","SABD0002000012","AAV2.0.0.13","4.0.0.2323","PSt7-10","171027-008","9/15/2022 2:43:31 PM","0000-00","0","no battery","V","","µV","","µV"
"11/15/2022","17:30:28","7","default","171425599","OXY_CH7","10.197","min","186.090","μmol/L","Humid","21.131","deg","88999","µV","28.910","°C","1025.000","hPa","36.0","pmil","0","55.700","deg","20.000","°C","100.000","%a.s.","22.210","deg","20.000","°C","971.000","hPa","0.826","-0.01532","0.000401","-0.00012","0","11.08","Humid","30.45","0","49.40","252866.12","SABD0002000012","AAV2.0.0.13","4.0.0.2323","PSt7-10","171027-008","9/15/2022 2:43:31 PM","0000-00","0","no battery","V","","µV","","µV"
"11/15/2022","17:30:29","7","default","171425599","OXY_CH7","10.213","min","186.173","μmol/L","Humid","21.126","deg","88991","µV","28.910","°C","1025.000","hPa","36.0","pmil","0","55.700","deg","20.000","°C","100.000","%a.s.","22.210","deg","20.000","°C","971.000","hPa","0.826","-0.01532","0.000401","-0.00012","0","11.08","Humid","30.45","0","49.40","252860.76","SABD0002000012","AAV2.0.0.13","4.0.0.2323","PSt7-10","171027-008","9/15/2022 2:43:31 PM","0000-00","0","no battery","V","","µV","","µV"
"11/15/2022","17:30:30","7","default","171425599","OXY_CH7","10.230","min","186.142","μmol/L","Humid","21.130","deg","88990","µV","28.904","°C","1025.000","hPa","36.0","pmil","0","55.700","deg","20.000","°C","100.000","%a.s.","22.210","deg","20.000","°C","971.000","hPa","0.826","-0.01532","0.000401","-0.00012","0","11.08","Humid","30.45","0","49.40","252873.08","SABD0002000012","AAV2.0.0.13","4.0.0.2323","PSt7-10","171027-008","9/15/2022 2:43:31 PM","0000-00","0","no battery","V","","µV","","µV"
"11/15/2022","17:30:31","7","default","171425599","OXY_CH7","10.247","min","186.123","μmol/L","Humid","21.129","deg","88988","µV","28.910","°C","1025.000","hPa","36.0","pmil","0","55.700","deg","20.000","°C","100.000","%a.s.","22.210","deg","20.000","°C","971.000","hPa","0.826","-0.01532","0.000401","-0.00012","0","11.08","Humid","30.45","0","49.40","252876.80","SABD0002000012","AAV2.0.0.13","4.0.0.2323","PSt7-10","171027-008","9/15/2022 2:43:31 PM","0000-00","0","no battery","V","","µV","","µV"
"11/15/2022","17:30:32","7","default","171425599","OXY_CH7","10.264","min","186.090","μmol/L","Humid","21.131","deg","88988","µV","28.910","°C","1025.000","hPa","36.0","pmil","0","55.700","deg","20.000","°C","100.000","%a.s.","22.210","deg","20.000","°C","971.000","hPa","0.826","-0.01532","0.000401","-0.00012","0","11.08","Humid","30.45","0","49.40","252874.52","SABD0002000012","AAV2.0.0.13","4.0.0.2323","PSt7-10","171027-008","9/15/2022 2:43:31 PM","0000-00","0","no battery","V","","µV","","µV"
"11/15/2022","17:30:33","7","default","171425599","OXY_CH7","10.280","min","186.173","μmol/L","Humid","21.126","deg","88974","µV","28.910","°C","1025.000","hPa","36.0","pmil","0","55.700","deg","20.000","°C","100.000","%a.s.","22.210","deg","20.000","°C","971.000","hPa","0.826","-0.01532","0.000401","-0.00012","0","11.08","Humid","30.45","0","49.40","252855.72","SABD0002000012","AAV2.0.0.13","4.0.0.2323","PSt7-10","171027-008","9/15/2022 2:43:31 PM","0000-00","0","no battery","V","","µV","","µV"
"11/15/2022","17:30:34","7","default","171425599","OXY_CH7","10.297","min","186.105","μmol/L","Humid","21.128","deg","88976","µV","28.916","°C","1025.000","hPa","36.0","pmil","0","55.700","deg","20.000","°C","100.000","%a.s.","22.210","deg","20.000","°C","971.000","hPa","0.826","-0.01532","0.000401","-0.00012","0","11.08","Humid","30.45","0","49.40","252858.15","SABD0002000012","AAV2.0.0.13","4.0.0.2323","PSt7-10","171027-008","9/15/2022 2:43:31 PM","0000-00","0","no battery","V","","µV","","µV"
"11/15/2022","17:30:35","7","default","171425599","OXY_CH7","10.314","min","186.140","μmol/L","Humid","21.128","deg","88981","µV","28.910","°C","1025.000","hPa","36.0","pmil","0","55.700","deg","20.000","°C","100.000","%a.s.","22.210","deg","20.000","°C","971.000","hPa","0.826","-0.01532","0.000401","-0.00012","0","11.08","Humid","30.45","0","49.40","252866.23","SABD0002000012","AAV2.0.0.13","4.0.0.2323","PSt7-10","171027-008","9/15/2022 2:43:31 PM","0000-00","0","no battery","V","","µV","","µV"
"11/15/2022","17:30:36","7","default","171425599","OXY_CH7","10.331","min","186.107","μmol/L","Humid","21.130","deg","88971","µV","28.910","°C","1025.000","hPa","36.0","pmil","0","55.700","deg","20.000","°C","100.000","%a.s.","22.210","deg","20.000","°C","971.000","hPa","0.826","-0.01532","0.000401","-0.00012","0","11.08","Humid","30.45","0","49.40","252867.28","SABD0002000012","AAV2.0.0.13","4.0.0.2323","PSt7-10","171027-008","9/15/2022 2:43:31 PM","0000-00","0","no battery","V","","µV","","µV"
"11/15/2022","17:30:37","7","default","171425599","OXY_CH7","10.347","min","186.121","μmol/L","Humid","21.127","deg","88969","µV","28.916","°C","1025.000","hPa","36.0","pmil","0","55.700","deg","20.000","°C","100.000","%a.s.","22.210","deg","20.000","°C","971.000","hPa","0.826","-0.01532","0.000401","-0.00012","0","11.08","Humid","30.45","0","49.40","252861.07","SABD0002000012","AAV2.0.0.13","4.0.0.2323","PSt7-10","171027-008","9/15/2022 2:43:31 PM","0000-00","0","no battery","V","","µV","","µV"
"11/15/2022","17:30:38","7","default","171425599","OXY_CH7","10.364","min","186.191","μmol/L","Humid","21.127","deg","88968","µV","28.904","°C","1025.000","hPa","36.0","pmil","0","55.700","deg","20.000","°C","100.000","%a.s.","22.210","deg","20.000","°C","971.000","hPa","0.826","-0.01532","0.000401","-0.00012","0","11.08","Humid","30.45","0","49.40","252856.83","SABD0002000012","AAV2.0.0.13","4.0.0.2323","PSt7-10","171027-008","9/15/2022 2:43:31 PM","0000-00","0","no battery","V","","µV","","µV"
"11/15/2022","17:30:39","7","default","171425599","OXY_CH7","10.381","min","186.090","μmol/L","Humid","21.131","deg","88965","µV","28.910","°C","1025.000","hPa","36.0","pmil","0","55.700","deg","20.000","°C","100.000","%a.s.","22.210","deg","20.000","°C","971.000","hPa","0.826","-0.01532","0.000401","-0.00012","0","11.08","Humid","30.45","0","49.40","252861.42","SABD0002000012","AAV2.0.0.13","4.0.0.2323","PSt7-10","171027-008","9/15/2022 2:43:31 PM","0000-00","0","no battery","V","","µV","","µV"
"11/15/2022","17:30:40","7","default","171425599","OXY_CH7","10.398","min","186.255","μmol/L","Humid","21.121","deg","88958","µV","28.910","°C","1025.000","hPa","36.0","pmil","0","55.700","deg","20.000","°C","100.000","%a.s.","22.210","deg","20.000","°C","971.000","hPa","0.826","-0.01532","0.000401","-0.00012","0","11.08","Humid","30.45","0","49.40","252853.98","SABD0002000012","AAV2.0.0.13","4.0.0.2323","PSt7-10","171027-008","9/15/2022 2:43:31 PM","0000-00","0","no battery","V","","µV","","µV"
"11/15/2022","17:30:41","7","default","171425599","OXY_CH7","10.414","min","186.173","μmol/L","Humid","21.126","deg","88961","µV","28.910","°C","1025.000","hPa","36.0","pmil","0","55.700","deg","20.000","°C","100.000","%a.s.","22.210","deg","20.000","°C","971.000","hPa","0.826","-0.01532","0.000401","-0.00012","0","11.08","Humid","30.45","0","49.40","252853.57","SABD0002000012","AAV2.0.0.13","4.0.0.2323","PSt7-10","171027-008","9/15/2022 2:43:31 PM","0000-00","0","no battery","V","","µV","","µV"
"11/15/2022","17:30:42","7","default","171425599","OXY_CH7","10.431","min","186.140","μmol/L","Humid","21.128","deg","88957","µV","28.910","°C","1025.000","hPa","36.0","pmil","0","55.700","deg","20.000","°C","100.000","%a.s.","22.210","deg","20.000","°C","971.000","hPa","0.826","-0.01532","0.000401","-0.00012","0","11.08","Humid","30.45","0","49.40","252855.89","SABD0002000012","AAV2.0.0.13","4.0.0.2323","PSt7-10","171027-008","9/15/2022 2:43:31 PM","0000-00","0","no battery","V","","µV","","µV"
"11/15/2022","17:30:43","7","default","171425599","OXY_CH7","10.447","min","186.156","μmol/L","Humid","21.127","deg","88957","µV","28.910","°C","1025.000","hPa","36.0","pmil","0","55.700","deg","20.000","°C","100.000","%a.s.","22.210","deg","20.000","°C","971.000","hPa","0.826","-0.01532","0.000401","-0.00012","0","11.08","Humid","30.45","0","49.40","252844.70","SABD0002000012","AAV2.0.0.13","4.0.0.2323","PSt7-10","171027-008","9/15/2022 2:43:31 PM","0000-00","0","no battery","V","","µV","","µV"
"11/15/2022","17:30:44","7","default","171425599","OXY_CH7","10.464","min","186.057","μmol/L","Humid","21.133","deg","88960","µV","28.910","°C","1025.000","hPa","36.0","pmil","0","55.700","deg","20.000","°C","100.000","%a.s.","22.210","deg","20.000","°C","971.000","hPa","0.826","-0.01532","0.000401","-0.00012","0","11.08","Humid","30.45","0","49.40","252860.44","SABD0002000012","AAV2.0.0.13","4.0.0.2323","PSt7-10","171027-008","9/15/2022 2:43:31 PM","0000-00","0","no battery","V","","µV","","µV"
"11/15/2022","17:30:45","7","default","171425599","OXY_CH7","10.480","min","186.258","μmol/L","Humid","21.123","deg","88949","µV","28.904","°C","1025.000","hPa","36.0","pmil","0","55.700","deg","20.000","°C","100.000","%a.s.","22.210","deg","20.000","°C","971.000","hPa","0.826","-0.01532","0.000401","-0.00012","0","11.08","Humid","30.45","0","49.40","252849.11","SABD0002000012","AAV2.0.0.13","4.0.0.2323","PSt7-10","171027-008","9/15/2022 2:43:31 PM","0000-00","0","no battery","V","","µV","","µV"
"11/15/2022","17:30:46","7","default","171425599","OXY_CH7","10.497","min","186.206","μmol/L","Humid","21.124","deg","88949","µV","28.910","°C","1025.000","hPa","36.0","pmil","0","55.700","deg","20.000","°C","100.000","%a.s.","22.210","deg","20.000","°C","971.000","hPa","0.826","-0.01532","0.000401","-0.00012","0","11.08","Humid","30.45","0","49.40","252854.34","SABD0002000012","AAV2.0.0.13","4.0.0.2323","PSt7-10","171027-008","9/15/2022 2:43:31 PM","0000-00","0","no battery","V","","µV","","µV"
"11/15/2022","17:30:47","7","default","171425599","OXY_CH7","10.514","min","186.274","μmol/L","Humid","21.122","deg","88948","µV","28.904","°C","1025.000","hPa","36.0","pmil","0","55.700","deg","20.000","°C","100.000","%a.s.","22.210","deg","20.000","°C","971.000","hPa","0.826","-0.01532","0.000401","-0.00012","0","11.08","Humid","30.45","0","49.40","252855.39","SABD0002000012","AAV2.0.0.13","4.0.0.2323","PSt7-10","171027-008","9/15/2022 2:43:31 PM","0000-00","0","no battery","V","","µV","","µV"
"11/15/2022","17:30:48","7","default","171425599","OXY_CH7","10.530","min","186.140","μmol/L","Humid","21.128","deg","88947","µV","28.910","°C","1025.000","hPa","36.0","pmil","0","55.700","deg","20.000","°C","100.000","%a.s.","22.210","deg","20.000","°C","971.000","hPa","0.826","-0.01532","0.000401","-0.00012","0","11.08","Humid","30.45","0","49.40","252856.53","SABD0002000012","AAV2.0.0.13","4.0.0.2323","PSt7-10","171027-008","9/15/2022 2:43:31 PM","0000-00","0","no battery","V","","µV","","µV"
"11/15/2022","17:30:49","7","default","171425599","OXY_CH7","10.547","min","186.156","μmol/L","Humid","21.127","deg","88944","µV","28.910","°C","1025.000","hPa","36.0","pmil","0","55.700","deg","20.000","°C","100.000","%a.s.","22.210","deg","20.000","°C","971.000","hPa","0.826","-0.01532","0.000401","-0.00012","0","11.08","Humid","30.45","0","49.40","252838.62","SABD0002000012","AAV2.0.0.13","4.0.0.2323","PSt7-10","171027-008","9/15/2022 2:43:31 PM","0000-00","0","no battery","V","","µV","","µV"
"11/15/2022","17:30:50","7","default","171425599","OXY_CH7","10.564","min","186.208","μmol/L","Humid","21.126","deg","88940","µV","28.904","°C","1025.000","hPa","36.0","pmil","0","55.700","deg","20.000","°C","100.000","%a.s.","22.210","deg","20.000","°C","971.000","hPa","0.826","-0.01532","0.000401","-0.00012","0","11.08","Humid","30.45","0","49.40","252844.40","SABD0002000012","AAV2.0.0.13","4.0.0.2323","PSt7-10","171027-008","9/15/2022 2:43:31 PM","0000-00","0","no battery","V","","µV","","µV"
"11/15/2022","17:30:51","7","default","171425599","OXY_CH7","10.580","min","186.173","μmol/L","Humid","21.126","deg","88940","µV","28.910","°C","1025.000","hPa","36.0","pmil","0","55.700","deg","20.000","°C","100.000","%a.s.","22.210","deg","20.000","°C","971.000","hPa","0.826","-0.01532","0.000401","-0.00012","0","11.08","Humid","30.45","0","49.40","252841.00","SABD0002000012","AAV2.0.0.13","4.0.0.2323","PSt7-10","171027-008","9/15/2022 2:43:31 PM","0000-00","0","no battery","V","","µV","","µV"
"11/15/2022","17:30:52","7","default","171425599","OXY_CH7","10.597","min","186.225","μmol/L","Humid","21.125","deg","88935","µV","28.904","°C","1025.000","hPa","36.0","pmil","0","55.700","deg","20.000","°C","100.000","%a.s.","22.210","deg","20.000","°C","971.000","hPa","0.826","-0.01532","0.000401","-0.00012","0","11.08","Humid","30.45","0","49.40","252859.15","SABD0002000012","AAV2.0.0.13","4.0.0.2323","PSt7-10","171027-008","9/15/2022 2:43:31 PM","0000-00","0","no battery","V","","µV","","µV"
"11/15/2022","17:30:53","7","default","171425599","OXY_CH7","10.614","min","186.107","μmol/L","Humid","21.130","deg","88940","µV","28.910","°C","1025.000","hPa","36.0","pmil","0","55.700","deg","20.000","°C","100.000","%a.s.","22.210","deg","20.000","°C","971.000","hPa","0.826","-0.01532","0.000401","-0.00012","0","11.08","Humid","30.45","0","49.40","252855.46","SABD0002000012","AAV2.0.0.13","4.0.0.2323","PSt7-10","171027-008","9/15/2022 2:43:31 PM","0000-00","0","no battery","V","","µV","","µV"
"11/15/2022","17:30:54","7","default","171425599","OXY_CH7","10.631","min","186.173","μmol/L","Humid","21.126","deg","88937","µV","28.910","°C","1025.000","hPa","36.0","pmil","0","55.700","deg","20.000","°C","100.000","%a.s.","22.210","deg","20.000","°C","971.000","hPa","0.826","-0.01532","0.000401","-0.00012","0","11.08","Humid","30.45","0","49.40","252848.53","SABD0002000012","AAV2.0.0.13","4.0.0.2323","PSt7-10","171027-008","9/15/2022 2:43:31 PM","0000-00","0","no battery","V","","µV","","µV"
"11/15/2022","17:30:55","7","default","171425599","OXY_CH7","10.647","min","186.189","μmol/L","Humid","21.125","deg","88936","µV","28.910","°C","1025.000","hPa","36.0","pmil","0","55.700","deg","20.000","°C","100.000","%a.s.","22.210","deg","20.000","°C","971.000","hPa","0.826","-0.01532","0.000401","-0.00012","0","11.08","Humid","30.45","0","49.40","252847.20","SABD0002000012","AAV2.0.0.13","4.0.0.2323","PSt7-10","171027-008","9/15/2022 2:43:31 PM","0000-00","0","no battery","V","","µV","","µV"
"11/15/2022","17:30:56","7","default","171425599","OXY_CH7","10.664","min","186.255","μmol/L","Humid","21.121","deg","88933","µV","28.910","°C","1025.000","hPa","36.0","pmil","0","55.700","deg","20.000","°C","100.000","%a.s.","22.210","deg","20.000","°C","971.000","hPa","0.826","-0.01532","0.000401","-0.00012","0","11.08","Humid","30.45","0","49.40","252839.39","SABD0002000012","AAV2.0.0.13","4.0.0.2323","PSt7-10","171027-008","9/15/2022 2:43:31 PM","0000-00","0","no battery","V","","µV","","µV"
"11/15/2022","17:30:57","7","default","171425599","OXY_CH7","10.681","min","186.175","μmol/L","Humid","21.128","deg","88929","µV","28.904","°C","1025.000","hPa","36.0","pmil","0","55.700","deg","20.000","°C","100.000","%a.s.","22.210","deg","20.000","°C","971.000","hPa","0.826","-0.01532","0.000401","-0.00012","0","11.08","Humid","30.45","0","49.40","252839.90","SABD0002000012","AAV2.0.0.13","4.0.0.2323","PSt7-10","171027-008","9/15/2022 2:43:31 PM","0000-00","0","no battery","V","","µV","","µV"
"11/15/2022","17:30:58","7","default","171425599","OXY_CH7","10.698","min","186.154","μmol/L","Humid","21.125","deg","88922","µV","28.916","°C","1025.000","hPa","36.0","pmil","0","55.700","deg","20.000","°C","100.000","%a.s.","22.210","deg","20.000","°C","971.000","hPa","0.826","-0.01532","0.000401","-0.00012","0","11.08","Humid","30.45","0","49.40","252835.91","SABD0002000012","AAV2.0.0.13","4.0.0.2323","PSt7-10","171027-008","9/15/2022 2:43:31 PM","0000-00","0","no battery","V","","µV","","µV"
"11/15/2022","17:30:59","7","default","171425599","OXY_CH7","10.714","min","186.272","μmol/L","Humid","21.120","deg","88920","µV","28.910","°C","1025.000","hPa","36.0","pmil","0","55.700","deg","20.000","°C","100.000","%a.s.","22.210","deg","20.000","°C","971.000","hPa","0.826","-0.01532","0.000401","-0.00012","0","11.08","Humid","30.45","0","49.40","252831.34","SABD0002000012","AAV2.0.0.13","4.0.0.2323","PSt7-10","171027-008","9/15/2022 2:43:31 PM","0000-00","0","no battery","V","","µV","","µV"
"11/15/2022","17:31:00","7","default","171425599","OXY_CH7","10.730","min","186.291","μmol/L","Humid","21.121","deg","88920","µV","28.904","°C","1025.000","hPa","36.0","pmil","0","55.700","deg","20.000","°C","100.000","%a.s.","22.210","deg","20.000","°C","971.000","hPa","0.826","-0.01532","0.000401","-0.00012","0","11.08","Humid","30.45","0","49.40","252833.28","SABD0002000012","AAV2.0.0.13","4.0.0.2323","PSt7-10","171027-008","9/15/2022 2:43:31 PM","0000-00","0","no battery","V","","µV","","µV"
"11/15/2022","17:31:01","7","default","171425599","OXY_CH7","10.747","min","186.239","μmol/L","Humid","21.122","deg","88920","µV","28.910","°C","1025.000","hPa","36.0","pmil","0","55.700","deg","20.000","°C","100.000","%a.s.","22.210","deg","20.000","°C","971.000","hPa","0.826","-0.01532","0.000401","-0.00012","0","11.08","Humid","30.45","0","49.40","252841.69","SABD0002000012","AAV2.0.0.13","4.0.0.2323","PSt7-10","171027-008","9/15/2022 2:43:31 PM","0000-00","0","no battery","V","","µV","","µV"
"11/15/2022","17:31:02","7","default","171425599","OXY_CH7","10.764","min","186.171","μmol/L","Humid","21.124","deg","88912","µV","28.916","°C","1025.000","hPa","36.0","pmil","0","55.700","deg","20.000","°C","100.000","%a.s.","22.210","deg","20.000","°C","971.000","hPa","0.826","-0.01532","0.000401","-0.00012","0","11.08","Humid","30.45","0","49.40","252840.70","SABD0002000012","AAV2.0.0.13","4.0.0.2323","PSt7-10","171027-008","9/15/2022 2:43:31 PM","0000-00","0","no battery","V","","µV","","µV"
"11/15/2022","17:31:03","7","default","171425599","OXY_CH7","10.780","min","186.189","μmol/L","Humid","21.125","deg","88905","µV","28.910","°C","1025.000","hPa","36.0","pmil","0","55.700","deg","20.000","°C","100.000","%a.s.","22.210","deg","20.000","°C","971.000","hPa","0.826","-0.01532","0.000401","-0.00012","0","11.08","Humid","30.45","0","49.40","252827.94","SABD0002000012","AAV2.0.0.13","4.0.0.2323","PSt7-10","171027-008","9/15/2022 2:43:31 PM","0000-00","0","no battery","V","","µV","","µV"
"11/15/2022","17:31:04","7","default","171425599","OXY_CH7","10.797","min","186.291","μmol/L","Humid","21.121","deg","88907","µV","28.904","°C","1025.000","hPa","36.0","pmil","0","55.700","deg","20.000","°C","100.000","%a.s.","22.210","deg","20.000","°C","971.000","hPa","0.826","-0.01532","0.000401","-0.00012","0","11.08","Humid","30.45","0","49.40","252831.80","SABD0002000012","AAV2.0.0.13","4.0.0.2323","PSt7-10","171027-008","9/15/2022 2:43:31 PM","0000-00","0","no battery","V","","µV","","µV"
"11/15/2022","17:31:05","7","default","171425599","OXY_CH7","10.814","min","186.241","μmol/L","Humid","21.124","deg","88902","µV","28.904","°C","1025.000","hPa","36.0","pmil","0","55.700","deg","20.000","°C","100.000","%a.s.","22.210","deg","20.000","°C","971.000","hPa","0.826","-0.01532","0.000401","-0.00012","0","11.08","Humid","30.45","0","49.40","252825.44","SABD0002000012","AAV2.0.0.13","4.0.0.2323","PSt7-10","171027-008","9/15/2022 2:43:31 PM","0000-00","0","no battery","V","","µV","","µV"
"11/15/2022","17:31:06","7","default","171425599","OXY_CH7","10.831","min","186.309","μmol/L","Humid","21.122","deg","88912","µV","28.898","°C","1025.000","hPa","36.0","pmil","0","55.700","deg","20.000","°C","100.000","%a.s.","22.210","deg","20.000","°C","971.000","hPa","0.826","-0.01532","0.000401","-0.00012","0","11.08","Humid","30.45","0","49.40","252821.13","SABD0002000012","AAV2.0.0.13","4.0.0.2323","PSt7-10","171027-008","9/15/2022 2:43:31 PM","0000-00","0","no battery","V","","µV","","µV"
"11/15/2022","17:31:07","7","default","171425599","OXY_CH7","10.847","min","186.189","μmol/L","Humid","21.125","deg","88898","µV","28.910","°C","1025.000","hPa","36.0","pmil","0","55.700","deg","20.000","°C","100.000","%a.s.","22.210","deg","20.000","°C","971.000","hPa","0.826","-0.01532","0.000401","-0.00012","0","11.08","Humid","30.45","0","49.40","252818.54","SABD0002000012","AAV2.0.0.13","4.0.0.2323","PSt7-10","171027-008","9/15/2022 2:43:31 PM","0000-00","0","no battery","V","","µV","","µV"
"11/15/2022","17:31:08","7","default","171425599","OXY_CH7","10.864","min","186.222","μmol/L","Humid","21.123","deg","88900","µV","28.910","°C","1025.000","hPa","36.0","pmil","0","55.700","deg","20.000","°C","100.000","%a.s.","22.210","deg","20.000","°C","971.000","hPa","0.826","-0.01532","0.000401","-0.00012","0","11.08","Humid","30.45","0","49.40","252820.81","SABD0002000012","AAV2.0.0.13","4.0.0.2323","PSt7-10","171027-008","9/15/2022 2:43:31 PM","0000-00","0","no battery","V","","µV","","µV"
"11/15/2022","17:31:09","7","default","171425599","OXY_CH7","10.881","min","186.239","μmol/L","Humid","21.122","deg","88904","µV","28.910","°C","1025.000","hPa","36.0","pmil","0","55.700","deg","20.000","°C","100.000","%a.s.","22.210","deg","20.000","°C","971.000","hPa","0.826","-0.01532","0.000401","-0.00012","0","11.08","Humid","30.45","0","49.40","252819.90","SABD0002000012","AAV2.0.0.13","4.0.0.2323","PSt7-10","171027-008","9/15/2022 2:43:31 PM","0000-00","0","no battery","V","","µV","","µV"
"11/15/2022","17:31:10","7","default","171425599","OXY_CH7","10.897","min","186.255","μmol/L","Humid","21.121","deg","88896","µV","28.910","°C","1025.000","hPa","36.0","pmil","0","55.700","deg","20.000","°C","100.000","%a.s.","22.210","deg","20.000","°C","971.000","hPa","0.826","-0.01532","0.000401","-0.00012","0","11.08","Humid","30.45","0","49.40","252820.00","SABD0002000012","AAV2.0.0.13","4.0.0.2323","PSt7-10","171027-008","9/15/2022 2:43:31 PM","0000-00","0","no battery","V","","µV","","µV"
"11/15/2022","17:31:11","7","default","171425599","OXY_CH7","10.913","min","186.307","μmol/L","Humid","21.120","deg","88889","µV","28.904","°C","1025.000","hPa","36.0","pmil","0","55.700","deg","20.000","°C","100.000","%a.s.","22.210","deg","20.000","°C","971.000","hPa","0.826","-0.01532","0.000401","-0.00012","0","11.08","Humid","30.45","0","49.40","252828.47","SABD0002000012","AAV2.0.0.13","4.0.0.2323","PSt7-10","171027-008","9/15/2022 2:43:31 PM","0000-00","0","no battery","V","","µV","","µV"
"11/15/2022","17:31:12","7","default","171425599","OXY_CH7","10.930","min","186.255","μmol/L","Humid","21.121","deg","88893","µV","28.910","°C","1025.000","hPa","36.0","pmil","0","55.700","deg","20.000","°C","100.000","%a.s.","22.210","deg","20.000","°C","971.000","hPa","0.826","-0.01532","0.000401","-0.00012","0","11.08","Humid","30.45","0","49.40","252830.16","SABD0002000012","AAV2.0.0.13","4.0.0.2323","PSt7-10","171027-008","9/15/2022 2:43:31 PM","0000-00","0","no battery","V","","µV","","µV"
"11/15/2022","17:31:13","7","default","171425599","OXY_CH7","10.947","min","186.324","μmol/L","Humid","21.119","deg","88897","µV","28.904","°C","1025.000","hPa","36.0","pmil","0","55.700","deg","20.000","°C","100.000","%a.s.","22.210","deg","20.000","°C","971.000","hPa","0.826","-0.01532","0.000401","-0.00012","0","11.08","Humid","30.45","0","49.40","252823.04","SABD0002000012","AAV2.0.0.13","4.0.0.2323","PSt7-10","171027-008","9/15/2022 2:43:31 PM","0000-00","0","no battery","V","","µV","","µV"
"11/15/2022","17:31:14","7","default","171425599","OXY_CH7","10.963","min","186.289","μmol/L","Humid","21.119","deg","88890","µV","28.910","°C","1025.000","hPa","36.0","pmil","0","55.700","deg","20.000","°C","100.000","%a.s.","22.210","deg","20.000","°C","971.000","hPa","0.826","-0.01532","0.000401","-0.00012","0","11.08","Humid","30.45","0","49.40","252818.17","SABD0002000012","AAV2.0.0.13","4.0.0.2323","PSt7-10","171027-008","9/15/2022 2:43:31 PM","0000-00","0","no battery","V","","µV","","µV"
"11/15/2022","17:31:15","7","default","171425599","OXY_CH7","10.980","min","186.274","μmol/L","Humid","21.122","deg","88885","µV","28.904","°C","1025.000","hPa","36.0","pmil","0","55.700","deg","20.000","°C","100.000","%a.s.","22.210","deg","20.000","°C","971.000","hPa","0.826","-0.01532","0.000401","-0.00012","0","11.08","Humid","30.45","0","49.40","252824.58","SABD0002000012","AAV2.0.0.13","4.0.0.2323","PSt7-10","171027-008","9/15/2022 2:43:31 PM","0000-00","0","no battery","V","","µV","","µV"
"11/15/2022","17:31:16","7","default","171425599","OXY_CH7","10.997","min","186.272","μmol/L","Humid","21.120","deg","88890","µV","28.910","°C","1025.000","hPa","36.0","pmil","0","55.700","deg","20.000","°C","100.000","%a.s.","22.210","deg","20.000","°C","971.000","hPa","0.826","-0.01532","0.000401","-0.00012","0","11.08","Humid","30.45","0","49.40","252809.92","SABD0002000012","AAV2.0.0.13","4.0.0.2323","PSt7-10","171027-008","9/15/2022 2:43:31 PM","0000-00","0","no battery","V","","µV","","µV"
"11/15/2022","17:31:17","7","default","171425599","OXY_CH7","11.013","min","186.239","μmol/L","Humid","21.122","deg","88888","µV","28.910","°C","1025.000","hPa","36.0","pmil","0","55.700","deg","20.000","°C","100.000","%a.s.","22.210","deg","20.000","°C","971.000","hPa","0.826","-0.01532","0.000401","-0.00012","0","11.08","Humid","30.45","0","49.40","252810.94","SABD0002000012","AAV2.0.0.13","4.0.0.2323","PSt7-10","171027-008","9/15/2022 2:43:31 PM","0000-00","0","no battery","V","","µV","","µV"
"11/15/2022","17:31:18","7","default","171425599","OXY_CH7","11.030","min","186.291","μmol/L","Humid","21.121","deg","88887","µV","28.904","°C","1025.000","hPa","36.0","pmil","0","55.700","deg","20.000","°C","100.000","%a.s.","22.210","deg","20.000","°C","971.000","hPa","0.826","-0.01532","0.000401","-0.00012","0","11.08","Humid","30.45","0","49.40","252819.06","SABD0002000012","AAV2.0.0.13","4.0.0.2323","PSt7-10","171027-008","9/15/2022 2:43:31 PM","0000-00","0","no battery","V","","µV","","µV"
"11/15/2022","17:31:19","7","default","171425599","OXY_CH7","11.047","min","186.239","μmol/L","Humid","21.122","deg","88885","µV","28.910","°C","1025.000","hPa","36.0","pmil","0","55.700","deg","20.000","°C","100.000","%a.s.","22.210","deg","20.000","°C","971.000","hPa","0.826","-0.01532","0.000401","-0.00012","0","11.08","Humid","30.45","0","49.40","252810.59","SABD0002000012","AAV2.0.0.13","4.0.0.2323","PSt7-10","171027-008","9/15/2022 2:43:31 PM","0000-00","0","no battery","V","","µV","","µV"
"11/15/2022","17:31:20","7","default","171425599","OXY_CH7","11.064","min","186.255","μmol/L","Humid","21.121","deg","88875","µV","28.910","°C","1025.000","hPa","36.0","pmil","0","55.700","deg","20.000","°C","100.000","%a.s.","22.210","deg","20.000","°C","971.000","hPa","0.826","-0.01532","0.000401","-0.00012","0","11.08","Humid","30.45","0","49.40","252820.21","SABD0002000012","AAV2.0.0.13","4.0.0.2323","PSt7-10","171027-008","9/15/2022 2:43:31 PM","0000-00","0","no battery","V","","µV","","µV"
"11/15/2022","17:31:21","7","default","171425599","OXY_CH7","11.080","min","186.272","μmol/L","Humid","21.120","deg","88876","µV","28.910","°C","1025.000","hPa","36.0","pmil","0","55.700","deg","20.000","°C","100.000","%a.s.","22.210","deg","20.000","°C","971.000","hPa","0.826","-0.01532","0.000401","-0.00012","0","11.08","Humid","30.45","0","49.40","252808.12","SABD0002000012","AAV2.0.0.13","4.0.0.2323","PSt7-10","171027-008","9/15/2022 2:43:31 PM","0000-00","0","no battery","V","","µV","","µV"
"11/15/2022","17:31:22","7","default","171425599","OXY_CH7","11.097","min","186.156","μmol/L","Humid","21.127","deg","88871","µV","28.910","°C","1025.000","hPa","36.0","pmil","0","55.700","deg","20.000","°C","100.000","%a.s.","22.210","deg","20.000","°C","971.000","hPa","0.826","-0.01532","0.000401","-0.00012","0","11.08","Humid","30.45","0","49.40","252802.82","SABD0002000012","AAV2.0.0.13","4.0.0.2323","PSt7-10","171027-008","9/15/2022 2:43:31 PM","0000-00","0","no battery","V","","µV","","µV"
"11/15/2022","17:31:23","7","default","171425599","OXY_CH7","11.114","min","186.208","μmol/L","Humid","21.126","deg","88866","µV","28.904","°C","1025.000","hPa","36.0","pmil","0","55.700","deg","20.000","°C","100.000","%a.s.","22.210","deg","20.000","°C","971.000","hPa","0.826","-0.01532","0.000401","-0.00012","0","11.08","Humid","30.45","0","49.40","252796.41","SABD0002000012","AAV2.0.0.13","4.0.0.2323","PSt7-10","171027-008","9/15/2022 2:43:31 PM","0000-00","0","no battery","V","","µV","","µV"
"11/15/2022","17:31:24","7","default","171425599","OXY_CH7","11.130","min","186.324","μmol/L","Humid","21.119","deg","88868","µV","28.904","°C","1025.000","hPa","36.0","pmil","0","55.700","deg","20.000","°C","100.000","%a.s.","22.210","deg","20.000","°C","971.000","hPa","0.826","-0.01532","0.000401","-0.00012","0","11.08","Humid","30.45","0","49.40","252799.58","SABD0002000012","AAV2.0.0.13","4.0.0.2323","PSt7-10","171027-008","9/15/2022 2:43:31 PM","0000-00","0","no battery","V","","µV","","µV"
"11/15/2022","17:31:25","7","default","171425599","OXY_CH7","11.147","min","186.239","μmol/L","Humid","21.122","deg","88862","µV","28.910","°C","1025.000","hPa","36.0","pmil","0","55.700","deg","20.000","°C","100.000","%a.s.","22.210","deg","20.000","°C","971.000","hPa","0.826","-0.01532","0.000401","-0.00012","0","11.08","Humid","30.45","0","49.40","252801.22","SABD0002000012","AAV2.0.0.13","4.0.0.2323","PSt7-10","171027-008","9/15/2022 2:43:31 PM","0000-00","0","no battery","V","","µV","","µV"
"11/15/2022","17:31:26","7","default","171425599","OXY_CH7","11.164","min","186.324","μmol/L","Humid","21.119","deg","88867","µV","28.904","°C","1025.000","hPa","36.0","pmil","0","55.700","deg","20.000","°C","100.000","%a.s.","22.210","deg","20.000","°C","971.000","hPa","0.826","-0.01532","0.000401","-0.00012","0","11.08","Humid","30.45","0","49.40","252794.48","SABD0002000012","AAV2.0.0.13","4.0.0.2323","PSt7-10","171027-008","9/15/2022 2:43:31 PM","0000-00","0","no battery","V","","µV","","µV"
"11/15/2022","17:31:27","7","default","171425599","OXY_CH7","11.181","min","186.272","μmol/L","Humid","21.120","deg","88859","µV","28.910","°C","1025.000","hPa","36.0","pmil","0","55.700","deg","20.000","°C","100.000","%a.s.","22.210","deg","20.000","°C","971.000","hPa","0.826","-0.01532","0.000401","-0.00012","0","11.08","Humid","30.45","0","49.40","252792.55","SABD0002000012","AAV2.0.0.13","4.0.0.2323","PSt7-10","171027-008","9/15/2022 2:43:31 PM","0000-00","0","no battery","V","","µV","","µV"
"11/15/2022","17:31:28","7","default","171425599","OXY_CH7","11.197","min","186.388","μmol/L","Humid","21.113","deg","88856","µV","28.910","°C","1025.000","hPa","36.0","pmil","0","55.700","deg","20.000","°C","100.000","%a.s.","22.210","deg","20.000","°C","971.000","hPa","0.826","-0.01532","0.000401","-0.00012","0","11.08","Humid","30.45","0","49.40","252805.41","SABD0002000012","AAV2.0.0.13","4.0.0.2323","PSt7-10","171027-008","9/15/2022 2:43:31 PM","0000-00","0","no battery","V","","µV","","µV"
"11/15/2022","17:31:29","7","default","171425599","OXY_CH7","11.214","min","186.220","μmol/L","Humid","21.121","deg","88859","µV","28.916","°C","1025.000","hPa","36.0","pmil","0","55.700","deg","20.000","°C","100.000","%a.s.","22.210","deg","20.000","°C","971.000","hPa","0.826","-0.01532","0.000401","-0.00012","0","11.08","Humid","30.45","0","49.40","252802.40","SABD0002000012","AAV2.0.0.13","4.0.0.2323","PSt7-10","171027-008","9/15/2022 2:43:31 PM","0000-00","0","no battery","V","","µV","","µV"
"11/15/2022","17:31:30","7","default","171425599","OXY_CH7","11.231","min","186.291","μmol/L","Humid","21.121","deg","88852","µV","28.904","°C","1025.000","hPa","36.0","pmil","0","55.700","deg","20.000","°C","100.000","%a.s.","22.210","deg","20.000","°C","971.000","hPa","0.826","-0.01532","0.000401","-0.00012","0","11.08","Humid","30.45","0","49.40","252797.18","SABD0002000012","AAV2.0.0.13","4.0.0.2323","PSt7-10","171027-008","9/15/2022 2:43:31 PM","0000-00","0","no battery","V","","µV","","µV"
"11/15/2022","17:31:31","7","default","171425599","OXY_CH7","11.248","min","186.305","μmol/L","Humid","21.118","deg","88853","µV","28.910","°C","1025.000","hPa","36.0","pmil","0","55.700","deg","20.000","°C","100.000","%a.s.","22.210","deg","20.000","°C","971.000","hPa","0.826","-0.01532","0.000401","-0.00012","0","11.08","Humid","30.45","0","49.40","252790.57","SABD0002000012","AAV2.0.0.13","4.0.0.2323","PSt7-10","171027-008","9/15/2022 2:43:31 PM","0000-00","0","no battery","V","","µV","","µV"
"11/15/2022","17:31:32","7","default","171425599","OXY_CH7","11.264","min","186.322","μmol/L","Humid","21.117","deg","88844","µV","28.910","°C","1025.000","hPa","36.0","pmil","0","55.700","deg","20.000","°C","100.000","%a.s.","22.210","deg","20.000","°C","971.000","hPa","0.826","-0.01532","0.000401","-0.00012","0","11.08","Humid","30.45","0","49.40","252794.53","SABD0002000012","AAV2.0.0.13","4.0.0.2323","PSt7-10","171027-008","9/15/2022 2:43:31 PM","0000-00","0","no battery","V","","µV","","µV"
"11/15/2022","17:31:33","7","default","171425599","OXY_CH7","11.280","min","186.322","μmol/L","Humid","21.117","deg","88847","µV","28.910","°C","1025.000","hPa","36.0","pmil","0","55.700","deg","20.000","°C","100.000","%a.s.","22.210","deg","20.000","°C","971.000","hPa","0.826","-0.01532","0.000401","-0.00012","0","11.08","Humid","30.45","0","49.40","252779.60","SABD0002000012","AAV2.0.0.13","4.0.0.2323","PSt7-10","171027-008","9/15/2022 2:43:31 PM","0000-00","0","no battery","V","","µV","","µV"
"11/15/2022","17:31:34","7","default","171425599","OXY_CH7","11.297","min","186.239","μmol/L","Humid","21.122","deg","88846","µV","28.910","°C","1025.000","hPa","36.0","pmil","0","55.700","deg","20.000","°C","100.000","%a.s.","22.210","deg","20.000","°C","971.000","hPa","0.826","-0.01532","0.000401","-0.00012","0","11.08","Humid","30.45","0","49.40","252786.99","SABD0002000012","AAV2.0.0.13","4.0.0.2323","PSt7-10","171027-008","9/15/2022 2:43:31 PM","0000-00","0","no battery","V","","µV","","µV"
"11/15/2022","17:31:35","7","default","171425599","OXY_CH7","11.313","min","186.371","μmol/L","Humid","21.114","deg","88839","µV","28.910","°C","1025.000","hPa","36.0","pmil","0","55.700","deg","20.000","°C","100.000","%a.s.","22.210","deg","20.000","°C","971.000","hPa","0.826","-0.01532","0.000401","-0.00012","0","11.08","Humid","30.45","0","49.40","252778.89","SABD0002000012","AAV2.0.0.13","4.0.0.2323","PSt7-10","171027-008","9/15/2022 2:43:31 PM","0000-00","0","no battery","V","","µV","","µV"
"11/15/2022","17:31:36","7","default","171425599","OXY_CH7","11.330","min","186.274","μmol/L","Humid","21.122","deg","88841","µV","28.904","°C","1025.000","hPa","36.0","pmil","0","55.700","deg","20.000","°C","100.000","%a.s.","22.210","deg","20.000","°C","971.000","hPa","0.826","-0.01532","0.000401","-0.00012","0","11.08","Humid","30.45","0","49.40","252793.97","SABD0002000012","AAV2.0.0.13","4.0.0.2323","PSt7-10","171027-008","9/15/2022 2:43:31 PM","0000-00","0","no battery","V","","µV","","µV"
"11/15/2022","17:31:37","7","default","171425599","OXY_CH7","11.347","min","186.286","μmol/L","Humid","21.117","deg","88830","µV","28.916","°C","1025.000","hPa","36.0","pmil","0","55.700","deg","20.000","°C","100.000","%a.s.","22.210","deg","20.000","°C","971.000","hPa","0.826","-0.01532","0.000401","-0.00012","0","11.08","Humid","30.45","0","49.40","252780.78","SABD0002000012","AAV2.0.0.13","4.0.0.2323","PSt7-10","171027-008","9/15/2022 2:43:31 PM","0000-00","0","no battery","V","","µV","","µV"
"11/15/2022","17:31:38","7","default","171425599","OXY_CH7","11.364","min","186.357","μmol/L","Humid","21.117","deg","88836","µV","28.904","°C","1025.000","hPa","36.0","pmil","0","55.700","deg","20.000","°C","100.000","%a.s.","22.210","deg","20.000","°C","971.000","hPa","0.826","-0.01532","0.000401","-0.00012","0","11.08","Humid","30.45","0","49.40","252792.41","SABD0002000012","AAV2.0.0.13","4.0.0.2323","PSt7-10","171027-008","9/15/2022 2:43:31 PM","0000-00","0","no battery","V","","µV","","µV"
"11/15/2022","17:31:39","7","default","171425599","OXY_CH7","11.380","min","186.322","μmol/L","Humid","21.117","deg","88834","µV","28.910","°C","1025.000","hPa","36.0","pmil","0","55.700","deg","20.000","°C","100.000","%a.s.","22.210","deg","20.000","°C","971.000","hPa","0.826","-0.01532","0.000401","-0.00012","0","11.08","Humid","30.45","0","49.40","252789.63","SABD0002000012","AAV2.0.0.13","4.0.0.2323","PSt7-10","171027-008","9/15/2022 2:43:31 PM","0000-00","0","no battery","V","","µV","","µV"
"11/15/2022","17:31:40","7","default","171425599","OXY_CH7","11.397","min","186.392","μmol/L","Humid","21.117","deg","88834","µV","28.898","°C","1025.000","hPa","36.0","pmil","0","55.700","deg","20.000","°C","100.000","%a.s.","22.210","deg","20.000","°C","971.000","hPa","0.826","-0.01532","0.000401","-0.00012","0","11.08","Humid","30.45","0","49.40","252788.72","SABD0002000012","AAV2.0.0.13","4.0.0.2323","PSt7-10","171027-008","9/15/2022 2:43:31 PM","0000-00","0","no battery","V","","µV","","µV"
"11/15/2022","17:31:41","7","default","171425599","OXY_CH7","11.414","min","186.340","μmol/L","Humid","21.118","deg","88833","µV","28.904","°C","1025.000","hPa","36.0","pmil","0","55.700","deg","20.000","°C","100.000","%a.s.","22.210","deg","20.000","°C","971.000","hPa","0.826","-0.01532","0.000401","-0.00012","0","11.08","Humid","30.45","0","49.40","252782.37","SABD0002000012","AAV2.0.0.13","4.0.0.2323","PSt7-10","171027-008","9/15/2022 2:43:31 PM","0000-00","0","no battery","V","","µV","","µV"
"11/15/2022","17:31:42","7","default","171425599","OXY_CH7","11.430","min","186.355","μmol/L","Humid","21.115","deg","88827","µV","28.910","°C","1025.000","hPa","36.0","pmil","0","55.700","deg","20.000","°C","100.000","%a.s.","22.210","deg","20.000","°C","971.000","hPa","0.826","-0.01532","0.000401","-0.00012","0","11.08","Humid","30.45","0","49.40","252772.34","SABD0002000012","AAV2.0.0.13","4.0.0.2323","PSt7-10","171027-008","9/15/2022 2:43:31 PM","0000-00","0","no battery","V","","µV","","µV"
"11/15/2022","17:31:43","7","default","171425599","OXY_CH7","11.447","min","186.355","μmol/L","Humid","21.115","deg","88831","µV","28.910","°C","1025.000","hPa","36.0","pmil","0","55.700","deg","20.000","°C","100.000","%a.s.","22.210","deg","20.000","°C","971.000","hPa","0.826","-0.01532","0.000401","-0.00012","0","11.08","Humid","30.45","0","49.40","252788.50","SABD0002000012","AAV2.0.0.13","4.0.0.2323","PSt7-10","171027-008","9/15/2022 2:43:31 PM","0000-00","0","no battery","V","","µV","","µV"
"11/15/2022","17:31:44","7","default","171425599","OXY_CH7","11.464","min","186.305","μmol/L","Humid","21.118","deg","88825","µV","28.910","°C","1025.000","hPa","36.0","pmil","0","55.700","deg","20.000","°C","100.000","%a.s.","22.210","deg","20.000","°C","971.000","hPa","0.826","-0.01532","0.000401","-0.00012","0","11.08","Humid","30.45","0","49.40","252774.90","SABD0002000012","AAV2.0.0.13","4.0.0.2323","PSt7-10","171027-008","9/15/2022 2:43:31 PM","0000-00","0","no battery","V","","µV","","µV"
"11/15/2022","17:31:45","7","default","171425599","OXY_CH7","11.481","min","186.324","μmol/L","Humid","21.119","deg","88812","µV","28.904","°C","1025.000","hPa","36.0","pmil","0","55.700","deg","20.000","°C","100.000","%a.s.","22.210","deg","20.000","°C","971.000","hPa","0.826","-0.01532","0.000401","-0.00012","0","11.08","Humid","30.45","0","49.40","252768.08","SABD0002000012","AAV2.0.0.13","4.0.0.2323","PSt7-10","171027-008","9/15/2022 2:43:31 PM","0000-00","0","no battery","V","","µV","","µV"
"11/15/2022","17:31:46","7","default","171425599","OXY_CH7","11.497","min","186.322","μmol/L","Humid","21.117","deg","88821","µV","28.910","°C","1025.000","hPa","36.0","pmil","0","55.700","deg","20.000","°C","100.000","%a.s.","22.210","deg","20.000","°C","971.000","hPa","0.826","-0.01532","0.000401","-0.00012","0","11.08","Humid","30.45","0","49.40","252778.12","SABD0002000012","AAV2.0.0.13","4.0.0.2323","PSt7-10","171027-008","9/15/2022 2:43:31 PM","0000-00","0","no battery","V","","µV","","µV"
"11/15/2022","17:31:47","7","default","171425599","OXY_CH7","11.514","min","186.357","μmol/L","Humid","21.117","deg","88814","µV","28.904","°C","1025.000","hPa","36.0","pmil","0","55.700","deg","20.000","°C","100.000","%a.s.","22.210","deg","20.000","°C","971.000","hPa","0.826","-0.01532","0.000401","-0.00012","0","11.08","Humid","30.45","0","49.40","252771.98","SABD0002000012","AAV2.0.0.13","4.0.0.2323","PSt7-10","171027-008","9/15/2022 2:43:31 PM","0000-00","0","no battery","V","","µV","","µV"
"11/15/2022","17:31:48","7","default","171425599","OXY_CH7","11.531","min","186.307","μmol/L","Humid","21.120","deg","88817","µV","28.904","°C","1025.000","hPa","36.0","pmil","0","55.700","deg","20.000","°C","100.000","%a.s.","22.210","deg","20.000","°C","971.000","hPa","0.826","-0.01532","0.000401","-0.00012","0","11.08","Humid","30.45","0","49.40","252777.00","SABD0002000012","AAV2.0.0.13","4.0.0.2323","PSt7-10","171027-008","9/15/2022 2:43:31 PM","0000-00","0","no battery","V","","µV","","µV"
"11/15/2022","17:31:49","7","default","171425599","OXY_CH7","11.547","min","186.425","μmol/L","Humid","21.115","deg","88818","µV","28.898","°C","1025.000","hPa","36.0","pmil","0","55.700","deg","20.000","°C","100.000","%a.s.","22.210","deg","20.000","°C","971.000","hPa","0.826","-0.01532","0.000401","-0.00012","0","11.08","Humid","30.45","0","49.40","252768.93","SABD0002000012","AAV2.0.0.13","4.0.0.2323","PSt7-10","171027-008","9/15/2022 2:43:31 PM","0000-00","0","no battery","V","","µV","","µV"
"11/15/2022","17:31:50","7","default","171425599","OXY_CH7","11.564","min","186.322","μmol/L","Humid","21.117","deg","88807","µV","28.910","°C","1025.000","hPa","36.0","pmil","0","55.700","deg","20.000","°C","100.000","%a.s.","22.210","deg","20.000","°C","971.000","hPa","0.826","-0.01532","0.000401","-0.00012","0","11.08","Humid","30.45","0","49.40","252768.29","SABD0002000012","AAV2.0.0.13","4.0.0.2323","PSt7-10","171027-008","9/15/2022 2:43:31 PM","0000-00","0","no battery","V","","µV","","µV"
"11/15/2022","17:31:51","7","default","171425599","OXY_CH7","11.580","min","186.392","μmol/L","Humid","21.117","deg","88805","µV","28.898","°C","1025.000","hPa","36.0","pmil","0","55.700","deg","20.000","°C","100.000","%a.s.","22.210","deg","20.000","°C","971.000","hPa","0.826","-0.01532","0.000401","-0.00012","0","11.08","Humid","30.45","0","49.40","252771.04","SABD0002000012","AAV2.0.0.13","4.0.0.2323","PSt7-10","171027-008","9/15/2022 2:43:31 PM","0000-00","0","no battery","V","","µV","","µV"
"11/15/2022","17:31:52","7","default","171425599","OXY_CH7","11.597","min","186.376","μmol/L","Humid","21.118","deg","88808","µV","28.898","°C","1025.000","hPa","36.0","pmil","0","55.700","deg","20.000","°C","100.000","%a.s.","22.210","deg","20.000","°C","971.000","hPa","0.826","-0.01532","0.000401","-0.00012","0","11.08","Humid","30.45","0","49.40","252771.91","SABD0002000012","AAV2.0.0.13","4.0.0.2323","PSt7-10","171027-008","9/15/2022 2:43:31 PM","0000-00","0","no battery","V","","µV","","µV"
"11/15/2022","17:31:53","7","default","171425599","OXY_CH7","11.614","min","186.340","μmol/L","Humid","21.118","deg","88804","µV","28.904","°C","1025.000","hPa","36.0","pmil","0","55.700","deg","20.000","°C","100.000","%a.s.","22.210","deg","20.000","°C","971.000","hPa","0.826","-0.01532","0.000401","-0.00012","0","11.08","Humid","30.45","0","49.40","252776.92","SABD0002000012","AAV2.0.0.13","4.0.0.2323","PSt7-10","171027-008","9/15/2022 2:43:31 PM","0000-00","0","no battery","V","","µV","","µV"
"11/15/2022","17:31:54","7","default","171425599","OXY_CH7","11.630","min","186.376","μmol/L","Humid","21.118","deg","88801","µV","28.898","°C","1025.000","hPa","36.0","pmil","0","55.700","deg","20.000","°C","100.000","%a.s.","22.210","deg","20.000","°C","971.000","hPa","0.826","-0.01532","0.000401","-0.00012","0","11.08","Humid","30.45","0","49.40","252772.12","SABD0002000012","AAV2.0.0.13","4.0.0.2323","PSt7-10","171027-008","9/15/2022 2:43:31 PM","0000-00","0","no battery","V","","µV","","µV"
"11/15/2022","17:31:55","7","default","171425599","OXY_CH7","11.647","min","186.355","μmol/L","Humid","21.115","deg","88796","µV","28.910","°C","1025.000","hPa","36.0","pmil","0","55.700","deg","20.000","°C","100.000","%a.s.","22.210","deg","20.000","°C","971.000","hPa","0.826","-0.01532","0.000401","-0.00012","0","11.08","Humid","30.45","0","49.40","252757.32","SABD0002000012","AAV2.0.0.13","4.0.0.2323","PSt7-10","171027-008","9/15/2022 2:43:31 PM","0000-00","0","no battery","V","","µV","","µV"
"11/15/2022","17:31:56","7","default","171425599","OXY_CH7","11.664","min","186.491","μmol/L","Humid","21.111","deg","88799","µV","28.898","°C","1025.000","hPa","36.0","pmil","0","55.700","deg","20.000","°C","100.000","%a.s.","22.210","deg","20.000","°C","971.000","hPa","0.826","-0.01532","0.000401","-0.00012","0","11.08","Humid","30.45","0","49.40","252759.35","SABD0002000012","AAV2.0.0.13","4.0.0.2323","PSt7-10","171027-008","9/15/2022 2:43:31 PM","0000-00","0","no battery","V","","µV","","µV"
"11/15/2022","17:31:57","7","default","171425599","OXY_CH7","11.681","min","186.355","μmol/L","Humid","21.115","deg","88792","µV","28.910","°C","1025.000","hPa","36.0","pmil","0","55.700","deg","20.000","°C","100.000","%a.s.","22.210","deg","20.000","°C","971.000","hPa","0.826","-0.01532","0.000401","-0.00012","0","11.08","Humid","30.45","0","49.40","252764.28","SABD0002000012","AAV2.0.0.13","4.0.0.2323","PSt7-10","171027-008","9/15/2022 2:43:31 PM","0000-00","0","no battery","V","","µV","","µV"
"11/15/2022","17:31:58","7","default","171425599","OXY_CH7","11.697","min","186.423","μmol/L","Humid","21.113","deg","88791","µV","28.904","°C","1025.000","hPa","36.0","pmil","0","55.700","deg","20.000","°C","100.000","%a.s.","22.210","deg","20.000","°C","971.000","hPa","0.826","-0.01532","0.000401","-0.00012","0","11.08","Humid","30.45","0","49.40","252747.70","SABD0002000012","AAV2.0.0.13","4.0.0.2323","PSt7-10","171027-008","9/15/2022 2:43:31 PM","0000-00","0","no battery","V","","µV","","µV"
"11/15/2022","17:31:59","7","default","171425599","OXY_CH7","11.714","min","186.355","μmol/L","Humid","21.115","deg","88791","µV","28.910","°C","1025.000","hPa","36.0","pmil","0","55.700","deg","20.000","°C","100.000","%a.s.","22.210","deg","20.000","°C","971.000","hPa","0.826","-0.01532","0.000401","-0.00012","0","11.08","Humid","30.45","0","49.40","252763.87","SABD0002000012","AAV2.0.0.13","4.0.0.2323","PSt7-10","171027-008","9/15/2022 2:43:31 PM","0000-00","0","no battery","V","","µV","","µV"
"11/15/2022","17:32:00","7","default","171425599","OXY_CH7","11.731","min","186.371","μmol/L","Humid","21.114","deg","88790","µV","28.910","°C","1025.000","hPa","36.0","pmil","0","55.700","deg","20.000","°C","100.000","%a.s.","22.210","deg","20.000","°C","971.000","hPa","0.826","-0.01532","0.000401","-0.00012","0","11.08","Humid","30.45","0","49.40","252757.92","SABD0002000012","AAV2.0.0.13","4.0.0.2323","PSt7-10","171027-008","9/15/2022 2:43:31 PM","0000-00","0","no battery","V","","µV","","µV"
"11/15/2022","17:32:01","7","default","171425599","OXY_CH7","11.747","min","186.357","μmol/L","Humid","21.117","deg","88784","µV","28.904","°C","1025.000","hPa","36.0","pmil","0","55.700","deg","20.000","°C","100.000","%a.s.","22.210","deg","20.000","°C","971.000","hPa","0.826","-0.01532","0.000401","-0.00012","0","11.08","Humid","30.45","0","49.40","252750.49","SABD0002000012","AAV2.0.0.13","4.0.0.2323","PSt7-10","171027-008","9/15/2022 2:43:31 PM","0000-00","0","no battery","V","","µV","","µV"
"11/15/2022","17:32:02","7","default","171425599","OXY_CH7","11.764","min","186.355","μmol/L","Humid","21.115","deg","88785","µV","28.910","°C","1025.000","hPa","36.0","pmil","0","55.700","deg","20.000","°C","100.000","%a.s.","22.210","deg","20.000","°C","971.000","hPa","0.826","-0.01532","0.000401","-0.00012","0","11.08","Humid","30.45","0","49.40","252755.35","SABD0002000012","AAV2.0.0.13","4.0.0.2323","PSt7-10","171027-008","9/15/2022 2:43:31 PM","0000-00","0","no battery","V","","µV","","µV"
"11/15/2022","17:32:03","7","default","171425599","OXY_CH7","11.780","min","186.390","μmol/L","Humid","21.115","deg","88781","µV","28.904","°C","1025.000","hPa","36.0","pmil","0","55.700","deg","20.000","°C","100.000","%a.s.","22.210","deg","20.000","°C","971.000","hPa","0.826","-0.01532","0.000401","-0.00012","0","11.08","Humid","30.45","0","49.40","252745.72","SABD0002000012","AAV2.0.0.13","4.0.0.2323","PSt7-10","171027-008","9/15/2022 2:43:31 PM","0000-00","0","no battery","V","","µV","","µV"
"11/15/2022","17:32:04","7","default","171425599","OXY_CH7","11.797","min","186.390","μmol/L","Humid","21.115","deg","88783","µV","28.904","°C","1025.000","hPa","36.0","pmil","0","55.700","deg","20.000","°C","100.000","%a.s.","22.210","deg","20.000","°C","971.000","hPa","0.826","-0.01532","0.000401","-0.00012","0","11.08","Humid","30.45","0","49.40","252752.18","SABD0002000012","AAV2.0.0.13","4.0.0.2323","PSt7-10","171027-008","9/15/2022 2:43:31 PM","0000-00","0","no battery","V","","µV","","µV"
"11/15/2022","17:32:05","7","default","171425599","OXY_CH7","11.813","min","186.407","μmol/L","Humid","21.114","deg","88778","µV","28.904","°C","1025.000","hPa","36.0","pmil","0","55.700","deg","20.000","°C","100.000","%a.s.","22.210","deg","20.000","°C","971.000","hPa","0.826","-0.01532","0.000401","-0.00012","0","11.08","Humid","30.45","0","49.40","252749.60","SABD0002000012","AAV2.0.0.13","4.0.0.2323","PSt7-10","171027-008","9/15/2022 2:43:31 PM","0000-00","0","no battery","V","","µV","","µV"
"11/15/2022","17:32:06","7","default","171425599","OXY_CH7","11.830","min","186.423","μmol/L","Humid","21.113","deg","88782","µV","28.904","°C","1025.000","hPa","36.0","pmil","0","55.700","deg","20.000","°C","100.000","%a.s.","22.210","deg","20.000","°C","971.000","hPa","0.826","-0.01532","0.000401","-0.00012","0","11.08","Humid","30.45","0","49.40","252743.74","SABD0002000012","AAV2.0.0.13","4.0.0.2323","PSt7-10","171027-008","9/15/2022 2:43:31 PM","0000-00","0","no battery","V","","µV","","µV"
"11/15/2022","17:32:07","7","default","171425599","OXY_CH7","11.847","min","186.338","μmol/L","Humid","21.116","deg","88777","µV","28.910","°C","1025.000","hPa","36.0","pmil","0","55.700","deg","20.000","°C","100.000","%a.s.","22.210","deg","20.000","°C","971.000","hPa","0.826","-0.01532","0.000401","-0.00012","0","11.08","Humid","30.45","0","49.40","252747.91","SABD0002000012","AAV2.0.0.13","4.0.0.2323","PSt7-10","171027-008","9/15/2022 2:43:31 PM","0000-00","0","no battery","V","","µV","","µV"
"11/15/2022","17:32:08","7","default","171425599","OXY_CH7","11.864","min","186.440","μmol/L","Humid","21.112","deg","88774","µV","28.904","°C","1025.000","hPa","36.0","pmil","0","55.700","deg","20.000","°C","100.000","%a.s.","22.210","deg","20.000","°C","971.000","hPa","0.826","-0.01532","0.000401","-0.00012","0","11.08","Humid","30.45","0","49.40","252751.25","SABD0002000012","AAV2.0.0.13","4.0.0.2323","PSt7-10","171027-008","9/15/2022 2:43:31 PM","0000-00","0","no battery","V","","µV","","µV"
"11/15/2022","17:32:09","7","default","171425599","OXY_CH7","11.880","min","186.489","μmol/L","Humid","21.109","deg","88767","µV","28.904","°C","1025.000","hPa","36.0","pmil","0","55.700","deg","20.000","°C","100.000","%a.s.","22.210","deg","20.000","°C","971.000","hPa","0.826","-0.01532","0.000401","-0.00012","0","11.08","Humid","30.45","0","49.40","252736.33","SABD0002000012","AAV2.0.0.13","4.0.0.2323","PSt7-10","171027-008","9/15/2022 2:43:31 PM","0000-00","0","no battery","V","","µV","","µV"
"11/15/2022","17:32:10","7","default","171425599","OXY_CH7","11.897","min","186.456","μmol/L","Humid","21.111","deg","88764","µV","28.904","°C","1025.000","hPa","36.0","pmil","0","55.700","deg","20.000","°C","100.000","%a.s.","22.210","deg","20.000","°C","971.000","hPa","0.826","-0.01532","0.000401","-0.00012","0","11.08","Humid","30.45","0","49.40","252738.44","SABD0002000012","AAV2.0.0.13","4.0.0.2323","PSt7-10","171027-008","9/15/2022 2:43:31 PM","0000-00","0","no battery","V","","µV","","µV"
"11/15/2022","17:32:11","7","default","171425599","OXY_CH7","11.914","min","186.322","μmol/L","Humid","21.117","deg","88761","µV","28.910","°C","1025.000","hPa","36.0","pmil","0","55.700","deg","20.000","°C","100.000","%a.s.","22.210","deg","20.000","°C","971.000","hPa","0.826","-0.01532","0.000401","-0.00012","0","11.08","Humid","30.45","0","49.40","252742.78","SABD0002000012","AAV2.0.0.13","4.0.0.2323","PSt7-10","171027-008","9/15/2022 2:43:31 PM","0000-00","0","no battery","V","","µV","","µV"
"11/15/2022","17:32:12","7","default","171425599","OXY_CH7","11.931","min","186.440","μmol/L","Humid","21.112","deg","88769","µV","28.904","°C","1025.000","hPa","36.0","pmil","0","55.700","deg","20.000","°C","100.000","%a.s.","22.210","deg","20.000","°C","971.000","hPa","0.826","-0.01532","0.000401","-0.00012","0","11.08","Humid","30.45","0","49.40","252745.57","SABD0002000012","AAV2.0.0.13","4.0.0.2323","PSt7-10","171027-008","9/15/2022 2:43:31 PM","0000-00","0","no battery","V","","µV","","µV"
"11/15/2022","17:32:13","7","default","171425599","OXY_CH7","11.947","min","186.390","μmol/L","Humid","21.115","deg","88763","µV","28.904","°C","1025.000","hPa","36.0","pmil","0","55.700","deg","20.000","°C","100.000","%a.s.","22.210","deg","20.000","°C","971.000","hPa","0.826","-0.01532","0.000401","-0.00012","0","11.08","Humid","30.45","0","49.40","252738.78","SABD0002000012","AAV2.0.0.13","4.0.0.2323","PSt7-10","171027-008","9/15/2022 2:43:31 PM","0000-00","0","no battery","V","","µV","","µV"
"11/15/2022","17:32:14","7","default","171425599","OXY_CH7","11.964","min","186.404","μmol/L","Humid","21.112","deg","88758","µV","28.910","°C","1025.000","hPa","36.0","pmil","0","55.700","deg","20.000","°C","100.000","%a.s.","22.210","deg","20.000","°C","971.000","hPa","0.826","-0.01532","0.000401","-0.00012","0","11.08","Humid","30.45","0","49.40","252749.00","SABD0002000012","AAV2.0.0.13","4.0.0.2323","PSt7-10","171027-008","9/15/2022 2:43:31 PM","0000-00","0","no battery","V","","µV","","µV"
"11/15/2022","17:32:15","7","default","171425599","OXY_CH7","11.981","min","186.423","μmol/L","Humid","21.113","deg","88752","µV","28.904","°C","1025.000","hPa","36.0","pmil","0","55.700","deg","20.000","°C","100.000","%a.s.","22.210","deg","20.000","°C","971.000","hPa","0.826","-0.01532","0.000401","-0.00012","0","11.08","Humid","30.45","0","49.40","252731.20","SABD0002000012","AAV2.0.0.13","4.0.0.2323","PSt7-10","171027-008","9/15/2022 2:43:31 PM","0000-00","0","no battery","V","","µV","","µV"
"11/15/2022","17:32:16","7","default","171425599","OXY_CH7","11.997","min","186.491","μmol/L","Humid","21.111","deg","88752","µV","28.898","°C","1025.000","hPa","36.0","pmil","0","55.700","deg","20.000","°C","100.000","%a.s.","22.210","deg","20.000","°C","971.000","hPa","0.826","-0.01532","0.000401","-0.00012","0","11.08","Humid","30.45","0","49.40","252720.57","SABD0002000012","AAV2.0.0.13","4.0.0.2323","PSt7-10","171027-008","9/15/2022 2:43:31 PM","0000-00","0","no battery","V","","µV","","µV"
"11/15/2022","17:32:17","7","default","171425599","OXY_CH7","12.014","min","186.423","μmol/L","Humid","21.113","deg","88752","µV","28.904","°C","1025.000","hPa","36.0","pmil","0","55.700","deg","20.000","°C","100.000","%a.s.","22.210","deg","20.000","°C","971.000","hPa","0.826","-0.01532","0.000401","-0.00012","0","11.08","Humid","30.45","0","49.40","252731.89","SABD0002000012","AAV2.0.0.13","4.0.0.2323","PSt7-10","171027-008","9/15/2022 2:43:31 PM","0000-00","0","no battery","V","","µV","","µV"
"11/15/2022","17:32:18","7","default","171425599","OXY_CH7","12.030","min","186.456","μmol/L","Humid","21.111","deg","88756","µV","28.904","°C","1025.000","hPa","36.0","pmil","0","55.700","deg","20.000","°C","100.000","%a.s.","22.210","deg","20.000","°C","971.000","hPa","0.826","-0.01532","0.000401","-0.00012","0","11.08","Humid","30.45","0","49.40","252727.63","SABD0002000012","AAV2.0.0.13","4.0.0.2323","PSt7-10","171027-008","9/15/2022 2:43:31 PM","0000-00","0","no battery","V","","µV","","µV"
"11/15/2022","17:32:19","7","default","171425599","OXY_CH7","12.047","min","186.456","μmol/L","Humid","21.111","deg","88745","µV","28.904","°C","1025.000","hPa","36.0","pmil","0","55.700","deg","20.000","°C","100.000","%a.s.","22.210","deg","20.000","°C","971.000","hPa","0.826","-0.01532","0.000401","-0.00012","0","11.08","Humid","30.45","0","49.40","252724.97","SABD0002000012","AAV2.0.0.13","4.0.0.2323","PSt7-10","171027-008","9/15/2022 2:43:31 PM","0000-00","0","no battery","V","","µV","","µV"
"11/15/2022","17:32:20","7","default","171425599","OXY_CH7","12.063","min","186.390","μmol/L","Humid","21.115","deg","88745","µV","28.904","°C","1025.000","hPa","36.0","pmil","0","55.700","deg","20.000","°C","100.000","%a.s.","22.210","deg","20.000","°C","971.000","hPa","0.826","-0.01532","0.000401","-0.00012","0","11.08","Humid","30.45","0","49.40","252739.85","SABD0002000012","AAV2.0.0.13","4.0.0.2323","PSt7-10","171027-008","9/15/2022 2:43:31 PM","0000-00","0","no battery","V","","µV","","µV"
"11/15/2022","17:32:21","7","default","171425599","OXY_CH7","12.080","min","186.458","μmol/L","Humid","21.113","deg","88740","µV","28.898","°C","1025.000","hPa","36.0","pmil","0","55.700","deg","20.000","°C","100.000","%a.s.","22.210","deg","20.000","°C","971.000","hPa","0.826","-0.01532","0.000401","-0.00012","0","11.08","Humid","30.45","0","49.40","252731.83","SABD0002000012","AAV2.0.0.13","4.0.0.2323","PSt7-10","171027-008","9/15/2022 2:43:31 PM","0000-00","0","no battery","V","","µV","","µV"
"11/15/2022","17:32:22","7","default","171425599","OXY_CH7","12.097","min","186.440","μmol/L","Humid","21.112","deg","88742","µV","28.904","°C","1025.000","hPa","36.0","pmil","0","55.700","deg","20.000","°C","100.000","%a.s.","22.210","deg","20.000","°C","971.000","hPa","0.826","-0.01532","0.000401","-0.00012","0","11.08","Humid","30.45","0","49.40","252720.08","SABD0002000012","AAV2.0.0.13","4.0.0.2323","PSt7-10","171027-008","9/15/2022 2:43:31 PM","0000-00","0","no battery","V","","µV","","µV"
"11/15/2022","17:32:23","7","default","171425599","OXY_CH7","12.114","min","186.458","μmol/L","Humid","21.113","deg","88735","µV","28.898","°C","1025.000","hPa","36.0","pmil","0","55.700","deg","20.000","°C","100.000","%a.s.","22.210","deg","20.000","°C","971.000","hPa","0.826","-0.01532","0.000401","-0.00012","0","11.08","Humid","30.45","0","49.40","252729.59","SABD0002000012","AAV2.0.0.13","4.0.0.2323","PSt7-10","171027-008","9/15/2022 2:43:31 PM","0000-00","0","no battery","V","","µV","","µV"
"11/15/2022","17:32:24","7","default","171425599","OXY_CH7","12.130","min","186.423","μmol/L","Humid","21.113","deg","88735","µV","28.904","°C","1025.000","hPa","36.0","pmil","0","55.700","deg","20.000","°C","100.000","%a.s.","22.210","deg","20.000","°C","971.000","hPa","0.826","-0.01532","0.000401","-0.00012","0","11.08","Humid","30.45","0","49.40","252709.35","SABD0002000012","AAV2.0.0.13","4.0.0.2323","PSt7-10","171027-008","9/15/2022 2:43:31 PM","0000-00","0","no battery","V","","µV","","µV"
"11/15/2022","17:32:25","7","default","171425599","OXY_CH7","12.147","min","186.438","μmol/L","Humid","21.110","deg","88727","µV","28.910","°C","1025.000","hPa","36.0","pmil","0","55.700","deg","20.000","°C","100.000","%a.s.","22.210","deg","20.000","°C","971.000","hPa","0.826","-0.01532","0.000401","-0.00012","0","11.08","Humid","30.45","0","49.40","252712.13","SABD0002000012","AAV2.0.0.13","4.0.0.2323","PSt7-10","171027-008","9/15/2022 2:43:31 PM","0000-00","0","no battery","V","","µV","","µV"
"11/15/2022","17:32:26","7","default","171425599","OXY_CH7","12.164","min","186.506","μmol/L","Humid","21.108","deg","88732","µV","28.904","°C","1025.000","hPa","36.0","pmil","0","55.700","deg","20.000","°C","100.000","%a.s.","22.210","deg","20.000","°C","971.000","hPa","0.826","-0.01532","0.000401","-0.00012","0","11.08","Humid","30.45","0","49.40","252707.73","SABD0002000012","AAV2.0.0.13","4.0.0.2323","PSt7-10","171027-008","9/15/2022 2:43:31 PM","0000-00","0","no battery","V","","µV","","µV"
"11/15/2022","17:32:27","7","default","171425599","OXY_CH7","12.181","min","186.556","μmol/L","Humid","21.105","deg","88728","µV","28.904","°C","1025.000","hPa","36.0","pmil","0","55.700","deg","20.000","°C","100.000","%a.s.","22.210","deg","20.000","°C","971.000","hPa","0.826","-0.01532","0.000401","-0.00012","0","11.08","Humid","30.45","0","49.40","252718.02","SABD0002000012","AAV2.0.0.13","4.0.0.2323","PSt7-10","171027-008","9/15/2022 2:43:31 PM","0000-00","0","no battery","V","","µV","","µV"
"11/15/2022","17:32:28","7","default","171425599","OXY_CH7","12.197","min","186.558","μmol/L","Humid","21.107","deg","88728","µV","28.898","°C","1025.000","hPa","36.0","pmil","0","55.700","deg","20.000","°C","100.000","%a.s.","22.210","deg","20.000","°C","971.000","hPa","0.826","-0.01532","0.000401","-0.00012","0","11.08","Humid","30.45","0","49.40","252702.21","SABD0002000012","AAV2.0.0.13","4.0.0.2323","PSt7-10","171027-008","9/15/2022 2:43:31 PM","0000-00","0","no battery","V","","µV","","µV"
"11/15/2022","17:32:29","7","default","171425599","OXY_CH7","12.214","min","186.539","μmol/L","Humid","21.106","deg","88727","µV","28.904","°C","1025.000","hPa","36.0","pmil","0","55.700","deg","20.000","°C","100.000","%a.s.","22.210","deg","20.000","°C","971.000","hPa","0.826","-0.01532","0.000401","-0.00012","0","11.08","Humid","30.45","0","49.40","252703.49","SABD0002000012","AAV2.0.0.13","4.0.0.2323","PSt7-10","171027-008","9/15/2022 2:43:31 PM","0000-00","0","no battery","V","","µV","","µV"
"11/15/2022","17:32:30","7","default","171425599","OXY_CH7","12.231","min","186.473","μmol/L","Humid","21.110","deg","88723","µV","28.904","°C","1025.000","hPa","36.0","pmil","0","55.700","deg","20.000","°C","100.000","%a.s.","22.210","deg","20.000","°C","971.000","hPa","0.826","-0.01532","0.000401","-0.00012","0","11.08","Humid","30.45","0","49.40","252717.86","SABD0002000012","AAV2.0.0.13","4.0.0.2323","PSt7-10","171027-008","9/15/2022 2:43:31 PM","0000-00","0","no battery","V","","µV","","µV"
"11/15/2022","17:32:31","7","default","171425599","OXY_CH7","12.248","min","186.487","μmol/L","Humid","21.107","deg","88727","µV","28.910","°C","1025.000","hPa","36.0","pmil","0","55.700","deg","20.000","°C","100.000","%a.s.","22.210","deg","20.000","°C","971.000","hPa","0.826","-0.01532","0.000401","-0.00012","0","11.08","Humid","30.45","0","49.40","252711.85","SABD0002000012","AAV2.0.0.13","4.0.0.2323","PSt7-10","171027-008","9/15/2022 2:43:31 PM","0000-00","0","no battery","V","","µV","","µV"
"11/15/2022","17:32:32","7","default","171425599","OXY_CH7","12.264","min","186.572","μmol/L","Humid","21.104","deg","88715","µV","28.904","°C","1025.000","hPa","36.0","pmil","0","55.700","deg","20.000","°C","100.000","%a.s.","22.210","deg","20.000","°C","971.000","hPa","0.826","-0.01532","0.000401","-0.00012","0","11.08","Humid","30.45","0","49.40","252709.73","SABD0002000012","AAV2.0.0.13","4.0.0.2323","PSt7-10","171027-008","9/15/2022 2:43:31 PM","0000-00","0","no battery","V","","µV","","µV"
"11/15/2022","17:32:33","7","default","171425599","OXY_CH7","12.280","min","186.522","μmol/L","Humid","21.107","deg","88709","µV","28.904","°C","1025.000","hPa","36.0","pmil","0","55.700","deg","20.000","°C","100.000","%a.s.","22.210","deg","20.000","°C","971.000","hPa","0.826","-0.01532","0.000401","-0.00012","0","11.08","Humid","30.45","0","49.40","252707.33","SABD0002000012","AAV2.0.0.13","4.0.0.2323","PSt7-10","171027-008","9/15/2022 2:43:31 PM","0000-00","0","no battery","V","","µV","","µV"
"11/15/2022","17:32:34","7","default","171425599","OXY_CH7","12.297","min","186.522","μmol/L","Humid","21.107","deg","88713","µV","28.904","°C","1025.000","hPa","36.0","pmil","0","55.700","deg","20.000","°C","100.000","%a.s.","22.210","deg","20.000","°C","971.000","hPa","0.826","-0.01532","0.000401","-0.00012","0","11.08","Humid","30.45","0","49.40","252701.70","SABD0002000012","AAV2.0.0.13","4.0.0.2323","PSt7-10","171027-008","9/15/2022 2:43:31 PM","0000-00","0","no battery","V","","µV","","µV"
"11/15/2022","17:32:35","7","default","171425599","OXY_CH7","12.314","min","186.421","μmol/L","Humid","21.111","deg","88707","µV","28.910","°C","1025.000","hPa","36.0","pmil","0","55.700","deg","20.000","°C","100.000","%a.s.","22.210","deg","20.000","°C","971.000","hPa","0.826","-0.01532","0.000401","-0.00012","0","11.08","Humid","30.45","0","49.40","252699.76","SABD0002000012","AAV2.0.0.13","4.0.0.2323","PSt7-10","171027-008","9/15/2022 2:43:31 PM","0000-00","0","no battery","V","","µV","","µV"
"11/15/2022","17:32:36","7","default","171425599","OXY_CH7","12.330","min","186.456","μmol/L","Humid","21.111","deg","88710","µV","28.904","°C","1025.000","hPa","36.0","pmil","0","55.700","deg","20.000","°C","100.000","%a.s.","22.210","deg","20.000","°C","971.000","hPa","0.826","-0.01532","0.000401","-0.00012","0","11.08","Humid","30.45","0","49.40","252699.69","SABD0002000012","AAV2.0.0.13","4.0.0.2323","PSt7-10","171027-008","9/15/2022 2:43:31 PM","0000-00","0","no battery","V","","µV","","µV"
"11/15/2022","17:32:37","7","default","171425599","OXY_CH7","12.347","min","186.541","μmol/L","Humid","21.108","deg","88700","µV","28.898","°C","1025.000","hPa","36.0","pmil","0","55.700","deg","20.000","°C","100.000","%a.s.","22.210","deg","20.000","°C","971.000","hPa","0.826","-0.01532","0.000401","-0.00012","0","11.08","Humid","30.45","0","49.40","252698.41","SABD0002000012","AAV2.0.0.13","4.0.0.2323","PSt7-10","171027-008","9/15/2022 2:43:31 PM","0000-00","0","no battery","V","","µV","","µV"
"11/15/2022","17:32:38","7","default","171425599","OXY_CH7","12.364","min","186.440","μmol/L","Humid","21.112","deg","88707","µV","28.904","°C","1025.000","hPa","36.0","pmil","0","55.700","deg","20.000","°C","100.000","%a.s.","22.210","deg","20.000","°C","971.000","hPa","0.826","-0.01532","0.000401","-0.00012","0","11.08","Humid","30.45","0","49.40","252713.23","SABD0002000012","AAV2.0.0.13","4.0.0.2323","PSt7-10","171027-008","9/15/2022 2:43:31 PM","0000-00","0","no battery","V","","µV","","µV"
"11/15/2022","17:32:39","7","default","171425599","OXY_CH7","12.380","min","186.506","μmol/L","Humid","21.108","deg","88696","µV","28.904","°C","1025.000","hPa","36.0","pmil","0","55.700","deg","20.000","°C","100.000","%a.s.","22.210","deg","20.000","°C","971.000","hPa","0.826","-0.01532","0.000401","-0.00012","0","11.08","Humid","30.45","0","49.40","252692.99","SABD0002000012","AAV2.0.0.13","4.0.0.2323","PSt7-10","171027-008","9/15/2022 2:43:31 PM","0000-00","0","no battery","V","","µV","","µV"
"11/15/2022","17:32:40","7","default","171425599","OXY_CH7","12.397","min","186.574","μmol/L","Humid","21.106","deg","88706","µV","28.898","°C","1025.000","hPa","36.0","pmil","0","55.700","deg","20.000","°C","100.000","%a.s.","22.210","deg","20.000","°C","971.000","hPa","0.826","-0.01532","0.000401","-0.00012","0","11.08","Humid","30.45","0","49.40","252711.86","SABD0002000012","AAV2.0.0.13","4.0.0.2323","PSt7-10","171027-008","9/15/2022 2:43:31 PM","0000-00","0","no battery","V","","µV","","µV"
"11/15/2022","17:32:41","7","default","171425599","OXY_CH7","12.414","min","186.407","μmol/L","Humid","21.114","deg","88702","µV","28.904","°C","1025.000","hPa","36.0","pmil","0","55.700","deg","20.000","°C","100.000","%a.s.","22.210","deg","20.000","°C","971.000","hPa","0.826","-0.01532","0.000401","-0.00012","0","11.08","Humid","30.45","0","49.40","252702.97","SABD0002000012","AAV2.0.0.13","4.0.0.2323","PSt7-10","171027-008","9/15/2022 2:43:31 PM","0000-00","0","no battery","V","","µV","","µV"
"11/15/2022","17:32:42","7","default","171425599","OXY_CH7","12.431","min","186.458","μmol/L","Humid","21.113","deg","88701","µV","28.898","°C","1025.000","hPa","36.0","pmil","0","55.700","deg","20.000","°C","100.000","%a.s.","22.210","deg","20.000","°C","971.000","hPa","0.826","-0.01532","0.000401","-0.00012","0","11.08","Humid","30.45","0","49.40","252698.97","SABD0002000012","AAV2.0.0.13","4.0.0.2323","PSt7-10","171027-008","9/15/2022 2:43:31 PM","0000-00","0","no battery","V","","µV","","µV"
"11/15/2022","17:32:43","7","default","171425599","OXY_CH7","12.447","min","186.605","μmol/L","Humid","21.102","deg","88689","µV","28.904","°C","1025.000","hPa","36.0","pmil","0","55.700","deg","20.000","°C","100.000","%a.s.","22.210","deg","20.000","°C","971.000","hPa","0.826","-0.01532","0.000401","-0.00012","0","11.08","Humid","30.45","0","49.40","252704.39","SABD0002000012","AAV2.0.0.13","4.0.0.2323","PSt7-10","171027-008","9/15/2022 2:43:31 PM","0000-00","0","no battery","V","","µV","","µV"
"11/15/2022","17:32:44","7","default","171425599","OXY_CH7","12.464","min","186.489","μmol/L","Humid","21.109","deg","88697","µV","28.904","°C","1025.000","hPa","36.0","pmil","0","55.700","deg","20.000","°C","100.000","%a.s.","22.210","deg","20.000","°C","971.000","hPa","0.826","-0.01532","0.000401","-0.00012","0","11.08","Humid","30.45","0","49.40","252703.54","SABD0002000012","AAV2.0.0.13","4.0.0.2323","PSt7-10","171027-008","9/15/2022 2:43:31 PM","0000-00","0","no battery","V","","µV","","µV"
"11/15/2022","17:32:45","7","default","171425599","OXY_CH7","12.481","min","186.605","μmol/L","Humid","21.102","deg","88690","µV","28.904","°C","1025.000","hPa","36.0","pmil","0","55.700","deg","20.000","°C","100.000","%a.s.","22.210","deg","20.000","°C","971.000","hPa","0.826","-0.01532","0.000401","-0.00012","0","11.08","Humid","30.45","0","49.40","252700.88","SABD0002000012","AAV2.0.0.13","4.0.0.2323","PSt7-10","171027-008","9/15/2022 2:43:31 PM","0000-00","0","no battery","V","","µV","","µV"
"11/15/2022","17:32:46","7","default","171425599","OXY_CH7","12.498","min","186.622","μmol/L","Humid","21.101","deg","88697","µV","28.904","°C","1025.000","hPa","36.0","pmil","0","55.700","deg","20.000","°C","100.000","%a.s.","22.210","deg","20.000","°C","971.000","hPa","0.826","-0.01532","0.000401","-0.00012","0","11.08","Humid","30.45","0","49.40","252712.26","SABD0002000012","AAV2.0.0.13","4.0.0.2323","PSt7-10","171027-008","9/15/2022 2:43:31 PM","0000-00","0","no battery","V","","µV","","µV"
"11/15/2022","17:32:47","7","default","171425599","OXY_CH7","12.513","min","186.556","μmol/L","Humid","21.105","deg","88683","µV","28.904","°C","1025.000","hPa","36.0","pmil","0","55.700","deg","20.000","°C","100.000","%a.s.","22.210","deg","20.000","°C","971.000","hPa","0.826","-0.01532","0.000401","-0.00012","0","11.08","Humid","30.45","0","49.40","252692.28","SABD0002000012","AAV2.0.0.13","4.0.0.2323","PSt7-10","171027-008","9/15/2022 2:43:31 PM","0000-00","0","no battery","V","","µV","","µV"
"11/15/2022","17:32:48","7","default","171425599","OXY_CH7","12.530","min","186.539","μmol/L","Humid","21.106","deg","88689","µV","28.904","°C","1025.000","hPa","36.0","pmil","0","55.700","deg","20.000","°C","100.000","%a.s.","22.210","deg","20.000","°C","971.000","hPa","0.826","-0.01532","0.000401","-0.00012","0","11.08","Humid","30.45","0","49.40","252694.27","SABD0002000012","AAV2.0.0.13","4.0.0.2323","PSt7-10","171027-008","9/15/2022 2:43:31 PM","0000-00","0","no battery","V","","µV","","µV"
"11/15/2022","17:32:49","7","default","171425599","OXY_CH7","12.547","min","186.539","μmol/L","Humid","21.106","deg","88677","µV","28.904","°C","1025.000","hPa","36.0","pmil","0","55.700","deg","20.000","°C","100.000","%a.s.","22.210","deg","20.000","°C","971.000","hPa","0.826","-0.01532","0.000401","-0.00012","0","11.08","Humid","30.45","0","49.40","252694.74","SABD0002000012","AAV2.0.0.13","4.0.0.2323","PSt7-10","171027-008","9/15/2022 2:43:31 PM","0000-00","0","no battery","V","","µV","","µV"
"11/15/2022","17:32:50","7","default","171425599","OXY_CH7","12.564","min","186.591","μmol/L","Humid","21.105","deg","88683","µV","28.898","°C","1025.000","hPa","36.0","pmil","0","55.700","deg","20.000","°C","100.000","%a.s.","22.210","deg","20.000","°C","971.000","hPa","0.826","-0.01532","0.000401","-0.00012","0","11.08","Humid","30.45","0","49.40","252688.87","SABD0002000012","AAV2.0.0.13","4.0.0.2323","PSt7-10","171027-008","9/15/2022 2:43:31 PM","0000-00","0","no battery","V","","µV","","µV"
"11/15/2022","17:32:51","7","default","171425599","OXY_CH7","12.580","min","186.626","μmol/L","Humid","21.105","deg","88674","µV","28.892","°C","1025.000","hPa","36.0","pmil","0","55.700","deg","20.000","°C","100.000","%a.s.","22.210","deg","20.000","°C","971.000","hPa","0.826","-0.01532","0.000401","-0.00012","0","11.08","Humid","30.45","0","49.40","252685.05","SABD0002000012","AAV2.0.0.13","4.0.0.2323","PSt7-10","171027-008","9/15/2022 2:43:31 PM","0000-00","0","no battery","V","","µV","","µV"
"11/15/2022","17:32:52","7","default","171425599","OXY_CH7","12.597","min","186.541","μmol/L","Humid","21.108","deg","88685","µV","28.898","°C","1025.000","hPa","36.0","pmil","0","55.700","deg","20.000","°C","100.000","%a.s.","22.210","deg","20.000","°C","971.000","hPa","0.826","-0.01532","0.000401","-0.00012","0","11.08","Humid","30.45","0","49.40","252682.49","SABD0002000012","AAV2.0.0.13","4.0.0.2323","PSt7-10","171027-008","9/15/2022 2:43:31 PM","0000-00","0","no battery","V","","µV","","µV"
"11/15/2022","17:32:53","7","default","171425599","OXY_CH7","12.614","min","186.522","μmol/L","Humid","21.107","deg","88676","µV","28.904","°C","1025.000","hPa","36.0","pmil","0","55.700","deg","20.000","°C","100.000","%a.s.","22.210","deg","20.000","°C","971.000","hPa","0.826","-0.01532","0.000401","-0.00012","0","11.08","Humid","30.45","0","49.40","252687.73","SABD0002000012","AAV2.0.0.13","4.0.0.2323","PSt7-10","171027-008","9/15/2022 2:43:31 PM","0000-00","0","no battery","V","","µV","","µV"
"11/15/2022","17:32:54","7","default","171425599","OXY_CH7","12.630","min","186.522","μmol/L","Humid","21.107","deg","88670","µV","28.904","°C","1025.000","hPa","36.0","pmil","0","55.700","deg","20.000","°C","100.000","%a.s.","22.210","deg","20.000","°C","971.000","hPa","0.826","-0.01532","0.000401","-0.00012","0","11.08","Humid","30.45","0","49.40","252673.46","SABD0002000012","AAV2.0.0.13","4.0.0.2323","PSt7-10","171027-008","9/15/2022 2:43:31 PM","0000-00","0","no battery","V","","µV","","µV"
"11/15/2022","17:32:55","7","default","171425599","OXY_CH7","12.647","min","186.607","μmol/L","Humid","21.104","deg","88668","µV","28.898","°C","1025.000","hPa","36.0","pmil","0","55.700","deg","20.000","°C","100.000","%a.s.","22.210","deg","20.000","°C","971.000","hPa","0.826","-0.01532","0.000401","-0.00012","0","11.08","Humid","30.45","0","49.40","252678.48","SABD0002000012","AAV2.0.0.13","4.0.0.2323","PSt7-10","171027-008","9/15/2022 2:43:31 PM","0000-00","0","no battery","V","","µV","","µV"
"11/15/2022","17:32:56","7","default","171425599","OXY_CH7","12.664","min","186.589","μmol/L","Humid","21.103","deg","88661","µV","28.904","°C","1025.000","hPa","36.0","pmil","0","55.700","deg","20.000","°C","100.000","%a.s.","22.210","deg","20.000","°C","971.000","hPa","0.826","-0.01532","0.000401","-0.00012","0","11.08","Humid","30.45","0","49.40","252672.90","SABD0002000012","AAV2.0.0.13","4.0.0.2323","PSt7-10","171027-008","9/15/2022 2:43:31 PM","0000-00","0","no battery","V","","µV","","µV"
"11/15/2022","17:32:57","7","default","171425599","OXY_CH7","12.680","min","186.572","μmol/L","Humid","21.104","deg","88673","µV","28.904","°C","1025.000","hPa","36.0","pmil","0","55.700","deg","20.000","°C","100.000","%a.s.","22.210","deg","20.000","°C","971.000","hPa","0.826","-0.01532","0.000401","-0.00012","0","11.08","Humid","30.45","0","49.40","252682.22","SABD0002000012","AAV2.0.0.13","4.0.0.2323","PSt7-10","171027-008","9/15/2022 2:43:31 PM","0000-00","0","no battery","V","","µV","","µV"
"11/15/2022","17:32:58","7","default","171425599","OXY_CH7","12.697","min","186.458","μmol/L","Humid","21.113","deg","88664","µV","28.898","°C","1025.000","hPa","36.0","pmil","0","55.700","deg","20.000","°C","100.000","%a.s.","22.210","deg","20.000","°C","971.000","hPa","0.826","-0.01532","0.000401","-0.00012","0","11.08","Humid","30.45","0","49.40","252687.16","SABD0002000012","AAV2.0.0.13","4.0.0.2323","PSt7-10","171027-008","9/15/2022 2:43:31 PM","0000-00","0","no battery","V","","µV","","µV"
"11/15/2022","17:32:59","7","default","171425599","OXY_CH7","12.714","min","186.574","μmol/L","Humid","21.106","deg","88662","µV","28.898","°C","1025.000","hPa","36.0","pmil","0","55.700","deg","20.000","°C","100.000","%a.s.","22.210","deg","20.000","°C","971.000","hPa","0.826","-0.01532","0.000401","-0.00012","0","11.08","Humid","30.45","0","49.40","252681.58","SABD0002000012","AAV2.0.0.13","4.0.0.2323","PSt7-10","171027-008","9/15/2022 2:43:31 PM","0000-00","0","no battery","V","","µV","","µV"
"11/15/2022","17:33:00","7","default","171425599","OXY_CH7","12.731","min","186.603","μmol/L","Humid","21.100","deg","88660","µV","28.910","°C","1025.000","hPa","36.0","pmil","0","55.700","deg","20.000","°C","100.000","%a.s.","22.210","deg","20.000","°C","971.000","hPa","0.826","-0.01532","0.000401","-0.00012","0","11.08","Humid","30.45","0","49.40","252697.60","SABD0002000012","AAV2.0.0.13","4.0.0.2323","PSt7-10","171027-008","9/15/2022 2:43:31 PM","0000-00","0","no battery","V","","µV","","µV"
"11/15/2022","17:33:01","7","default","171425599","OXY_CH7","12.747","min","186.574","μmol/L","Humid","21.106","deg","88649","µV","28.898","°C","1025.000","hPa","36.0","pmil","0","55.700","deg","20.000","°C","100.000","%a.s.","22.210","deg","20.000","°C","971.000","hPa","0.826","-0.01532","0.000401","-0.00012","0","11.08","Humid","30.45","0","49.40","252679.28","SABD0002000012","AAV2.0.0.13","4.0.0.2323","PSt7-10","171027-008","9/15/2022 2:43:31 PM","0000-00","0","no battery","V","","µV","","µV"
"11/15/2022","17:33:02","7","default","171425599","OXY_CH7","12.764","min","186.641","μmol/L","Humid","21.102","deg","88656","µV","28.898","°C","1025.000","hPa","36.0","pmil","0","55.700","deg","20.000","°C","100.000","%a.s.","22.210","deg","20.000","°C","971.000","hPa","0.826","-0.01532","0.000401","-0.00012","0","11.08","Humid","30.45","0","49.40","252686.40","SABD0002000012","AAV2.0.0.13","4.0.0.2323","PSt7-10","171027-008","9/15/2022 2:43:31 PM","0000-00","0","no battery","V","","µV","","µV"
"11/15/2022","17:33:03","7","default","171425599","OXY_CH7","12.781","min","186.587","μmol/L","Humid","21.101","deg","88645","µV","28.910","°C","1025.000","hPa","36.0","pmil","0","55.700","deg","20.000","°C","100.000","%a.s.","22.210","deg","20.000","°C","971.000","hPa","0.826","-0.01532","0.000401","-0.00012","0","11.08","Humid","30.45","0","49.40","252686.85","SABD0002000012","AAV2.0.0.13","4.0.0.2323","PSt7-10","171027-008","9/15/2022 2:43:31 PM","0000-00","0","no battery","V","","µV","","µV"
"11/15/2022","17:33:04","7","default","171425599","OXY_CH7","12.797","min","186.591","μmol/L","Humid","21.105","deg","88650","µV","28.898","°C","1025.000","hPa","36.0","pmil","0","55.700","deg","20.000","°C","100.000","%a.s.","22.210","deg","20.000","°C","971.000","hPa","0.826","-0.01532","0.000401","-0.00012","0","11.08","Humid","30.45","0","49.40","252693.24","SABD0002000012","AAV2.0.0.13","4.0.0.2323","PSt7-10","171027-008","9/15/2022 2:43:31 PM","0000-00","0","no battery","V","","µV","","µV"
"11/15/2022","17:33:05","7","default","171425599","OXY_CH7","12.813","min","186.641","μmol/L","Humid","21.102","deg","88646","µV","28.898","°C","1025.000","hPa","36.0","pmil","0","55.700","deg","20.000","°C","100.000","%a.s.","22.210","deg","20.000","°C","971.000","hPa","0.826","-0.01532","0.000401","-0.00012","0","11.08","Humid","30.45","0","49.40","252674.43","SABD0002000012","AAV2.0.0.13","4.0.0.2323","PSt7-10","171027-008","9/15/2022 2:43:31 PM","0000-00","0","no battery","V","","µV","","µV"
"11/15/2022","17:33:06","7","default","171425599","OXY_CH7","12.830","min","186.655","μmol/L","Humid","21.099","deg","88650","µV","28.904","°C","1025.000","hPa","36.0","pmil","0","55.700","deg","20.000","°C","100.000","%a.s.","22.210","deg","20.000","°C","971.000","hPa","0.826","-0.01532","0.000401","-0.00012","0","11.08","Humid","30.45","0","49.40","252699.03","SABD0002000012","AAV2.0.0.13","4.0.0.2323","PSt7-10","171027-008","9/15/2022 2:43:31 PM","0000-00","0","no battery","V","","µV","","µV"
"11/15/2022","17:33:07","7","default","171425599","OXY_CH7","12.847","min","186.522","μmol/L","Humid","21.107","deg","88642","µV","28.904","°C","1025.000","hPa","36.0","pmil","0","55.700","deg","20.000","°C","100.000","%a.s.","22.210","deg","20.000","°C","971.000","hPa","0.826","-0.01532","0.000401","-0.00012","0","11.08","Humid","30.45","0","49.40","252682.98","SABD0002000012","AAV2.0.0.13","4.0.0.2323","PSt7-10","171027-008","9/15/2022 2:43:31 PM","0000-00","0","no battery","V","","µV","","µV"
"11/15/2022","17:33:08","7","default","171425599","OXY_CH7","12.864","min","186.641","μmol/L","Humid","21.102","deg","88642","µV","28.898","°C","1025.000","hPa","36.0","pmil","0","55.700","deg","20.000","°C","100.000","%a.s.","22.210","deg","20.000","°C","971.000","hPa","0.826","-0.01532","0.000401","-0.00012","0","11.08","Humid","30.45","0","49.40","252681.47","SABD0002000012","AAV2.0.0.13","4.0.0.2323","PSt7-10","171027-008","9/15/2022 2:43:31 PM","0000-00","0","no battery","V","","µV","","µV"
"11/15/2022","17:33:09","7","default","171425599","OXY_CH7","12.880","min","186.572","μmol/L","Humid","21.104","deg","88642","µV","28.904","°C","1025.000","hPa","36.0","pmil","0","55.700","deg","20.000","°C","100.000","%a.s.","22.210","deg","20.000","°C","971.000","hPa","0.826","-0.01532","0.000401","-0.00012","0","11.08","Humid","30.45","0","49.40","252683.25","SABD0002000012","AAV2.0.0.13","4.0.0.2323","PSt7-10","171027-008","9/15/2022 2:43:31 PM","0000-00","0","no battery","V","","µV","","µV"
"11/15/2022","17:33:10","7","default","171425599","OXY_CH7","12.897","min","186.676","μmol/L","Humid","21.102","deg","88634","µV","28.892","°C","1025.000","hPa","36.0","pmil","0","55.700","deg","20.000","°C","100.000","%a.s.","22.210","deg","20.000","°C","971.000","hPa","0.826","-0.01532","0.000401","-0.00012","0","11.08","Humid","30.45","0","49.40","252693.39","SABD0002000012","AAV2.0.0.13","4.0.0.2323","PSt7-10","171027-008","9/15/2022 2:43:31 PM","0000-00","0","no battery","V","","µV","","µV"
"11/15/2022","17:33:11","7","default","171425599","OXY_CH7","12.914","min","186.624","μmol/L","Humid","21.103","deg","88632","µV","28.898","°C","1025.000","hPa","36.0","pmil","0","55.700","deg","20.000","°C","100.000","%a.s.","22.210","deg","20.000","°C","971.000","hPa","0.826","-0.01532","0.000401","-0.00012","0","11.08","Humid","30.45","0","49.40","252674.34","SABD0002000012","AAV2.0.0.13","4.0.0.2323","PSt7-10","171027-008","9/15/2022 2:43:31 PM","0000-00","0","no battery","V","","µV","","µV"
"11/15/2022","17:33:12","7","default","171425599","OXY_CH7","12.931","min","186.607","μmol/L","Humid","21.104","deg","88626","µV","28.898","°C","1025.000","hPa","36.0","pmil","0","55.700","deg","20.000","°C","100.000","%a.s.","22.210","deg","20.000","°C","971.000","hPa","0.826","-0.01532","0.000401","-0.00012","0","11.08","Humid","30.45","0","49.40","252682.91","SABD0002000012","AAV2.0.0.13","4.0.0.2323","PSt7-10","171027-008","9/15/2022 2:43:31 PM","0000-00","0","no battery","V","","µV","","µV"
"11/15/2022","17:33:13","7","default","171425599","OXY_CH7","12.948","min","186.638","μmol/L","Humid","21.100","deg","88623","µV","28.904","°C","1025.000","hPa","36.0","pmil","0","55.700","deg","20.000","°C","100.000","%a.s.","22.210","deg","20.000","°C","971.000","hPa","0.826","-0.01532","0.000401","-0.00012","0","11.08","Humid","30.45","0","49.40","252667.22","SABD0002000012","AAV2.0.0.13","4.0.0.2323","PSt7-10","171027-008","9/15/2022 2:43:31 PM","0000-00","0","no battery","V","","µV","","µV"
"11/15/2022","17:33:14","7","default","171425599","OXY_CH7","12.964","min","186.657","μmol/L","Humid","21.101","deg","88629","µV","28.898","°C","1025.000","hPa","36.0","pmil","0","55.700","deg","20.000","°C","100.000","%a.s.","22.210","deg","20.000","°C","971.000","hPa","0.826","-0.01532","0.000401","-0.00012","0","11.08","Humid","30.45","0","49.40","252667.88","SABD0002000012","AAV2.0.0.13","4.0.0.2323","PSt7-10","171027-008","9/15/2022 2:43:31 PM","0000-00","0","no battery","V","","µV","","µV"
"11/15/2022","17:33:15","7","default","171425599","OXY_CH7","12.980","min","186.707","μmol/L","Humid","21.098","deg","88632","µV","28.898","°C","1025.000","hPa","36.0","pmil","0","55.700","deg","20.000","°C","100.000","%a.s.","22.210","deg","20.000","°C","971.000","hPa","0.826","-0.01532","0.000401","-0.00012","0","11.08","Humid","30.45","0","49.40","252668.67","SABD0002000012","AAV2.0.0.13","4.0.0.2323","PSt7-10","171027-008","9/15/2022 2:43:31 PM","0000-00","0","no battery","V","","µV","","µV"
"11/15/2022","17:33:16","7","default","171425599","OXY_CH7","12.997","min","186.724","μmol/L","Humid","21.097","deg","88628","µV","28.898","°C","1025.000","hPa","36.0","pmil","0","55.700","deg","20.000","°C","100.000","%a.s.","22.210","deg","20.000","°C","971.000","hPa","0.826","-0.01532","0.000401","-0.00012","0","11.08","Humid","30.45","0","49.40","252660.93","SABD0002000012","AAV2.0.0.13","4.0.0.2323","PSt7-10","171027-008","9/15/2022 2:43:31 PM","0000-00","0","no battery","V","","µV","","µV"
"11/15/2022","17:33:17","7","default","171425599","OXY_CH7","13.014","min","186.622","μmol/L","Humid","21.101","deg","88627","µV","28.904","°C","1025.000","hPa","36.0","pmil","0","55.700","deg","20.000","°C","100.000","%a.s.","22.210","deg","20.000","°C","971.000","hPa","0.826","-0.01532","0.000401","-0.00012","0","11.08","Humid","30.45","0","49.40","252677.53","SABD0002000012","AAV2.0.0.13","4.0.0.2323","PSt7-10","171027-008","9/15/2022 2:43:31 PM","0000-00","0","no battery","V","","µV","","µV"
"11/15/2022","17:33:18","7","default","171425599","OXY_CH7","13.030","min","186.643","μmol/L","Humid","21.104","deg","88622","µV","28.892","°C","1025.000","hPa","36.0","pmil","0","55.700","deg","20.000","°C","100.000","%a.s.","22.210","deg","20.000","°C","971.000","hPa","0.826","-0.01532","0.000401","-0.00012","0","11.08","Humid","30.45","0","49.40","252657.83","SABD0002000012","AAV2.0.0.13","4.0.0.2323","PSt7-10","171027-008","9/15/2022 2:43:31 PM","0000-00","0","no battery","V","","µV","","µV"
"11/15/2022","17:33:19","7","default","171425599","OXY_CH7","13.047","min","186.641","μmol/L","Humid","21.102","deg","88619","µV","28.898","°C","1025.000","hPa","36.0","pmil","0","55.700","deg","20.000","°C","100.000","%a.s.","22.210","deg","20.000","°C","971.000","hPa","0.826","-0.01532","0.000401","-0.00012","0","11.08","Humid","30.45","0","49.40","252658.35","SABD0002000012","AAV2.0.0.13","4.0.0.2323","PSt7-10","171027-008","9/15/2022 2:43:31 PM","0000-00","0","no battery","V","","µV","","µV"
"11/15/2022","17:33:20","7","default","171425599","OXY_CH7","13.064","min","186.674","μmol/L","Humid","21.100","deg","88617","µV","28.898","°C","1025.000","hPa","36.0","pmil","0","55.700","deg","20.000","°C","100.000","%a.s.","22.210","deg","20.000","°C","971.000","hPa","0.826","-0.01532","0.000401","-0.00012","0","11.08","Humid","30.45","0","49.40","252663.49","SABD0002000012","AAV2.0.0.13","4.0.0.2323","PSt7-10","171027-008","9/15/2022 2:43:31 PM","0000-00","0","no battery","V","","µV","","µV"
"11/15/2022","17:33:21","7","default","171425599","OXY_CH7","13.081","min","186.572","μmol/L","Humid","21.104","deg","88609","µV","28.904","°C","1025.000","hPa","36.0","pmil","0","55.700","deg","20.000","°C","100.000","%a.s.","22.210","deg","20.000","°C","971.000","hPa","0.826","-0.01532","0.000401","-0.00012","0","11.08","Humid","30.45","0","49.40","252649.37","SABD0002000012","AAV2.0.0.13","4.0.0.2323","PSt7-10","171027-008","9/15/2022 2:43:31 PM","0000-00","0","no battery","V","","µV","","µV"
"11/15/2022","17:33:22","7","default","171425599","OXY_CH7","13.097","min","186.641","μmol/L","Humid","21.102","deg","88614","µV","28.898","°C","1025.000","hPa","36.0","pmil","0","55.700","deg","20.000","°C","100.000","%a.s.","22.210","deg","20.000","°C","971.000","hPa","0.826","-0.01532","0.000401","-0.00012","0","11.08","Humid","30.45","0","49.40","252651.62","SABD0002000012","AAV2.0.0.13","4.0.0.2323","PSt7-10","171027-008","9/15/2022 2:43:31 PM","0000-00","0","no battery","V","","µV","","µV"
"11/15/2022","17:33:23","7","default","171425599","OXY_CH7","13.114","min","186.556","μmol/L","Humid","21.105","deg","88609","µV","28.904","°C","1025.000","hPa","36.0","pmil","0","55.700","deg","20.000","°C","100.000","%a.s.","22.210","deg","20.000","°C","971.000","hPa","0.826","-0.01532","0.000401","-0.00012","0","11.08","Humid","30.45","0","49.40","252647.64","SABD0002000012","AAV2.0.0.13","4.0.0.2323","PSt7-10","171027-008","9/15/2022 2:43:31 PM","0000-00","0","no battery","V","","µV","","µV"
"11/15/2022","17:33:24","7","default","171425599","OXY_CH7","13.131","min","186.657","μmol/L","Humid","21.101","deg","88606","µV","28.898","°C","1025.000","hPa","36.0","pmil","0","55.700","deg","20.000","°C","100.000","%a.s.","22.210","deg","20.000","°C","971.000","hPa","0.826","-0.01532","0.000401","-0.00012","0","11.08","Humid","30.45","0","49.40","252650.06","SABD0002000012","AAV2.0.0.13","4.0.0.2323","PSt7-10","171027-008","9/15/2022 2:43:31 PM","0000-00","0","no battery","V","","µV","","µV"
"11/15/2022","17:33:25","7","default","171425599","OXY_CH7","13.147","min","186.690","μmol/L","Humid","21.099","deg","88608","µV","28.898","°C","1025.000","hPa","36.0","pmil","0","55.700","deg","20.000","°C","100.000","%a.s.","22.210","deg","20.000","°C","971.000","hPa","0.826","-0.01532","0.000401","-0.00012","0","11.08","Humid","30.45","0","49.40","252650.48","SABD0002000012","AAV2.0.0.13","4.0.0.2323","PSt7-10","171027-008","9/15/2022 2:43:31 PM","0000-00","0","no battery","V","","µV","","µV"
"11/15/2022","17:33:26","7","default","171425599","OXY_CH7","13.163","min","186.624","μmol/L","Humid","21.103","deg","88604","µV","28.898","°C","1025.000","hPa","36.0","pmil","0","55.700","deg","20.000","°C","100.000","%a.s.","22.210","deg","20.000","°C","971.000","hPa","0.826","-0.01532","0.000401","-0.00012","0","11.08","Humid","30.45","0","49.40","252645.27","SABD0002000012","AAV2.0.0.13","4.0.0.2323","PSt7-10","171027-008","9/15/2022 2:43:31 PM","0000-00","0","no battery","V","","µV","","µV"
"11/15/2022","17:33:27","7","default","171425599","OXY_CH7","13.180","min","186.690","μmol/L","Humid","21.099","deg","88605","µV","28.898","°C","1025.000","hPa","36.0","pmil","0","55.700","deg","20.000","°C","100.000","%a.s.","22.210","deg","20.000","°C","971.000","hPa","0.826","-0.01532","0.000401","-0.00012","0","11.08","Humid","30.45","0","49.40","252648.01","SABD0002000012","AAV2.0.0.13","4.0.0.2323","PSt7-10","171027-008","9/15/2022 2:43:31 PM","0000-00","0","no battery","V","","µV","","µV"
"11/15/2022","17:33:28","7","default","171425599","OXY_CH7","13.197","min","186.742","μmol/L","Humid","21.098","deg","88604","µV","28.892","°C","1025.000","hPa","36.0","pmil","0","55.700","deg","20.000","°C","100.000","%a.s.","22.210","deg","20.000","°C","971.000","hPa","0.826","-0.01532","0.000401","-0.00012","0","11.08","Humid","30.45","0","49.40","252653.39","SABD0002000012","AAV2.0.0.13","4.0.0.2323","PSt7-10","171027-008","9/15/2022 2:43:31 PM","0000-00","0","no battery","V","","µV","","µV"
"11/15/2022","17:33:29","7","default","171425599","OXY_CH7","13.214","min","186.676","μmol/L","Humid","21.102","deg","88599","µV","28.892","°C","1025.000","hPa","36.0","pmil","0","55.700","deg","20.000","°C","100.000","%a.s.","22.210","deg","20.000","°C","971.000","hPa","0.826","-0.01532","0.000401","-0.00012","0","11.08","Humid","30.45","0","49.40","252651.55","SABD0002000012","AAV2.0.0.13","4.0.0.2323","PSt7-10","171027-008","9/15/2022 2:43:31 PM","0000-00","0","no battery","V","","µV","","µV"
"11/15/2022","17:33:30","7","default","171425599","OXY_CH7","13.230","min","186.657","μmol/L","Humid","21.101","deg","88590","µV","28.898","°C","1025.000","hPa","36.0","pmil","0","55.700","deg","20.000","°C","100.000","%a.s.","22.210","deg","20.000","°C","971.000","hPa","0.826","-0.01532","0.000401","-0.00012","0","11.08","Humid","30.45","0","49.40","252659.79","SABD0002000012","AAV2.0.0.13","4.0.0.2323","PSt7-10","171027-008","9/15/2022 2:43:31 PM","0000-00","0","no battery","V","","µV","","µV"
"11/15/2022","17:33:31","7","default","171425599","OXY_CH7","13.247","min","186.707","μmol/L","Humid","21.098","deg","88597","µV","28.898","°C","1025.000","hPa","36.0","pmil","0","55.700","deg","20.000","°C","100.000","%a.s.","22.210","deg","20.000","°C","971.000","hPa","0.826","-0.01532","0.000401","-0.00012","0","11.08","Humid","30.45","0","49.40","252633.55","SABD0002000012","AAV2.0.0.13","4.0.0.2323","PSt7-10","171027-008","9/15/2022 2:43:31 PM","0000-00","0","no battery","V","","µV","","µV"
"11/15/2022","17:33:32","7","default","171425599","OXY_CH7","13.264","min","186.624","μmol/L","Humid","21.103","deg","88589","µV","28.898","°C","1025.000","hPa","36.0","pmil","0","55.700","deg","20.000","°C","100.000","%a.s.","22.210","deg","20.000","°C","971.000","hPa","0.826","-0.01532","0.000401","-0.00012","0","11.08","Humid","30.45","0","49.40","252642.05","SABD0002000012","AAV2.0.0.13","4.0.0.2323","PSt7-10","171027-008","9/15/2022 2:43:31 PM","0000-00","0","no battery","V","","µV","","µV"
"11/15/2022","17:33:33","7","default","171425599","OXY_CH7","13.281","min","186.709","μmol/L","Humid","21.100","deg","88593","µV","28.892","°C","1025.000","hPa","36.0","pmil","0","55.700","deg","20.000","°C","100.000","%a.s.","22.210","deg","20.000","°C","971.000","hPa","0.826","-0.01532","0.000401","-0.00012","0","11.08","Humid","30.45","0","49.40","252647.10","SABD0002000012","AAV2.0.0.13","4.0.0.2323","PSt7-10","171027-008","9/15/2022 2:43:31 PM","0000-00","0","no battery","V","","µV","","µV"
"11/15/2022","17:33:34","7","default","171425599","OXY_CH7","13.297","min","186.707","μmol/L","Humid","21.098","deg","88586","µV","28.898","°C","1025.000","hPa","36.0","pmil","0","55.700","deg","20.000","°C","100.000","%a.s.","22.210","deg","20.000","°C","971.000","hPa","0.826","-0.01532","0.000401","-0.00012","0","11.08","Humid","30.45","0","49.40","252635.36","SABD0002000012","AAV2.0.0.13","4.0.0.2323","PSt7-10","171027-008","9/15/2022 2:43:31 PM","0000-00","0","no battery","V","","µV","","µV"
"11/15/2022","17:33:35","7","default","171425599","OXY_CH7","13.314","min","186.672","μmol/L","Humid","21.098","deg","88584","µV","28.904","°C","1025.000","hPa","36.0","pmil","0","55.700","deg","20.000","°C","100.000","%a.s.","22.210","deg","20.000","°C","971.000","hPa","0.826","-0.01532","0.000401","-0.00012","0","11.08","Humid","30.45","0","49.40","252628.82","SABD0002000012","AAV2.0.0.13","4.0.0.2323","PSt7-10","171027-008","9/15/2022 2:43:31 PM","0000-00","0","no battery","V","","µV","","µV"
"11/15/2022","17:33:36","7","default","171425599","OXY_CH7","13.331","min","186.690","μmol/L","Humid","21.099","deg","88588","µV","28.898","°C","1025.000","hPa","36.0","pmil","0","55.700","deg","20.000","°C","100.000","%a.s.","22.210","deg","20.000","°C","971.000","hPa","0.826","-0.01532","0.000401","-0.00012","0","11.08","Humid","30.45","0","49.40","252630.80","SABD0002000012","AAV2.0.0.13","4.0.0.2323","PSt7-10","171027-008","9/15/2022 2:43:31 PM","0000-00","0","no battery","V","","µV","","µV"
"11/15/2022","17:33:37","7","default","171425599","OXY_CH7","13.347","min","186.641","μmol/L","Humid","21.102","deg","88578","µV","28.898","°C","1025.000","hPa","36.0","pmil","0","55.700","deg","20.000","°C","100.000","%a.s.","22.210","deg","20.000","°C","971.000","hPa","0.826","-0.01532","0.000401","-0.00012","0","11.08","Humid","30.45","0","49.40","252641.26","SABD0002000012","AAV2.0.0.13","4.0.0.2323","PSt7-10","171027-008","9/15/2022 2:43:31 PM","0000-00","0","no battery","V","","µV","","µV"
"11/15/2022","17:33:38","7","default","171425599","OXY_CH7","13.363","min","186.757","μmol/L","Humid","21.095","deg","88577","µV","28.898","°C","1025.000","hPa","36.0","pmil","0","55.700","deg","20.000","°C","100.000","%a.s.","22.210","deg","20.000","°C","971.000","hPa","0.826","-0.01532","0.000401","-0.00012","0","11.08","Humid","30.45","0","49.40","252627.68","SABD0002000012","AAV2.0.0.13","4.0.0.2323","PSt7-10","171027-008","9/15/2022 2:43:31 PM","0000-00","0","no battery","V","","µV","","µV"
"11/15/2022","17:33:39","7","default","171425599","OXY_CH7","13.380","min","186.638","μmol/L","Humid","21.100","deg","88574","µV","28.904","°C","1025.000","hPa","36.0","pmil","0","55.700","deg","20.000","°C","100.000","%a.s.","22.210","deg","20.000","°C","971.000","hPa","0.826","-0.01532","0.000401","-0.00012","0","11.08","Humid","30.45","0","49.40","252633.45","SABD0002000012","AAV2.0.0.13","4.0.0.2323","PSt7-10","171027-008","9/15/2022 2:43:31 PM","0000-00","0","no battery","V","","µV","","µV"
"11/15/2022","17:33:40","7","default","171425599","OXY_CH7","13.397","min","186.724","μmol/L","Humid","21.097","deg","88568","µV","28.898","°C","1025.000","hPa","36.0","pmil","0","55.700","deg","20.000","°C","100.000","%a.s.","22.210","deg","20.000","°C","971.000","hPa","0.826","-0.01532","0.000401","-0.00012","0","11.08","Humid","30.45","0","49.40","252613.87","SABD0002000012","AAV2.0.0.13","4.0.0.2323","PSt7-10","171027-008","9/15/2022 2:43:31 PM","0000-00","0","no battery","V","","µV","","µV"
"11/15/2022","17:33:41","7","default","171425599","OXY_CH7","13.414","min","186.775","μmol/L","Humid","21.096","deg","88569","µV","28.892","°C","1025.000","hPa","36.0","pmil","0","55.700","deg","20.000","°C","100.000","%a.s.","22.210","deg","20.000","°C","971.000","hPa","0.826","-0.01532","0.000401","-0.00012","0","11.08","Humid","30.45","0","49.40","252625.87","SABD0002000012","AAV2.0.0.13","4.0.0.2323","PSt7-10","171027-008","9/15/2022 2:43:31 PM","0000-00","0","no battery","V","","µV","","µV"
"11/15/2022","17:33:42","7","default","171425599","OXY_CH7","13.430","min","186.657","μmol/L","Humid","21.101","deg","88571","µV","28.898","°C","1025.000","hPa","36.0","pmil","0","55.700","deg","20.000","°C","100.000","%a.s.","22.210","deg","20.000","°C","971.000","hPa","0.826","-0.01532","0.000401","-0.00012","0","11.08","Humid","30.45","0","49.40","252626.32","SABD0002000012","AAV2.0.0.13","4.0.0.2323","PSt7-10","171027-008","9/15/2022 2:43:31 PM","0000-00","0","no battery","V","","µV","","µV"
"11/15/2022","17:33:43","7","default","171425599","OXY_CH7","13.447","min","186.707","μmol/L","Humid","21.098","deg","88573","µV","28.898","°C","1025.000","hPa","36.0","pmil","0","55.700","deg","20.000","°C","100.000","%a.s.","22.210","deg","20.000","°C","971.000","hPa","0.826","-0.01532","0.000401","-0.00012","0","11.08","Humid","30.45","0","49.40","252617.50","SABD0002000012","AAV2.0.0.13","4.0.0.2323","PSt7-10","171027-008","9/15/2022 2:43:31 PM","0000-00","0","no battery","V","","µV","","µV"
"11/15/2022","17:33:44","7","default","171425599","OXY_CH7","13.464","min","186.641","μmol/L","Humid","21.102","deg","88563","µV","28.898","°C","1025.000","hPa","36.0","pmil","0","55.700","deg","20.000","°C","100.000","%a.s.","22.210","deg","20.000","°C","971.000","hPa","0.826","-0.01532","0.000401","-0.00012","0","11.08","Humid","30.45","0","49.40","252623.32","SABD0002000012","AAV2.0.0.13","4.0.0.2323","PSt7-10","171027-008","9/15/2022 2:43:31 PM","0000-00","0","no battery","V","","µV","","µV"
"11/15/2022","17:33:45","7","default","171425599","OXY_CH7","13.481","min","186.742","μmol/L","Humid","21.098","deg","88560","µV","28.892","°C","1025.000","hPa","36.0","pmil","0","55.700","deg","20.000","°C","100.000","%a.s.","22.210","deg","20.000","°C","971.000","hPa","0.826","-0.01532","0.000401","-0.00012","0","11.08","Humid","30.45","0","49.40","252627.51","SABD0002000012","AAV2.0.0.13","4.0.0.2323","PSt7-10","171027-008","9/15/2022 2:43:31 PM","0000-00","0","no battery","V","","µV","","µV"
"11/15/2022","17:33:46","7","default","171425599","OXY_CH7","13.497","min","186.638","μmol/L","Humid","21.100","deg","88568","µV","28.904","°C","1025.000","hPa","36.0","pmil","0","55.700","deg","20.000","°C","100.000","%a.s.","22.210","deg","20.000","°C","971.000","hPa","0.826","-0.01532","0.000401","-0.00012","0","11.08","Humid","30.45","0","49.40","252616.67","SABD0002000012","AAV2.0.0.13","4.0.0.2323","PSt7-10","171027-008","9/15/2022 2:43:31 PM","0000-00","0","no battery","V","","µV","","µV"
"11/15/2022","17:33:47","7","default","171425599","OXY_CH7","13.514","min","186.657","μmol/L","Humid","21.101","deg","88564","µV","28.898","°C","1025.000","hPa","36.0","pmil","0","55.700","deg","20.000","°C","100.000","%a.s.","22.210","deg","20.000","°C","971.000","hPa","0.826","-0.01532","0.000401","-0.00012","0","11.08","Humid","30.45","0","49.40","252619.17","SABD0002000012","AAV2.0.0.13","4.0.0.2323","PSt7-10","171027-008","9/15/2022 2:43:31 PM","0000-00","0","no battery","V","","µV","","µV"
"11/15/2022","17:33:48","7","default","171425599","OXY_CH7","13.531","min","186.740","μmol/L","Humid","21.096","deg","88564","µV","28.898","°C","1025.000","hPa","36.0","pmil","0","55.700","deg","20.000","°C","100.000","%a.s.","22.210","deg","20.000","°C","971.000","hPa","0.826","-0.01532","0.000401","-0.00012","0","11.08","Humid","30.45","0","49.40","252617.85","SABD0002000012","AAV2.0.0.13","4.0.0.2323","PSt7-10","171027-008","9/15/2022 2:43:31 PM","0000-00","0","no battery","V","","µV","","µV"
"11/15/2022","17:33:49","7","default","171425599","OXY_CH7","13.548","min","186.690","μmol/L","Humid","21.099","deg","88550","µV","28.898","°C","1025.000","hPa","36.0","pmil","0","55.700","deg","20.000","°C","100.000","%a.s.","22.210","deg","20.000","°C","971.000","hPa","0.826","-0.01532","0.000401","-0.00012","0","11.08","Humid","30.45","0","49.40","252622.48","SABD0002000012","AAV2.0.0.13","4.0.0.2323","PSt7-10","171027-008","9/15/2022 2:43:31 PM","0000-00","0","no battery","V","","µV","","µV"
"11/15/2022","17:33:50","7","default","171425599","OXY_CH7","13.564","min","186.740","μmol/L","Humid","21.096","deg","88554","µV","28.898","°C","1025.000","hPa","36.0","pmil","0","55.700","deg","20.000","°C","100.000","%a.s.","22.210","deg","20.000","°C","971.000","hPa","0.826","-0.01532","0.000401","-0.00012","0","11.08","Humid","30.45","0","49.40","252609.66","SABD0002000012","AAV2.0.0.13","4.0.0.2323","PSt7-10","171027-008","9/15/2022 2:43:31 PM","0000-00","0","no battery","V","","µV","","µV"
"11/15/2022","17:33:51","7","default","171425599","OXY_CH7","13.580","min","186.724","μmol/L","Humid","21.097","deg","88554","µV","28.898","°C","1025.000","hPa","36.0","pmil","0","55.700","deg","20.000","°C","100.000","%a.s.","22.210","deg","20.000","°C","971.000","hPa","0.826","-0.01532","0.000401","-0.00012","0","11.08","Humid","30.45","0","49.40","252627.61","SABD0002000012","AAV2.0.0.13","4.0.0.2323","PSt7-10","171027-008","9/15/2022 2:43:31 PM","0000-00","0","no battery","V","","µV","","µV"
"11/15/2022","17:33:52","7","default","171425599","OXY_CH7","13.597","min","186.672","μmol/L","Humid","21.098","deg","88545","µV","28.904","°C","1025.000","hPa","36.0","pmil","0","55.700","deg","20.000","°C","100.000","%a.s.","22.210","deg","20.000","°C","971.000","hPa","0.826","-0.01532","0.000401","-0.00012","0","11.08","Humid","30.45","0","49.40","252624.35","SABD0002000012","AAV2.0.0.13","4.0.0.2323","PSt7-10","171027-008","9/15/2022 2:43:31 PM","0000-00","0","no battery","V","","µV","","µV"
"11/15/2022","17:33:53","7","default","171425599","OXY_CH7","13.614","min","186.707","μmol/L","Humid","21.098","deg","88546","µV","28.898","°C","1025.000","hPa","36.0","pmil","0","55.700","deg","20.000","°C","100.000","%a.s.","22.210","deg","20.000","°C","971.000","hPa","0.826","-0.01532","0.000401","-0.00012","0","11.08","Humid","30.45","0","49.40","252617.31","SABD0002000012","AAV2.0.0.13","4.0.0.2323","PSt7-10","171027-008","9/15/2022 2:43:31 PM","0000-00","0","no battery","V","","µV","","µV"
"11/15/2022","17:33:54","7","default","171425599","OXY_CH7","13.630","min","186.775","μmol/L","Humid","21.096","deg","88547","µV","28.892","°C","1025.000","hPa","36.0","pmil","0","55.700","deg","20.000","°C","100.000","%a.s.","22.210","deg","20.000","°C","971.000","hPa","0.826","-0.01532","0.000401","-0.00012","0","11.08","Humid","30.45","0","49.40","252619.09","SABD0002000012","AAV2.0.0.13","4.0.0.2323","PSt7-10","171027-008","9/15/2022 2:43:31 PM","0000-00","0","no battery","V","","µV","","µV"
"11/15/2022","17:33:55","7","default","171425599","OXY_CH7","13.647","min","186.759","μmol/L","Humid","21.097","deg","88543","µV","28.892","°C","1025.000","hPa","36.0","pmil","0","55.700","deg","20.000","°C","100.000","%a.s.","22.210","deg","20.000","°C","971.000","hPa","0.826","-0.01532","0.000401","-0.00012","0","11.08","Humid","30.45","0","49.40","252616.67","SABD0002000012","AAV2.0.0.13","4.0.0.2323","PSt7-10","171027-008","9/15/2022 2:43:31 PM","0000-00","0","no battery","V","","µV","","µV"
"11/15/2022","17:33:56","7","default","171425599","OXY_CH7","13.664","min","186.775","μmol/L","Humid","21.096","deg","88540","µV","28.892","°C","1025.000","hPa","36.0","pmil","0","55.700","deg","20.000","°C","100.000","%a.s.","22.210","deg","20.000","°C","971.000","hPa","0.826","-0.01532","0.000401","-0.00012","0","11.08","Humid","30.45","0","49.40","252609.58","SABD0002000012","AAV2.0.0.13","4.0.0.2323","PSt7-10","171027-008","9/15/2022 2:43:31 PM","0000-00","0","no battery","V","","µV","","µV"
"11/15/2022","17:33:57","7","default","171425599","OXY_CH7","13.681","min","186.757","μmol/L","Humid","21.095","deg","88540","µV","28.898","°C","1025.000","hPa","36.0","pmil","0","55.700","deg","20.000","°C","100.000","%a.s.","22.210","deg","20.000","°C","971.000","hPa","0.826","-0.01532","0.000401","-0.00012","0","11.08","Humid","30.45","0","49.40","252623.73","SABD0002000012","AAV2.0.0.13","4.0.0.2323","PSt7-10","171027-008","9/15/2022 2:43:31 PM","0000-00","0","no battery","V","","µV","","µV"
"11/15/2022","17:33:58","7","default","171425599","OXY_CH7","13.697","min","186.707","μmol/L","Humid","21.098","deg","88540","µV","28.898","°C","1025.000","hPa","36.0","pmil","0","55.700","deg","20.000","°C","100.000","%a.s.","22.210","deg","20.000","°C","971.000","hPa","0.826","-0.01532","0.000401","-0.00012","0","11.08","Humid","30.45","0","49.40","252610.00","SABD0002000012","AAV2.0.0.13","4.0.0.2323","PSt7-10","171027-008","9/15/2022 2:43:31 PM","0000-00","0","no battery","V","","µV","","µV"
"11/15/2022","17:33:59","7","default","171425599","OXY_CH7","13.714","min","186.773","μmol/L","Humid","21.094","deg","88533","µV","28.898","°C","1025.000","hPa","36.0","pmil","0","55.700","deg","20.000","°C","100.000","%a.s.","22.210","deg","20.000","°C","971.000","hPa","0.826","-0.01532","0.000401","-0.00012","0","11.08","Humid","30.45","0","49.40","252618.18","SABD0002000012","AAV2.0.0.13","4.0.0.2323","PSt7-10","171027-008","9/15/2022 2:43:31 PM","0000-00","0","no battery","V","","µV","","µV"
"11/15/2022","17:34:00","7","default","171425599","OXY_CH7","13.731","min","186.742","μmol/L","Humid","21.098","deg","88535","µV","28.892","°C","1025.000","hPa","36.0","pmil","0","55.700","deg","20.000","°C","100.000","%a.s.","22.210","deg","20.000","°C","971.000","hPa","0.826","-0.01532","0.000401","-0.00012","0","11.08","Humid","30.45","0","49.40","252613.07","SABD0002000012","AAV2.0.0.13","4.0.0.2323","PSt7-10","171027-008","9/15/2022 2:43:31 PM","0000-00","0","no battery","V","","µV","","µV"
"11/15/2022","17:34:01","7","default","171425599","OXY_CH7","13.748","min","186.757","μmol/L","Humid","21.095","deg","88524","µV","28.898","°C","1025.000","hPa","36.0","pmil","0","55.700","deg","20.000","°C","100.000","%a.s.","22.210","deg","20.000","°C","971.000","hPa","0.826","-0.01532","0.000401","-0.00012","0","11.08","Humid","30.45","0","49.40","252614.04","SABD0002000012","AAV2.0.0.13","4.0.0.2323","PSt7-10","171027-008","9/15/2022 2:43:31 PM","0000-00","0","no battery","V","","µV","","µV"
"11/15/2022","17:34:02","7","default","171425599","OXY_CH7","13.764","min","186.707","μmol/L","Humid","21.098","deg","88526","µV","28.898","°C","1025.000","hPa","36.0","pmil","0","55.700","deg","20.000","°C","100.000","%a.s.","22.210","deg","20.000","°C","971.000","hPa","0.826","-0.01532","0.000401","-0.00012","0","11.08","Humid","30.45","0","49.40","252612.85","SABD0002000012","AAV2.0.0.13","4.0.0.2323","PSt7-10","171027-008","9/15/2022 2:43:31 PM","0000-00","0","no battery","V","","µV","","µV"
"11/15/2022","17:34:03","7","default","171425599","OXY_CH7","13.781","min","186.825","μmol/L","Humid","21.093","deg","88529","µV","28.892","°C","1025.000","hPa","36.0","pmil","0","55.700","deg","20.000","°C","100.000","%a.s.","22.210","deg","20.000","°C","971.000","hPa","0.826","-0.01532","0.000401","-0.00012","0","11.08","Humid","30.45","0","49.40","252612.23","SABD0002000012","AAV2.0.0.13","4.0.0.2323","PSt7-10","171027-008","9/15/2022 2:43:31 PM","0000-00","0","no battery","V","","µV","","µV"
"11/15/2022","17:34:04","7","default","171425599","OXY_CH7","13.797","min","186.809","μmol/L","Humid","21.094","deg","88532","µV","28.892","°C","1025.000","hPa","36.0","pmil","0","55.700","deg","20.000","°C","100.000","%a.s.","22.210","deg","20.000","°C","971.000","hPa","0.826","-0.01532","0.000401","-0.00012","0","11.08","Humid","30.45","0","49.40","252629.77","SABD0002000012","AAV2.0.0.13","4.0.0.2323","PSt7-10","171027-008","9/15/2022 2:43:31 PM","0000-00","0","no battery","V","","µV","","µV"
"11/15/2022","17:34:05","7","default","171425599","OXY_CH7","13.813","min","186.827","μmol/L","Humid","21.095","deg","88522","µV","28.885","°C","1025.000","hPa","36.0","pmil","0","55.700","deg","20.000","°C","100.000","%a.s.","22.210","deg","20.000","°C","971.000","hPa","0.826","-0.01532","0.000401","-0.00012","0","11.08","Humid","30.45","0","49.40","252606.58","SABD0002000012","AAV2.0.0.13","4.0.0.2323","PSt7-10","171027-008","9/15/2022 2:43:31 PM","0000-00","0","no battery","V","","µV","","µV"
"11/15/2022","17:34:06","7","default","171425599","OXY_CH7","13.830","min","186.792","μmol/L","Humid","21.095","deg","88521","µV","28.892","°C","1025.000","hPa","36.0","pmil","0","55.700","deg","20.000","°C","100.000","%a.s.","22.210","deg","20.000","°C","971.000","hPa","0.826","-0.01532","0.000401","-0.00012","0","11.08","Humid","30.45","0","49.40","252597.82","SABD0002000012","AAV2.0.0.13","4.0.0.2323","PSt7-10","171027-008","9/15/2022 2:43:31 PM","0000-00","0","no battery","V","","µV","","µV"
"11/15/2022","17:34:07","7","default","171425599","OXY_CH7","13.847","min","186.792","μmol/L","Humid","21.095","deg","88515","µV","28.892","°C","1025.000","hPa","36.0","pmil","0","55.700","deg","20.000","°C","100.000","%a.s.","22.210","deg","20.000","°C","971.000","hPa","0.826","-0.01532","0.000401","-0.00012","0","11.08","Humid","30.45","0","49.40","252598.63","SABD0002000012","AAV2.0.0.13","4.0.0.2323","PSt7-10","171027-008","9/15/2022 2:43:31 PM","0000-00","0","no battery","V","","µV","","µV"
"11/15/2022","17:34:08","7","default","171425599","OXY_CH7","13.864","min","186.773","μmol/L","Humid","21.094","deg","88517","µV","28.898","°C","1025.000","hPa","36.0","pmil","0","55.700","deg","20.000","°C","100.000","%a.s.","22.210","deg","20.000","°C","971.000","hPa","0.826","-0.01532","0.000401","-0.00012","0","11.08","Humid","30.45","0","49.40","252608.03","SABD0002000012","AAV2.0.0.13","4.0.0.2323","PSt7-10","171027-008","9/15/2022 2:43:31 PM","0000-00","0","no battery","V","","µV","","µV"
"11/15/2022","17:34:09","7","default","171425599","OXY_CH7","13.881","min","186.825","μmol/L","Humid","21.093","deg","88512","µV","28.892","°C","1025.000","hPa","36.0","pmil","0","55.700","deg","20.000","°C","100.000","%a.s.","22.210","deg","20.000","°C","971.000","hPa","0.826","-0.01532","0.000401","-0.00012","0","11.08","Humid","30.45","0","49.40","252593.78","SABD0002000012","AAV2.0.0.13","4.0.0.2323","PSt7-10","171027-008","9/15/2022 2:43:31 PM","0000-00","0","no battery","V","","µV","","µV"
"11/15/2022","17:34:10","7","default","171425599","OXY_CH7","13.897","min","186.842","μmol/L","Humid","21.092","deg","88508","µV","28.892","°C","1025.000","hPa","36.0","pmil","0","55.700","deg","20.000","°C","100.000","%a.s.","22.210","deg","20.000","°C","971.000","hPa","0.826","-0.01532","0.000401","-0.00012","0","11.08","Humid","30.45","0","49.40","252605.63","SABD0002000012","AAV2.0.0.13","4.0.0.2323","PSt7-10","171027-008","9/15/2022 2:43:31 PM","0000-00","0","no battery","V","","µV","","µV"
"11/15/2022","17:34:11","7","default","171425599","OXY_CH7","13.914","min","186.775","μmol/L","Humid","21.096","deg","88501","µV","28.892","°C","1025.000","hPa","36.0","pmil","0","55.700","deg","20.000","°C","100.000","%a.s.","22.210","deg","20.000","°C","971.000","hPa","0.826","-0.01532","0.000401","-0.00012","0","11.08","Humid","30.45","0","49.40","252598.58","SABD0002000012","AAV2.0.0.13","4.0.0.2323","PSt7-10","171027-008","9/15/2022 2:43:31 PM","0000-00","0","no battery","V","","µV","","µV"
"11/15/2022","17:34:12","7","default","171425599","OXY_CH7","13.931","min","186.755","μmol/L","Humid","21.093","deg","88493","µV","28.904","°C","1025.000","hPa","36.0","pmil","0","55.700","deg","20.000","°C","100.000","%a.s.","22.210","deg","20.000","°C","971.000","hPa","0.826","-0.01532","0.000401","-0.00012","0","11.08","Humid","30.45","0","49.40","252588.80","SABD0002000012","AAV2.0.0.13","4.0.0.2323","PSt7-10","171027-008","9/15/2022 2:43:31 PM","0000-00","0","no battery","V","","µV","","µV"
"11/15/2022","17:34:13","7","default","171425599","OXY_CH7","13.947","min","186.875","μmol/L","Humid","21.090","deg","88501","µV","28.892","°C","1025.000","hPa","36.0","pmil","0","55.700","deg","20.000","°C","100.000","%a.s.","22.210","deg","20.000","°C","971.000","hPa","0.826","-0.01532","0.000401","-0.00012","0","11.08","Humid","30.45","0","49.40","252604.48","SABD0002000012","AAV2.0.0.13","4.0.0.2323","PSt7-10","171027-008","9/15/2022 2:43:31 PM","0000-00","0","no battery","V","","µV","","µV"
"11/15/2022","17:34:14","7","default","171425599","OXY_CH7","13.964","min","186.788","μmol/L","Humid","21.091","deg","88502","µV","28.904","°C","1025.000","hPa","36.0","pmil","0","55.700","deg","20.000","°C","100.000","%a.s.","22.210","deg","20.000","°C","971.000","hPa","0.826","-0.01532","0.000401","-0.00012","0","11.08","Humid","30.45","0","49.40","252594.63","SABD0002000012","AAV2.0.0.13","4.0.0.2323","PSt7-10","171027-008","9/15/2022 2:43:31 PM","0000-00","0","no battery","V","","µV","","µV"
"11/15/2022","17:34:15","7","default","171425599","OXY_CH7","13.980","min","186.825","μmol/L","Humid","21.093","deg","88491","µV","28.892","°C","1025.000","hPa","36.0","pmil","0","55.700","deg","20.000","°C","100.000","%a.s.","22.210","deg","20.000","°C","971.000","hPa","0.826","-0.01532","0.000401","-0.00012","0","11.08","Humid","30.45","0","49.40","252595.66","SABD0002000012","AAV2.0.0.13","4.0.0.2323","PSt7-10","171027-008","9/15/2022 2:43:31 PM","0000-00","0","no battery","V","","µV","","µV"
"11/15/2022","17:34:16","7","default","171425599","OXY_CH7","13.997","min","186.806","μmol/L","Humid","21.092","deg","88494","µV","28.898","°C","1025.000","hPa","36.0","pmil","0","55.700","deg","20.000","°C","100.000","%a.s.","22.210","deg","20.000","°C","971.000","hPa","0.826","-0.01532","0.000401","-0.00012","0","11.08","Humid","30.45","0","49.40","252582.99","SABD0002000012","AAV2.0.0.13","4.0.0.2323","PSt7-10","171027-008","9/15/2022 2:43:31 PM","0000-00","0","no battery","V","","µV","","µV"
"11/15/2022","17:34:17","7","default","171425599","OXY_CH7","14.014","min","186.858","μmol/L","Humid","21.091","deg","88494","µV","28.892","°C","1025.000","hPa","36.0","pmil","0","55.700","deg","20.000","°C","100.000","%a.s.","22.210","deg","20.000","°C","971.000","hPa","0.826","-0.01532","0.000401","-0.00012","0","11.08","Humid","30.45","0","49.40","252595.35","SABD0002000012","AAV2.0.0.13","4.0.0.2323","PSt7-10","171027-008","9/15/2022 2:43:31 PM","0000-00","0","no battery","V","","µV","","µV"
"11/15/2022","17:34:18","7","default","171425599","OXY_CH7","14.030","min","186.790","μmol/L","Humid","21.093","deg","88489","µV","28.898","°C","1025.000","hPa","36.0","pmil","0","55.700","deg","20.000","°C","100.000","%a.s.","22.210","deg","20.000","°C","971.000","hPa","0.826","-0.01532","0.000401","-0.00012","0","11.08","Humid","30.45","0","49.40","252592.62","SABD0002000012","AAV2.0.0.13","4.0.0.2323","PSt7-10","171027-008","9/15/2022 2:43:31 PM","0000-00","0","no battery","V","","µV","","µV"
"11/15/2022","17:34:19","7","default","171425599","OXY_CH7","14.047","min","186.910","μmol/L","Humid","21.090","deg","88494","µV","28.885","°C","1025.000","hPa","36.0","pmil","0","55.700","deg","20.000","°C","100.000","%a.s.","22.210","deg","20.000","°C","971.000","hPa","0.826","-0.01532","0.000401","-0.00012","0","11.08","Humid","30.45","0","49.40","252595.40","SABD0002000012","AAV2.0.0.13","4.0.0.2323","PSt7-10","171027-008","9/15/2022 2:43:31 PM","0000-00","0","no battery","V","","µV","","µV"
"11/15/2022","17:34:20","7","default","171425599","OXY_CH7","14.064","min","186.806","μmol/L","Humid","21.092","deg","88477","µV","28.898","°C","1025.000","hPa","36.0","pmil","0","55.700","deg","20.000","°C","100.000","%a.s.","22.210","deg","20.000","°C","971.000","hPa","0.826","-0.01532","0.000401","-0.00012","0","11.08","Humid","30.45","0","49.40","252588.89","SABD0002000012","AAV2.0.0.13","4.0.0.2323","PSt7-10","171027-008","9/15/2022 2:43:31 PM","0000-00","0","no battery","V","","µV","","µV"
"11/15/2022","17:34:21","7","default","171425599","OXY_CH7","14.081","min","186.809","μmol/L","Humid","21.094","deg","88486","µV","28.892","°C","1025.000","hPa","36.0","pmil","0","55.700","deg","20.000","°C","100.000","%a.s.","22.210","deg","20.000","°C","971.000","hPa","0.826","-0.01532","0.000401","-0.00012","0","11.08","Humid","30.45","0","49.40","252594.39","SABD0002000012","AAV2.0.0.13","4.0.0.2323","PSt7-10","171027-008","9/15/2022 2:43:31 PM","0000-00","0","no battery","V","","µV","","µV"
"11/15/2022","17:34:22","7","default","171425599","OXY_CH7","14.097","min","186.858","μmol/L","Humid","21.091","deg","88486","µV","28.892","°C","1025.000","hPa","36.0","pmil","0","55.700","deg","20.000","°C","100.000","%a.s.","22.210","deg","20.000","°C","971.000","hPa","0.826","-0.01532","0.000401","-0.00012","0","11.08","Humid","30.45","0","49.40","252595.33","SABD0002000012","AAV2.0.0.13","4.0.0.2323","PSt7-10","171027-008","9/15/2022 2:43:31 PM","0000-00","0","no battery","V","","µV","","µV"
"11/15/2022","17:34:23","7","default","171425599","OXY_CH7","14.114","min","186.858","μmol/L","Humid","21.091","deg","88485","µV","28.892","°C","1025.000","hPa","36.0","pmil","0","55.700","deg","20.000","°C","100.000","%a.s.","22.210","deg","20.000","°C","971.000","hPa","0.826","-0.01532","0.000401","-0.00012","0","11.08","Humid","30.45","0","49.40","252586.33","SABD0002000012","AAV2.0.0.13","4.0.0.2323","PSt7-10","171027-008","9/15/2022 2:43:31 PM","0000-00","0","no battery","V","","µV","","µV"
"11/15/2022","17:34:24","7","default","171425599","OXY_CH7","14.131","min","186.858","μmol/L","Humid","21.091","deg","88483","µV","28.892","°C","1025.000","hPa","36.0","pmil","0","55.700","deg","20.000","°C","100.000","%a.s.","22.210","deg","20.000","°C","971.000","hPa","0.826","-0.01532","0.000401","-0.00012","0","11.08","Humid","30.45","0","49.40","252588.43","SABD0002000012","AAV2.0.0.13","4.0.0.2323","PSt7-10","171027-008","9/15/2022 2:43:31 PM","0000-00","0","no battery","V","","µV","","µV"
"11/15/2022","17:34:25","7","default","171425599","OXY_CH7","14.147","min","186.823","μmol/L","Humid","21.091","deg","88485","µV","28.898","°C","1025.000","hPa","36.0","pmil","0","55.700","deg","20.000","°C","100.000","%a.s.","22.210","deg","20.000","°C","971.000","hPa","0.826","-0.01532","0.000401","-0.00012","0","11.08","Humid","30.45","0","49.40","252590.29","SABD0002000012","AAV2.0.0.13","4.0.0.2323","PSt7-10","171027-008","9/15/2022 2:43:31 PM","0000-00","0","no battery","V","","µV","","µV"
"11/15/2022","17:34:26","7","default","171425599","OXY_CH7","14.163","min","186.958","μmol/L","Humid","21.085","deg","88478","µV","28.892","°C","1025.000","hPa","36.0","pmil","0","55.700","deg","20.000","°C","100.000","%a.s.","22.210","deg","20.000","°C","971.000","hPa","0.826","-0.01532","0.000401","-0.00012","0","11.08","Humid","30.45","0","49.40","252586.81","SABD0002000012","AAV2.0.0.13","4.0.0.2323","PSt7-10","171027-008","9/15/2022 2:43:31 PM","0000-00","0","no battery","V","","µV","","µV"
"11/15/2022","17:34:27","7","default","171425599","OXY_CH7","14.180","min","186.894","μmol/L","Humid","21.091","deg","88478","µV","28.885","°C","1025.000","hPa","36.0","pmil","0","55.700","deg","20.000","°C","100.000","%a.s.","22.210","deg","20.000","°C","971.000","hPa","0.826","-0.01532","0.000401","-0.00012","0","11.08","Humid","30.45","0","49.40","252592.68","SABD0002000012","AAV2.0.0.13","4.0.0.2323","PSt7-10","171027-008","9/15/2022 2:43:31 PM","0000-00","0","no battery","V","","µV","","µV"
"11/15/2022","17:34:28","7","default","171425599","OXY_CH7","14.197","min","186.825","μmol/L","Humid","21.093","deg","88471","µV","28.892","°C","1025.000","hPa","36.0","pmil","0","55.700","deg","20.000","°C","100.000","%a.s.","22.210","deg","20.000","°C","971.000","hPa","0.826","-0.01532","0.000401","-0.00012","0","11.08","Humid","30.45","0","49.40","252573.96","SABD0002000012","AAV2.0.0.13","4.0.0.2323","PSt7-10","171027-008","9/15/2022 2:43:31 PM","0000-00","0","no battery","V","","µV","","µV"
"11/15/2022","17:34:29","7","default","171425599","OXY_CH7","14.214","min","186.842","μmol/L","Humid","21.092","deg","88477","µV","28.892","°C","1025.000","hPa","36.0","pmil","0","55.700","deg","20.000","°C","100.000","%a.s.","22.210","deg","20.000","°C","971.000","hPa","0.826","-0.01532","0.000401","-0.00012","0","11.08","Humid","30.45","0","49.40","252592.91","SABD0002000012","AAV2.0.0.13","4.0.0.2323","PSt7-10","171027-008","9/15/2022 2:43:31 PM","0000-00","0","no battery","V","","µV","","µV"
"11/15/2022","17:34:30","7","default","171425599","OXY_CH7","14.230","min","186.892","μmol/L","Humid","21.089","deg","88470","µV","28.892","°C","1025.000","hPa","36.0","pmil","0","55.700","deg","20.000","°C","100.000","%a.s.","22.210","deg","20.000","°C","971.000","hPa","0.826","-0.01532","0.000401","-0.00012","0","11.08","Humid","30.45","0","49.40","252570.46","SABD0002000012","AAV2.0.0.13","4.0.0.2323","PSt7-10","171027-008","9/15/2022 2:43:31 PM","0000-00","0","no battery","V","","µV","","µV"
"11/15/2022","17:34:31","7","default","171425599","OXY_CH7","14.247","min","186.840","μmol/L","Humid","21.090","deg","88470","µV","28.898","°C","1025.000","hPa","36.0","pmil","0","55.700","deg","20.000","°C","100.000","%a.s.","22.210","deg","20.000","°C","971.000","hPa","0.826","-0.01532","0.000401","-0.00012","0","11.08","Humid","30.45","0","49.40","252582.46","SABD0002000012","AAV2.0.0.13","4.0.0.2323","PSt7-10","171027-008","9/15/2022 2:43:31 PM","0000-00","0","no battery","V","","µV","","µV"
"11/15/2022","17:34:32","7","default","171425599","OXY_CH7","14.264","min","186.875","μmol/L","Humid","21.090","deg","88467","µV","28.892","°C","1025.000","hPa","36.0","pmil","0","55.700","deg","20.000","°C","100.000","%a.s.","22.210","deg","20.000","°C","971.000","hPa","0.826","-0.01532","0.000401","-0.00012","0","11.08","Humid","30.45","0","49.40","252581.08","SABD0002000012","AAV2.0.0.13","4.0.0.2323","PSt7-10","171027-008","9/15/2022 2:43:31 PM","0000-00","0","no battery","V","","µV","","µV"
"11/15/2022","17:34:33","7","default","171425599","OXY_CH7","14.281","min","186.875","μmol/L","Humid","21.090","deg","88466","µV","28.892","°C","1025.000","hPa","36.0","pmil","0","55.700","deg","20.000","°C","100.000","%a.s.","22.210","deg","20.000","°C","971.000","hPa","0.826","-0.01532","0.000401","-0.00012","0","11.08","Humid","30.45","0","49.40","252585.23","SABD0002000012","AAV2.0.0.13","4.0.0.2323","PSt7-10","171027-008","9/15/2022 2:43:31 PM","0000-00","0","no battery","V","","µV","","µV"
"11/15/2022","17:34:34","7","default","171425599","OXY_CH7","14.298","min","186.823","μmol/L","Humid","21.091","deg","88462","µV","28.898","°C","1025.000","hPa","36.0","pmil","0","55.700","deg","20.000","°C","100.000","%a.s.","22.210","deg","20.000","°C","971.000","hPa","0.826","-0.01532","0.000401","-0.00012","0","11.08","Humid","30.45","0","49.40","252583.38","SABD0002000012","AAV2.0.0.13","4.0.0.2323","PSt7-10","171027-008","9/15/2022 2:43:31 PM","0000-00","0","no battery","V","","µV","","µV"
"11/15/2022","17:34:35","7","default","171425599","OXY_CH7","14.314","min","186.923","μmol/L","Humid","21.085","deg","88456","µV","28.898","°C","1025.000","hPa","36.0","pmil","0","55.700","deg","20.000","°C","100.000","%a.s.","22.210","deg","20.000","°C","971.000","hPa","0.826","-0.01532","0.000401","-0.00012","0","11.08","Humid","30.45","0","49.40","252573.27","SABD0002000012","AAV2.0.0.13","4.0.0.2323","PSt7-10","171027-008","9/15/2022 2:43:31 PM","0000-00","0","no battery","V","","µV","","µV"
"11/15/2022","17:34:36","7","default","171425599","OXY_CH7","14.330","min","186.875","μmol/L","Humid","21.090","deg","88462","µV","28.892","°C","1025.000","hPa","36.0","pmil","0","55.700","deg","20.000","°C","100.000","%a.s.","22.210","deg","20.000","°C","971.000","hPa","0.826","-0.01532","0.000401","-0.00012","0","11.08","Humid","30.45","0","49.40","252567.71","SABD0002000012","AAV2.0.0.13","4.0.0.2323","PSt7-10","171027-008","9/15/2022 2:43:31 PM","0000-00","0","no battery","V","","µV","","µV"
"11/15/2022","17:34:37","7","default","171425599","OXY_CH7","14.347","min","186.842","μmol/L","Humid","21.092","deg","88459","µV","28.892","°C","1025.000","hPa","36.0","pmil","0","55.700","deg","20.000","°C","100.000","%a.s.","22.210","deg","20.000","°C","971.000","hPa","0.826","-0.01532","0.000401","-0.00012","0","11.08","Humid","30.45","0","49.40","252581.89","SABD0002000012","AAV2.0.0.13","4.0.0.2323","PSt7-10","171027-008","9/15/2022 2:43:31 PM","0000-00","0","no battery","V","","µV","","µV"
"11/15/2022","17:34:38","7","default","171425599","OXY_CH7","14.364","min","186.861","μmol/L","Humid","21.093","deg","88459","µV","28.885","°C","1025.000","hPa","36.0","pmil","0","55.700","deg","20.000","°C","100.000","%a.s.","22.210","deg","20.000","°C","971.000","hPa","0.826","-0.01532","0.000401","-0.00012","0","11.08","Humid","30.45","0","49.40","252580.75","SABD0002000012","AAV2.0.0.13","4.0.0.2323","PSt7-10","171027-008","9/15/2022 2:43:31 PM","0000-00","0","no battery","V","","µV","","µV"
"11/15/2022","17:34:39","7","default","171425599","OXY_CH7","14.380","min","186.809","μmol/L","Humid","21.094","deg","88460","µV","28.892","°C","1025.000","hPa","36.0","pmil","0","55.700","deg","20.000","°C","100.000","%a.s.","22.210","deg","20.000","°C","971.000","hPa","0.826","-0.01532","0.000401","-0.00012","0","11.08","Humid","30.45","0","49.40","252573.55","SABD0002000012","AAV2.0.0.13","4.0.0.2323","PSt7-10","171027-008","9/15/2022 2:43:31 PM","0000-00","0","no battery","V","","µV","","µV"
"11/15/2022","17:34:40","7","default","171425599","OXY_CH7","14.397","min","186.825","μmol/L","Humid","21.093","deg","88453","µV","28.892","°C","1025.000","hPa","36.0","pmil","0","55.700","deg","20.000","°C","100.000","%a.s.","22.210","deg","20.000","°C","971.000","hPa","0.826","-0.01532","0.000401","-0.00012","0","11.08","Humid","30.45","0","49.40","252590.93","SABD0002000012","AAV2.0.0.13","4.0.0.2323","PSt7-10","171027-008","9/15/2022 2:43:31 PM","0000-00","0","no battery","V","","µV","","µV"
"11/15/2022","17:34:41","7","default","171425599","OXY_CH7","14.414","min","186.875","μmol/L","Humid","21.090","deg","88449","µV","28.892","°C","1025.000","hPa","36.0","pmil","0","55.700","deg","20.000","°C","100.000","%a.s.","22.210","deg","20.000","°C","971.000","hPa","0.826","-0.01532","0.000401","-0.00012","0","11.08","Humid","30.45","0","49.40","252576.87","SABD0002000012","AAV2.0.0.13","4.0.0.2323","PSt7-10","171027-008","9/15/2022 2:43:31 PM","0000-00","0","no battery","V","","µV","","µV"
"11/15/2022","17:34:42","7","default","171425599","OXY_CH7","14.430","min","186.925","μmol/L","Humid","21.087","deg","88448","µV","28.892","°C","1025.000","hPa","36.0","pmil","0","55.700","deg","20.000","°C","100.000","%a.s.","22.210","deg","20.000","°C","971.000","hPa","0.826","-0.01532","0.000401","-0.00012","0","11.08","Humid","30.45","0","49.40","252584.86","SABD0002000012","AAV2.0.0.13","4.0.0.2323","PSt7-10","171027-008","9/15/2022 2:43:31 PM","0000-00","0","no battery","V","","µV","","µV"
"11/15/2022","17:34:43","7","default","171425599","OXY_CH7","14.447","min","186.892","μmol/L","Humid","21.089","deg","88452","µV","28.892","°C","1025.000","hPa","36.0","pmil","0","55.700","deg","20.000","°C","100.000","%a.s.","22.210","deg","20.000","°C","971.000","hPa","0.826","-0.01532","0.000401","-0.00012","0","11.08","Humid","30.45","0","49.40","252570.32","SABD0002000012","AAV2.0.0.13","4.0.0.2323","PSt7-10","171027-008","9/15/2022 2:43:31 PM","0000-00","0","no battery","V","","µV","","µV"
"11/15/2022","17:34:44","7","default","171425599","OXY_CH7","14.464","min","186.873","μmol/L","Humid","21.088","deg","88449","µV","28.898","°C","1025.000","hPa","36.0","pmil","0","55.700","deg","20.000","°C","100.000","%a.s.","22.210","deg","20.000","°C","971.000","hPa","0.826","-0.01532","0.000401","-0.00012","0","11.08","Humid","30.45","0","49.40","252573.86","SABD0002000012","AAV2.0.0.13","4.0.0.2323","PSt7-10","171027-008","9/15/2022 2:43:31 PM","0000-00","0","no battery","V","","µV","","µV"
"11/15/2022","17:34:45","7","default","171425599","OXY_CH7","14.481","min","186.958","μmol/L","Humid","21.085","deg","88444","µV","28.892","°C","1025.000","hPa","36.0","pmil","0","55.700","deg","20.000","°C","100.000","%a.s.","22.210","deg","20.000","°C","971.000","hPa","0.826","-0.01532","0.000401","-0.00012","0","11.08","Humid","30.45","0","49.40","252573.52","SABD0002000012","AAV2.0.0.13","4.0.0.2323","PSt7-10","171027-008","9/15/2022 2:43:31 PM","0000-00","0","no battery","V","","µV","","µV"
"11/15/2022","17:34:46","7","default","171425599","OXY_CH7","14.498","min","187.029","μmol/L","Humid","21.085","deg","88440","µV","28.879","°C","1025.000","hPa","36.0","pmil","0","55.700","deg","20.000","°C","100.000","%a.s.","22.210","deg","20.000","°C","971.000","hPa","0.826","-0.01532","0.000401","-0.00012","0","11.08","Humid","30.45","0","49.40","252575.30","SABD0002000012","AAV2.0.0.13","4.0.0.2323","PSt7-10","171027-008","9/15/2022 2:43:31 PM","0000-00","0","no battery","V","","µV","","µV"
"11/15/2022","17:34:47","7","default","171425599","OXY_CH7","14.514","min","186.975","μmol/L","Humid","21.084","deg","88436","µV","28.892","°C","1025.000","hPa","36.0","pmil","0","55.700","deg","20.000","°C","100.000","%a.s.","22.210","deg","20.000","°C","971.000","hPa","0.826","-0.01532","0.000401","-0.00012","0","11.08","Humid","30.45","0","49.40","252569.42","SABD0002000012","AAV2.0.0.13","4.0.0.2323","PSt7-10","171027-008","9/15/2022 2:43:31 PM","0000-00","0","no battery","V","","µV","","µV"
"11/15/2022","17:34:48","7","default","171425599","OXY_CH7","14.530","min","186.861","μmol/L","Humid","21.093","deg","88437","µV","28.885","°C","1025.000","hPa","36.0","pmil","0","55.700","deg","20.000","°C","100.000","%a.s.","22.210","deg","20.000","°C","971.000","hPa","0.826","-0.01532","0.000401","-0.00012","0","11.08","Humid","30.45","0","49.40","252567.36","SABD0002000012","AAV2.0.0.13","4.0.0.2323","PSt7-10","171027-008","9/15/2022 2:43:31 PM","0000-00","0","no battery","V","","µV","","µV"
"11/15/2022","17:34:49","7","default","171425599","OXY_CH7","14.547","min","186.925","μmol/L","Humid","21.087","deg","88439","µV","28.892","°C","1025.000","hPa","36.0","pmil","0","55.700","deg","20.000","°C","100.000","%a.s.","22.210","deg","20.000","°C","971.000","hPa","0.826","-0.01532","0.000401","-0.00012","0","11.08","Humid","30.45","0","49.40","252573.08","SABD0002000012","AAV2.0.0.13","4.0.0.2323","PSt7-10","171027-008","9/15/2022 2:43:31 PM","0000-00","0","no battery","V","","µV","","µV"
"11/15/2022","17:34:50","7","default","171425599","OXY_CH7","14.563","min","186.944","μmol/L","Humid","21.088","deg","88432","µV","28.885","°C","1025.000","hPa","36.0","pmil","0","55.700","deg","20.000","°C","100.000","%a.s.","22.210","deg","20.000","°C","971.000","hPa","0.826","-0.01532","0.000401","-0.00012","0","11.08","Humid","30.45","0","49.40","252561.24","SABD0002000012","AAV2.0.0.13","4.0.0.2323","PSt7-10","171027-008","9/15/2022 2:43:31 PM","0000-00","0","no battery","V","","µV","","µV"
"11/15/2022","17:34:51","7","default","171425599","OXY_CH7","14.580","min","186.941","μmol/L","Humid","21.086","deg","88434","µV","28.892","°C","1025.000","hPa","36.0","pmil","0","55.700","deg","20.000","°C","100.000","%a.s.","22.210","deg","20.000","°C","971.000","hPa","0.826","-0.01532","0.000401","-0.00012","0","11.08","Humid","30.45","0","49.40","252567.94","SABD0002000012","AAV2.0.0.13","4.0.0.2323","PSt7-10","171027-008","9/15/2022 2:43:31 PM","0000-00","0","no battery","V","","µV","","µV"
"11/15/2022","17:34:52","7","default","171425599","OXY_CH7","14.597","min","186.958","μmol/L","Humid","21.085","deg","88422","µV","28.892","°C","1025.000","hPa","36.0","pmil","0","55.700","deg","20.000","°C","100.000","%a.s.","22.210","deg","20.000","°C","971.000","hPa","0.826","-0.01532","0.000401","-0.00012","0","11.08","Humid","30.45","0","49.40","252572.84","SABD0002000012","AAV2.0.0.13","4.0.0.2323","PSt7-10","171027-008","9/15/2022 2:43:31 PM","0000-00","0","no battery","V","","µV","","µV"
"11/15/2022","17:34:53","7","default","171425599","OXY_CH7","14.614","min","187.008","μmol/L","Humid","21.082","deg","88425","µV","28.892","°C","1025.000","hPa","36.0","pmil","0","55.700","deg","20.000","°C","100.000","%a.s.","22.210","deg","20.000","°C","971.000","hPa","0.826","-0.01532","0.000401","-0.00012","0","11.08","Humid","30.45","0","49.40","252561.83","SABD0002000012","AAV2.0.0.13","4.0.0.2323","PSt7-10","171027-008","9/15/2022 2:43:31 PM","0000-00","0","no battery","V","","µV","","µV"
"11/15/2022","17:34:54","7","default","171425599","OXY_CH7","14.630","min","186.809","μmol/L","Humid","21.094","deg","88424","µV","28.892","°C","1025.000","hPa","36.0","pmil","0","55.700","deg","20.000","°C","100.000","%a.s.","22.210","deg","20.000","°C","971.000","hPa","0.826","-0.01532","0.000401","-0.00012","0","11.08","Humid","30.45","0","49.40","252565.75","SABD0002000012","AAV2.0.0.13","4.0.0.2323","PSt7-10","171027-008","9/15/2022 2:43:31 PM","0000-00","0","no battery","V","","µV","","µV"
"11/15/2022","17:34:55","7","default","171425599","OXY_CH7","14.647","min","186.890","μmol/L","Humid","21.087","deg","88424","µV","28.898","°C","1025.000","hPa","36.0","pmil","0","55.700","deg","20.000","°C","100.000","%a.s.","22.210","deg","20.000","°C","971.000","hPa","0.826","-0.01532","0.000401","-0.00012","0","11.08","Humid","30.45","0","49.40","252564.38","SABD0002000012","AAV2.0.0.13","4.0.0.2323","PSt7-10","171027-008","9/15/2022 2:43:31 PM","0000-00","0","no battery","V","","µV","","µV"
"11/15/2022","17:34:56","7","default","171425599","OXY_CH7","14.664","min","187.008","μmol/L","Humid","21.082","deg","88414","µV","28.892","°C","1025.000","hPa","36.0","pmil","0","55.700","deg","20.000","°C","100.000","%a.s.","22.210","deg","20.000","°C","971.000","hPa","0.826","-0.01532","0.000401","-0.00012","0","11.08","Humid","30.45","0","49.40","252561.75","SABD0002000012","AAV2.0.0.13","4.0.0.2323","PSt7-10","171027-008","9/15/2022 2:43:31 PM","0000-00","0","no battery","V","","µV","","µV"
"11/15/2022","17:34:57","7","default","171425599","OXY_CH7","14.681","min","187.008","μmol/L","Humid","21.082","deg","88416","µV","28.892","°C","1025.000","hPa","36.0","pmil","0","55.700","deg","20.000","°C","100.000","%a.s.","22.210","deg","20.000","°C","971.000","hPa","0.826","-0.01532","0.000401","-0.00012","0","11.08","Humid","30.45","0","49.40","252550.77","SABD0002000012","AAV2.0.0.13","4.0.0.2323","PSt7-10","171027-008","9/15/2022 2:43:31 PM","0000-00","0","no battery","V","","µV","","µV"
"11/15/2022","17:34:58","7","default","171425599","OXY_CH7","14.697","min","186.941","μmol/L","Humid","21.086","deg","88417","µV","28.892","°C","1025.000","hPa","36.0","pmil","0","55.700","deg","20.000","°C","100.000","%a.s.","22.210","deg","20.000","°C","971.000","hPa","0.826","-0.01532","0.000401","-0.00012","0","11.08","Humid","30.45","0","49.40","252553.17","SABD0002000012","AAV2.0.0.13","4.0.0.2323","PSt7-10","171027-008","9/15/2022 2:43:31 PM","0000-00","0","no battery","V","","µV","","µV"
"11/15/2022","17:34:59","7","default","171425599","OXY_CH7","14.714","min","186.991","μmol/L","Humid","21.083","deg","88414","µV","28.892","°C","1025.000","hPa","36.0","pmil","0","55.700","deg","20.000","°C","100.000","%a.s.","22.210","deg","20.000","°C","971.000","hPa","0.826","-0.01532","0.000401","-0.00012","0","11.08","Humid","30.45","0","49.40","252561.41","SABD0002000012","AAV2.0.0.13","4.0.0.2323","PSt7-10","171027-008","9/15/2022 2:43:31 PM","0000-00","0","no battery","V","","µV","","µV"
"11/15/2022","17:35:00","7","default","171425599","OXY_CH7","14.731","min","186.908","μmol/L","Humid","21.088","deg","88413","µV","28.892","°C","1025.000","hPa","36.0","pmil","0","55.700","deg","20.000","°C","100.000","%a.s.","22.210","deg","20.000","°C","971.000","hPa","0.826","-0.01532","0.000401","-0.00012","0","11.08","Humid","30.45","0","49.40","252555.03","SABD0002000012","AAV2.0.0.13","4.0.0.2323","PSt7-10","171027-008","9/15/2022 2:43:31 PM","0000-00","0","no battery","V","","µV","","µV"
"11/15/2022","17:35:01","7","default","171425599","OXY_CH7","14.747","min","186.941","μmol/L","Humid","21.086","deg","88412","µV","28.892","°C","1025.000","hPa","36.0","pmil","0","55.700","deg","20.000","°C","100.000","%a.s.","22.210","deg","20.000","°C","971.000","hPa","0.826","-0.01532","0.000401","-0.00012","0","11.08","Humid","30.45","0","49.40","252555.81","SABD0002000012","AAV2.0.0.13","4.0.0.2323","PSt7-10","171027-008","9/15/2022 2:43:31 PM","0000-00","0","no battery","V","","µV","","µV"
"11/15/2022","17:35:02","7","default","171425599","OXY_CH7","14.763","min","186.958","μmol/L","Humid","21.085","deg","88409","µV","28.892","°C","1025.000","hPa","36.0","pmil","0","55.700","deg","20.000","°C","100.000","%a.s.","22.210","deg","20.000","°C","971.000","hPa","0.826","-0.01532","0.000401","-0.00012","0","11.08","Humid","30.45","0","49.40","252550.24","SABD0002000012","AAV2.0.0.13","4.0.0.2323","PSt7-10","171027-008","9/15/2022 2:43:31 PM","0000-00","0","no battery","V","","µV","","µV"
"11/15/2022","17:35:03","7","default","171425599","OXY_CH7","14.780","min","186.993","μmol/L","Humid","21.085","deg","88401","µV","28.885","°C","1025.000","hPa","36.0","pmil","0","55.700","deg","20.000","°C","100.000","%a.s.","22.210","deg","20.000","°C","971.000","hPa","0.826","-0.01532","0.000401","-0.00012","0","11.08","Humid","30.45","0","49.40","252536.46","SABD0002000012","AAV2.0.0.13","4.0.0.2323","PSt7-10","171027-008","9/15/2022 2:43:31 PM","0000-00","0","no battery","V","","µV","","µV"
"11/15/2022","17:35:04","7","default","171425599","OXY_CH7","14.797","min","186.958","μmol/L","Humid","21.085","deg","88397","µV","28.892","°C","1025.000","hPa","36.0","pmil","0","55.700","deg","20.000","°C","100.000","%a.s.","22.210","deg","20.000","°C","971.000","hPa","0.826","-0.01532","0.000401","-0.00012","0","11.08","Humid","30.45","0","49.40","252544.91","SABD0002000012","AAV2.0.0.13","4.0.0.2323","PSt7-10","171027-008","9/15/2022 2:43:31 PM","0000-00","0","no battery","V","","µV","","µV"
"11/15/2022","17:35:05","7","default","171425599","OXY_CH7","14.813","min","186.993","μmol/L","Humid","21.085","deg","88401","µV","28.885","°C","1025.000","hPa","36.0","pmil","0","55.700","deg","20.000","°C","100.000","%a.s.","22.210","deg","20.000","°C","971.000","hPa","0.826","-0.01532","0.000401","-0.00012","0","11.08","Humid","30.45","0","49.40","252537.53","SABD0002000012","AAV2.0.0.13","4.0.0.2323","PSt7-10","171027-008","9/15/2022 2:43:31 PM","0000-00","0","no battery","V","","µV","","µV"
"11/15/2022","17:35:06","7","default","171425599","OXY_CH7","14.830","min","186.991","μmol/L","Humid","21.083","deg","88399","µV","28.892","°C","1025.000","hPa","36.0","pmil","0","55.700","deg","20.000","°C","100.000","%a.s.","22.210","deg","20.000","°C","971.000","hPa","0.826","-0.01532","0.000401","-0.00012","0","11.08","Humid","30.45","0","49.40","252559.93","SABD0002000012","AAV2.0.0.13","4.0.0.2323","PSt7-10","171027-008","9/15/2022 2:43:31 PM","0000-00","0","no battery","V","","µV","","µV"
"11/15/2022","17:35:07","7","default","171425599","OXY_CH7","14.847","min","187.010","μmol/L","Humid","21.084","deg","88402","µV","28.885","°C","1025.000","hPa","36.0","pmil","0","55.700","deg","20.000","°C","100.000","%a.s.","22.210","deg","20.000","°C","971.000","hPa","0.826","-0.01532","0.000401","-0.00012","0","11.08","Humid","30.45","0","49.40","252542.89","SABD0002000012","AAV2.0.0.13","4.0.0.2323","PSt7-10","171027-008","9/15/2022 2:43:31 PM","0000-00","0","no battery","V","","µV","","µV"
"11/15/2022","17:35:08","7","default","171425599","OXY_CH7","14.864","min","186.958","μmol/L","Humid","21.085","deg","88400","µV","28.892","°C","1025.000","hPa","36.0","pmil","0","55.700","deg","20.000","°C","100.000","%a.s.","22.210","deg","20.000","°C","971.000","hPa","0.826","-0.01532","0.000401","-0.00012","0","11.08","Humid","30.45","0","49.40","252555.79","SABD0002000012","AAV2.0.0.13","4.0.0.2323","PSt7-10","171027-008","9/15/2022 2:43:31 PM","0000-00","0","no battery","V","","µV","","µV"
"11/15/2022","17:35:09","7","default","171425599","OXY_CH7","14.880","min","186.977","μmol/L","Humid","21.086","deg","88397","µV","28.885","°C","1025.000","hPa","36.0","pmil","0","55.700","deg","20.000","°C","100.000","%a.s.","22.210","deg","20.000","°C","971.000","hPa","0.826","-0.01532","0.000401","-0.00012","0","11.08","Humid","30.45","0","49.40","252543.54","SABD0002000012","AAV2.0.0.13","4.0.0.2323","PSt7-10","171027-008","9/15/2022 2:43:31 PM","0000-00","0","no battery","V","","µV","","µV"
"11/15/2022","17:35:10","7","default","171425599","OXY_CH7","14.897","min","186.991","μmol/L","Humid","21.083","deg","88394","µV","28.892","°C","1025.000","hPa","36.0","pmil","0","55.700","deg","20.000","°C","100.000","%a.s.","22.210","deg","20.000","°C","971.000","hPa","0.826","-0.01532","0.000401","-0.00012","0","11.08","Humid","30.45","0","49.40","252544.28","SABD0002000012","AAV2.0.0.13","4.0.0.2323","PSt7-10","171027-008","9/15/2022 2:43:31 PM","0000-00","0","no battery","V","","µV","","µV"
"11/15/2022","17:35:11","7","default","171425599","OXY_CH7","14.914","min","187.008","μmol/L","Humid","21.082","deg","88393","µV","28.892","°C","1025.000","hPa","36.0","pmil","0","55.700","deg","20.000","°C","100.000","%a.s.","22.210","deg","20.000","°C","971.000","hPa","0.826","-0.01532","0.000401","-0.00012","0","11.08","Humid","30.45","0","49.40","252547.81","SABD0002000012","AAV2.0.0.13","4.0.0.2323","PSt7-10","171027-008","9/15/2022 2:43:31 PM","0000-00","0","no battery","V","","µV","","µV"
"11/15/2022","17:35:12","7","default","171425599","OXY_CH7","14.931","min","187.012","μmol/L","Humid","21.086","deg","88400","µV","28.879","°C","1025.000","hPa","36.0","pmil","0","55.700","deg","20.000","°C","100.000","%a.s.","22.210","deg","20.000","°C","971.000","hPa","0.826","-0.01532","0.000401","-0.00012","0","11.08","Humid","30.45","0","49.40","252549.49","SABD0002000012","AAV2.0.0.13","4.0.0.2323","PSt7-10","171027-008","9/15/2022 2:43:31 PM","0000-00","0","no battery","V","","µV","","µV"
"11/15/2022","17:35:13","7","default","171425599","OXY_CH7","14.947","min","186.892","μmol/L","Humid","21.089","deg","88384","µV","28.892","°C","1025.000","hPa","36.0","pmil","0","55.700","deg","20.000","°C","100.000","%a.s.","22.210","deg","20.000","°C","971.000","hPa","0.826","-0.01532","0.000401","-0.00012","0","11.08","Humid","30.45","0","49.40","252527.40","SABD0002000012","AAV2.0.0.13","4.0.0.2323","PSt7-10","171027-008","9/15/2022 2:43:31 PM","0000-00","0","no battery","V","","µV","","µV"
"11/15/2022","17:35:14","7","default","171425599","OXY_CH7","14.964","min","186.958","μmol/L","Humid","21.085","deg","88385","µV","28.892","°C","1025.000","hPa","36.0","pmil","0","55.700","deg","20.000","°C","100.000","%a.s.","22.210","deg","20.000","°C","971.000","hPa","0.826","-0.01532","0.000401","-0.00012","0","11.08","Humid","30.45","0","49.40","252533.91","SABD0002000012","AAV2.0.0.13","4.0.0.2323","PSt7-10","171027-008","9/15/2022 2:43:31 PM","0000-00","0","no battery","V","","µV","","µV"
"11/15/2022","17:35:15","7","default","171425599","OXY_CH7","14.981","min","186.958","μmol/L","Humid","21.085","deg","88383","µV","28.892","°C","1025.000","hPa","36.0","pmil","0","55.700","deg","20.000","°C","100.000","%a.s.","22.210","deg","20.000","°C","971.000","hPa","0.826","-0.01532","0.000401","-0.00012","0","11.08","Humid","30.45","0","49.40","252539.77","SABD0002000012","AAV2.0.0.13","4.0.0.2323","PSt7-10","171027-008","9/15/2022 2:43:31 PM","0000-00","0","no battery","V","","µV","","µV"
"11/15/2022","17:35:16","7","default","171425599","OXY_CH7","14.997","min","187.076","μmol/L","Humid","21.080","deg","88378","µV","28.885","°C","1025.000","hPa","36.0","pmil","0","55.700","deg","20.000","°C","100.000","%a.s.","22.210","deg","20.000","°C","971.000","hPa","0.826","-0.01532","0.000401","-0.00012","0","11.08","Humid","30.45","0","49.40","252528.23","SABD0002000012","AAV2.0.0.13","4.0.0.2323","PSt7-10","171027-008","9/15/2022 2:43:31 PM","0000-00","0","no battery","V","","µV","","µV"
"11/15/2022","17:35:17","7","default","171425599","OXY_CH7","15.013","min","186.975","μmol/L","Humid","21.084","deg","88375","µV","28.892","°C","1025.000","hPa","36.0","pmil","0","55.700","deg","20.000","°C","100.000","%a.s.","22.210","deg","20.000","°C","971.000","hPa","0.826","-0.01532","0.000401","-0.00012","0","11.08","Humid","30.45","0","49.40","252535.45","SABD0002000012","AAV2.0.0.13","4.0.0.2323","PSt7-10","171027-008","9/15/2022 2:43:31 PM","0000-00","0","no battery","V","","µV","","µV"
"11/15/2022","17:35:18","7","default","171425599","OXY_CH7","15.030","min","186.991","μmol/L","Humid","21.083","deg","88379","µV","28.892","°C","1025.000","hPa","36.0","pmil","0","55.700","deg","20.000","°C","100.000","%a.s.","22.210","deg","20.000","°C","971.000","hPa","0.826","-0.01532","0.000401","-0.00012","0","11.08","Humid","30.45","0","49.40","252537.50","SABD0002000012","AAV2.0.0.13","4.0.0.2323","PSt7-10","171027-008","9/15/2022 2:43:31 PM","0000-00","0","no battery","V","","µV","","µV"
"11/15/2022","17:35:19","7","default","171425599","OXY_CH7","15.047","min","186.944","μmol/L","Humid","21.088","deg","88380","µV","28.885","°C","1025.000","hPa","36.0","pmil","0","55.700","deg","20.000","°C","100.000","%a.s.","22.210","deg","20.000","°C","971.000","hPa","0.826","-0.01532","0.000401","-0.00012","0","11.08","Humid","30.45","0","49.40","252531.04","SABD0002000012","AAV2.0.0.13","4.0.0.2323","PSt7-10","171027-008","9/15/2022 2:43:31 PM","0000-00","0","no battery","V","","µV","","µV"
"11/15/2022","17:35:20","7","default","171425599","OXY_CH7","15.064","min","186.944","μmol/L","Humid","21.088","deg","88373","µV","28.885","°C","1025.000","hPa","36.0","pmil","0","55.700","deg","20.000","°C","100.000","%a.s.","22.210","deg","20.000","°C","971.000","hPa","0.826","-0.01532","0.000401","-0.00012","0","11.08","Humid","30.45","0","49.40","252533.53","SABD0002000012","AAV2.0.0.13","4.0.0.2323","PSt7-10","171027-008","9/15/2022 2:43:31 PM","0000-00","0","no battery","V","","µV","","µV"
"11/15/2022","17:35:21","7","default","171425599","OXY_CH7","15.080","min","187.027","μmol/L","Humid","21.083","deg","88366","µV","28.885","°C","1025.000","hPa","36.0","pmil","0","55.700","deg","20.000","°C","100.000","%a.s.","22.210","deg","20.000","°C","971.000","hPa","0.826","-0.01532","0.000401","-0.00012","0","11.08","Humid","30.45","0","49.40","252523.15","SABD0002000012","AAV2.0.0.13","4.0.0.2323","PSt7-10","171027-008","9/15/2022 2:43:31 PM","0000-00","0","no battery","V","","µV","","µV"
"11/15/2022","17:35:22","7","default","171425599","OXY_CH7","15.097","min","187.093","μmol/L","Humid","21.079","deg","88369","µV","28.885","°C","1025.000","hPa","36.0","pmil","0","55.700","deg","20.000","°C","100.000","%a.s.","22.210","deg","20.000","°C","971.000","hPa","0.826","-0.01532","0.000401","-0.00012","0","11.08","Humid","30.45","0","49.40","252523.66","SABD0002000012","AAV2.0.0.13","4.0.0.2323","PSt7-10","171027-008","9/15/2022 2:43:31 PM","0000-00","0","no battery","V","","µV","","µV"
"11/15/2022","17:35:23","7","default","171425599","OXY_CH7","15.114","min","187.043","μmol/L","Humid","21.082","deg","88362","µV","28.885","°C","1025.000","hPa","36.0","pmil","0","55.700","deg","20.000","°C","100.000","%a.s.","22.210","deg","20.000","°C","971.000","hPa","0.826","-0.01532","0.000401","-0.00012","0","11.08","Humid","30.45","0","49.40","252534.58","SABD0002000012","AAV2.0.0.13","4.0.0.2323","PSt7-10","171027-008","9/15/2022 2:43:31 PM","0000-00","0","no battery","V","","µV","","µV"
"11/15/2022","17:35:24","7","default","171425599","OXY_CH7","15.131","min","186.958","μmol/L","Humid","21.085","deg","88368","µV","28.892","°C","1025.000","hPa","36.0","pmil","0","55.700","deg","20.000","°C","100.000","%a.s.","22.210","deg","20.000","°C","971.000","hPa","0.826","-0.01532","0.000401","-0.00012","0","11.08","Humid","30.45","0","49.40","252517.05","SABD0002000012","AAV2.0.0.13","4.0.0.2323","PSt7-10","171027-008","9/15/2022 2:43:31 PM","0000-00","0","no battery","V","","µV","","µV"
"11/15/2022","17:35:25","7","default","171425599","OXY_CH7","15.147","min","186.958","μmol/L","Humid","21.085","deg","88359","µV","28.892","°C","1025.000","hPa","36.0","pmil","0","55.700","deg","20.000","°C","100.000","%a.s.","22.210","deg","20.000","°C","971.000","hPa","0.826","-0.01532","0.000401","-0.00012","0","11.08","Humid","30.45","0","49.40","252523.88","SABD0002000012","AAV2.0.0.13","4.0.0.2323","PSt7-10","171027-008","9/15/2022 2:43:31 PM","0000-00","0","no battery","V","","µV","","µV"
"11/15/2022","17:35:26","7","default","171425599","OXY_CH7","15.164","min","186.958","μmol/L","Humid","21.085","deg","88363","µV","28.892","°C","1025.000","hPa","36.0","pmil","0","55.700","deg","20.000","°C","100.000","%a.s.","22.210","deg","20.000","°C","971.000","hPa","0.826","-0.01532","0.000401","-0.00012","0","11.08","Humid","30.45","0","49.40","252516.72","SABD0002000012","AAV2.0.0.13","4.0.0.2323","PSt7-10","171027-008","9/15/2022 2:43:31 PM","0000-00","0","no battery","V","","µV","","µV"
"11/15/2022","17:35:27","7","default","171425599","OXY_CH7","15.181","min","187.060","μmol/L","Humid","21.081","deg","88362","µV","28.885","°C","1025.000","hPa","36.0","pmil","0","55.700","deg","20.000","°C","100.000","%a.s.","22.210","deg","20.000","°C","971.000","hPa","0.826","-0.01532","0.000401","-0.00012","0","11.08","Humid","30.45","0","49.40","252522.28","SABD0002000012","AAV2.0.0.13","4.0.0.2323","PSt7-10","171027-008","9/15/2022 2:43:31 PM","0000-00","0","no battery","V","","µV","","µV"
"11/15/2022","17:35:28","7","default","171425599","OXY_CH7","15.197","min","187.025","μmol/L","Humid","21.081","deg","88360","µV","28.892","°C","1025.000","hPa","36.0","pmil","0","55.700","deg","20.000","°C","100.000","%a.s.","22.210","deg","20.000","°C","971.000","hPa","0.826","-0.01532","0.000401","-0.00012","0","11.08","Humid","30.45","0","49.40","252504.65","SABD0002000012","AAV2.0.0.13","4.0.0.2323","PSt7-10","171027-008","9/15/2022 2:43:31 PM","0000-00","0","no battery","V","","µV","","µV"
"11/15/2022","17:35:29","7","default","171425599","OXY_CH7","15.214","min","186.977","μmol/L","Humid","21.086","deg","88357","µV","28.885","°C","1025.000","hPa","36.0","pmil","0","55.700","deg","20.000","°C","100.000","%a.s.","22.210","deg","20.000","°C","971.000","hPa","0.826","-0.01532","0.000401","-0.00012","0","11.08","Humid","30.45","0","49.40","252511.64","SABD0002000012","AAV2.0.0.13","4.0.0.2323","PSt7-10","171027-008","9/15/2022 2:43:31 PM","0000-00","0","no battery","V","","µV","","µV"
"11/15/2022","17:35:30","7","default","171425599","OXY_CH7","15.230","min","186.958","μmol/L","Humid","21.085","deg","88354","µV","28.892","°C","1025.000","hPa","36.0","pmil","0","55.700","deg","20.000","°C","100.000","%a.s.","22.210","deg","20.000","°C","971.000","hPa","0.826","-0.01532","0.000401","-0.00012","0","11.08","Humid","30.45","0","49.40","252513.26","SABD0002000012","AAV2.0.0.13","4.0.0.2323","PSt7-10","171027-008","9/15/2022 2:43:31 PM","0000-00","0","no battery","V","","µV","","µV"
"11/15/2022","17:35:31","7","default","171425599","OXY_CH7","15.247","min","187.010","μmol/L","Humid","21.084","deg","88354","µV","28.885","°C","1025.000","hPa","36.0","pmil","0","55.700","deg","20.000","°C","100.000","%a.s.","22.210","deg","20.000","°C","971.000","hPa","0.826","-0.01532","0.000401","-0.00012","0","11.08","Humid","30.45","0","49.40","252514.98","SABD0002000012","AAV2.0.0.13","4.0.0.2323","PSt7-10","171027-008","9/15/2022 2:43:31 PM","0000-00","0","no battery","V","","µV","","µV"
"11/15/2022","17:35:32","7","default","171425599","OXY_CH7","15.264","min","187.112","μmol/L","Humid","21.080","deg","88364","µV","28.879","°C","1025.000","hPa","36.0","pmil","0","55.700","deg","20.000","°C","100.000","%a.s.","22.210","deg","20.000","°C","971.000","hPa","0.826","-0.01532","0.000401","-0.00012","0","11.08","Humid","30.45","0","49.40","252510.00","SABD0002000012","AAV2.0.0.13","4.0.0.2323","PSt7-10","171027-008","9/15/2022 2:43:31 PM","0000-00","0","no battery","V","","µV","","µV"
"11/15/2022","17:35:33","7","default","171425599","OXY_CH7","15.280","min","186.993","μmol/L","Humid","21.085","deg","88353","µV","28.885","°C","1025.000","hPa","36.0","pmil","0","55.700","deg","20.000","°C","100.000","%a.s.","22.210","deg","20.000","°C","971.000","hPa","0.826","-0.01532","0.000401","-0.00012","0","11.08","Humid","30.45","0","49.40","252504.30","SABD0002000012","AAV2.0.0.13","4.0.0.2323","PSt7-10","171027-008","9/15/2022 2:43:31 PM","0000-00","0","no battery","V","","µV","","µV"
"11/15/2022","17:35:34","7","default","171425599","OXY_CH7","15.297","min","187.041","μmol/L","Humid","21.080","deg","88343","µV","28.892","°C","1025.000","hPa","36.0","pmil","0","55.700","deg","20.000","°C","100.000","%a.s.","22.210","deg","20.000","°C","971.000","hPa","0.826","-0.01532","0.000401","-0.00012","0","11.08","Humid","30.45","0","49.40","252511.28","SABD0002000012","AAV2.0.0.13","4.0.0.2323","PSt7-10","171027-008","9/15/2022 2:43:31 PM","0000-00","0","no battery","V","","µV","","µV"
"11/15/2022","17:35:35","7","default","171425599","OXY_CH7","15.314","min","187.060","μmol/L","Humid","21.081","deg","88344","µV","28.885","°C","1025.000","hPa","36.0","pmil","0","55.700","deg","20.000","°C","100.000","%a.s.","22.210","deg","20.000","°C","971.000","hPa","0.826","-0.01532","0.000401","-0.00012","0","11.08","Humid","30.45","0","49.40","252507.91","SABD0002000012","AAV2.0.0.13","4.0.0.2323","PSt7-10","171027-008","9/15/2022 2:43:31 PM","0000-00","0","no battery","V","","µV","","µV"
"11/15/2022","17:35:36","7","default","171425599","OXY_CH7","15.331","min","187.060","μmol/L","Humid","21.081","deg","88350","µV","28.885","°C","1025.000","hPa","36.0","pmil","0","55.700","deg","20.000","°C","100.000","%a.s.","22.210","deg","20.000","°C","971.000","hPa","0.826","-0.01532","0.000401","-0.00012","0","11.08","Humid","30.45","0","49.40","252515.04","SABD0002000012","AAV2.0.0.13","4.0.0.2323","PSt7-10","171027-008","9/15/2022 2:43:31 PM","0000-00","0","no battery","V","","µV","","µV"
"11/15/2022","17:35:37","7","default","171425599","OXY_CH7","15.347","min","187.041","μmol/L","Humid","21.080","deg","88337","µV","28.892","°C","1025.000","hPa","36.0","pmil","0","55.700","deg","20.000","°C","100.000","%a.s.","22.210","deg","20.000","°C","971.000","hPa","0.826","-0.01532","0.000401","-0.00012","0","11.08","Humid","30.45","0","49.40","252510.44","SABD0002000012","AAV2.0.0.13","4.0.0.2323","PSt7-10","171027-008","9/15/2022 2:43:31 PM","0000-00","0","no battery","V","","µV","","µV"
"11/15/2022","17:35:38","7","default","171425599","OXY_CH7","15.364","min","187.025","μmol/L","Humid","21.081","deg","88338","µV","28.892","°C","1025.000","hPa","36.0","pmil","0","55.700","deg","20.000","°C","100.000","%a.s.","22.210","deg","20.000","°C","971.000","hPa","0.826","-0.01532","0.000401","-0.00012","0","11.08","Humid","30.45","0","49.40","252502.08","SABD0002000012","AAV2.0.0.13","4.0.0.2323","PSt7-10","171027-008","9/15/2022 2:43:31 PM","0000-00","0","no battery","V","","µV","","µV"
"11/15/2022","17:35:39","7","default","171425599","OXY_CH7","15.381","min","187.110","μmol/L","Humid","21.078","deg","88342","µV","28.885","°C","1025.000","hPa","36.0","pmil","0","55.700","deg","20.000","°C","100.000","%a.s.","22.210","deg","20.000","°C","971.000","hPa","0.826","-0.01532","0.000401","-0.00012","0","11.08","Humid","30.45","0","49.40","252508.50","SABD0002000012","AAV2.0.0.13","4.0.0.2323","PSt7-10","171027-008","9/15/2022 2:43:31 PM","0000-00","0","no battery","V","","µV","","µV"
"11/15/2022","17:35:40","7","default","171425599","OXY_CH7","15.397","min","187.041","μmol/L","Humid","21.080","deg","88339","µV","28.892","°C","1025.000","hPa","36.0","pmil","0","55.700","deg","20.000","°C","100.000","%a.s.","22.210","deg","20.000","°C","971.000","hPa","0.826","-0.01532","0.000401","-0.00012","0","11.08","Humid","30.45","0","49.40","252515.07","SABD0002000012","AAV2.0.0.13","4.0.0.2323","PSt7-10","171027-008","9/15/2022 2:43:31 PM","0000-00","0","no battery","V","","µV","","µV"
"11/15/2022","17:35:41","7","default","171425599","OXY_CH7","15.413","min","186.993","μmol/L","Humid","21.085","deg","88329","µV","28.885","°C","1025.000","hPa","36.0","pmil","0","55.700","deg","20.000","°C","100.000","%a.s.","22.210","deg","20.000","°C","971.000","hPa","0.826","-0.01532","0.000401","-0.00012","0","11.08","Humid","30.45","0","49.40","252512.55","SABD0002000012","AAV2.0.0.13","4.0.0.2323","PSt7-10","171027-008","9/15/2022 2:43:31 PM","0000-00","0","no battery","V","","µV","","µV"
"11/15/2022","17:35:42","7","default","171425599","OXY_CH7","15.430","min","187.043","μmol/L","Humid","21.082","deg","88331","µV","28.885","°C","1025.000","hPa","36.0","pmil","0","55.700","deg","20.000","°C","100.000","%a.s.","22.210","deg","20.000","°C","971.000","hPa","0.826","-0.01532","0.000401","-0.00012","0","11.08","Humid","30.45","0","49.40","252507.45","SABD0002000012","AAV2.0.0.13","4.0.0.2323","PSt7-10","171027-008","9/15/2022 2:43:31 PM","0000-00","0","no battery","V","","µV","","µV"
"11/15/2022","17:35:43","7","default","171425599","OXY_CH7","15.447","min","187.176","μmol/L","Humid","21.074","deg","88331","µV","28.885","°C","1025.000","hPa","36.0","pmil","0","55.700","deg","20.000","°C","100.000","%a.s.","22.210","deg","20.000","°C","971.000","hPa","0.826","-0.01532","0.000401","-0.00012","0","11.08","Humid","30.45","0","49.40","252495.38","SABD0002000012","AAV2.0.0.13","4.0.0.2323","PSt7-10","171027-008","9/15/2022 2:43:31 PM","0000-00","0","no battery","V","","µV","","µV"
"11/15/2022","17:35:44","7","default","171425599","OXY_CH7","15.464","min","187.041","μmol/L","Humid","21.080","deg","88321","µV","28.892","°C","1025.000","hPa","36.0","pmil","0","55.700","deg","20.000","°C","100.000","%a.s.","22.210","deg","20.000","°C","971.000","hPa","0.826","-0.01532","0.000401","-0.00012","0","11.08","Humid","30.45","0","49.40","252501.06","SABD0002000012","AAV2.0.0.13","4.0.0.2323","PSt7-10","171027-008","9/15/2022 2:43:31 PM","0000-00","0","no battery","V","","µV","","µV"
"11/15/2022","17:35:45","7","default","171425599","OXY_CH7","15.480","min","187.110","μmol/L","Humid","21.078","deg","88320","µV","28.885","°C","1025.000","hPa","36.0","pmil","0","55.700","deg","20.000","°C","100.000","%a.s.","22.210","deg","20.000","°C","971.000","hPa","0.826","-0.01532","0.000401","-0.00012","0","11.08","Humid","30.45","0","49.40","252499.54","SABD0002000012","AAV2.0.0.13","4.0.0.2323","PSt7-10","171027-008","9/15/2022 2:43:31 PM","0000-00","0","no battery","V","","µV","","µV"
"11/15/2022","17:35:46","7","default","171425599","OXY_CH7","15.497","min","187.076","μmol/L","Humid","21.080","deg","88321","µV","28.885","°C","1025.000","hPa","36.0","pmil","0","55.700","deg","20.000","°C","100.000","%a.s.","22.210","deg","20.000","°C","971.000","hPa","0.826","-0.01532","0.000401","-0.00012","0","11.08","Humid","30.45","0","49.40","252503.11","SABD0002000012","AAV2.0.0.13","4.0.0.2323","PSt7-10","171027-008","9/15/2022 2:43:31 PM","0000-00","0","no battery","V","","µV","","µV"
"11/15/2022","17:35:47","7","default","171425599","OXY_CH7","15.514","min","187.076","μmol/L","Humid","21.080","deg","88327","µV","28.885","°C","1025.000","hPa","36.0","pmil","0","55.700","deg","20.000","°C","100.000","%a.s.","22.210","deg","20.000","°C","971.000","hPa","0.826","-0.01532","0.000401","-0.00012","0","11.08","Humid","30.45","0","49.40","252500.92","SABD0002000012","AAV2.0.0.13","4.0.0.2323","PSt7-10","171027-008","9/15/2022 2:43:31 PM","0000-00","0","no battery","V","","µV","","µV"
"11/15/2022","17:35:48","7","default","171425599","OXY_CH7","15.531","min","187.093","μmol/L","Humid","21.079","deg","88320","µV","28.885","°C","1025.000","hPa","36.0","pmil","0","55.700","deg","20.000","°C","100.000","%a.s.","22.210","deg","20.000","°C","971.000","hPa","0.826","-0.01532","0.000401","-0.00012","0","11.08","Humid","30.45","0","49.40","252501.54","SABD0002000012","AAV2.0.0.13","4.0.0.2323","PSt7-10","171027-008","9/15/2022 2:43:31 PM","0000-00","0","no battery","V","","µV","","µV"
"11/15/2022","17:35:49","7","default","171425599","OXY_CH7","15.547","min","187.043","μmol/L","Humid","21.082","deg","88316","µV","28.885","°C","1025.000","hPa","36.0","pmil","0","55.700","deg","20.000","°C","100.000","%a.s.","22.210","deg","20.000","°C","971.000","hPa","0.826","-0.01532","0.000401","-0.00012","0","11.08","Humid","30.45","0","49.40","252483.25","SABD0002000012","AAV2.0.0.13","4.0.0.2323","PSt7-10","171027-008","9/15/2022 2:43:31 PM","0000-00","0","no battery","V","","µV","","µV"
"11/15/2022","17:35:50","7","default","171425599","OXY_CH7","15.564","min","187.124","μmol/L","Humid","21.075","deg","88316","µV","28.892","°C","1025.000","hPa","36.0","pmil","0","55.700","deg","20.000","°C","100.000","%a.s.","22.210","deg","20.000","°C","971.000","hPa","0.826","-0.01532","0.000401","-0.00012","0","11.08","Humid","30.45","0","49.40","252499.13","SABD0002000012","AAV2.0.0.13","4.0.0.2323","PSt7-10","171027-008","9/15/2022 2:43:31 PM","0000-00","0","no battery","V","","µV","","µV"
"11/15/2022","17:35:51","7","default","171425599","OXY_CH7","15.581","min","187.010","μmol/L","Humid","21.084","deg","88308","µV","28.885","°C","1025.000","hPa","36.0","pmil","0","55.700","deg","20.000","°C","100.000","%a.s.","22.210","deg","20.000","°C","971.000","hPa","0.826","-0.01532","0.000401","-0.00012","0","11.08","Humid","30.45","0","49.40","252502.95","SABD0002000012","AAV2.0.0.13","4.0.0.2323","PSt7-10","171027-008","9/15/2022 2:43:31 PM","0000-00","0","no battery","V","","µV","","µV"
"11/15/2022","17:35:52","7","default","171425599","OXY_CH7","15.597","min","187.147","μmol/L","Humid","21.080","deg","88312","µV","28.873","°C","1025.000","hPa","36.0","pmil","0","55.700","deg","20.000","°C","100.000","%a.s.","22.210","deg","20.000","°C","971.000","hPa","0.826","-0.01532","0.000401","-0.00012","0","11.08","Humid","30.45","0","49.40","252488.37","SABD0002000012","AAV2.0.0.13","4.0.0.2323","PSt7-10","171027-008","9/15/2022 2:43:31 PM","0000-00","0","no battery","V","","µV","","µV"
"11/15/2022","17:35:53","7","default","171425599","OXY_CH7","15.613","min","187.093","μmol/L","Humid","21.079","deg","88311","µV","28.885","°C","1025.000","hPa","36.0","pmil","0","55.700","deg","20.000","°C","100.000","%a.s.","22.210","deg","20.000","°C","971.000","hPa","0.826","-0.01532","0.000401","-0.00012","0","11.08","Humid","30.45","0","49.40","252498.89","SABD0002000012","AAV2.0.0.13","4.0.0.2323","PSt7-10","171027-008","9/15/2022 2:43:31 PM","0000-00","0","no battery","V","","µV","","µV"
"11/15/2022","17:35:54","7","default","171425599","OXY_CH7","15.630","min","187.091","μmol/L","Humid","21.077","deg","88310","µV","28.892","°C","1025.000","hPa","36.0","pmil","0","55.700","deg","20.000","°C","100.000","%a.s.","22.210","deg","20.000","°C","971.000","hPa","0.826","-0.01532","0.000401","-0.00012","0","11.08","Humid","30.45","0","49.40","252490.14","SABD0002000012","AAV2.0.0.13","4.0.0.2323","PSt7-10","171027-008","9/15/2022 2:43:31 PM","0000-00","0","no battery","V","","µV","","µV"
"11/15/2022","17:35:55","7","default","171425599","OXY_CH7","15.647","min","187.126","μmol/L","Humid","21.077","deg","88306","µV","28.885","°C","1025.000","hPa","36.0","pmil","0","55.700","deg","20.000","°C","100.000","%a.s.","22.210","deg","20.000","°C","971.000","hPa","0.826","-0.01532","0.000401","-0.00012","0","11.08","Humid","30.45","0","49.40","252495.81","SABD0002000012","AAV2.0.0.13","4.0.0.2323","PSt7-10","171027-008","9/15/2022 2:43:31 PM","0000-00","0","no battery","V","","µV","","µV"
"11/15/2022","17:35:56","7","default","171425599","OXY_CH7","15.663","min","187.060","μmol/L","Humid","21.081","deg","88303","µV","28.885","°C","1025.000","hPa","36.0","pmil","0","55.700","deg","20.000","°C","100.000","%a.s.","22.210","deg","20.000","°C","971.000","hPa","0.826","-0.01532","0.000401","-0.00012","0","11.08","Humid","30.45","0","49.40","252491.68","SABD0002000012","AAV2.0.0.13","4.0.0.2323","PSt7-10","171027-008","9/15/2022 2:43:31 PM","0000-00","0","no battery","V","","µV","","µV"
"11/15/2022","17:35:57","7","default","171425599","OXY_CH7","15.680","min","187.145","μmol/L","Humid","21.078","deg","88308","µV","28.879","°C","1025.000","hPa","36.0","pmil","0","55.700","deg","20.000","°C","100.000","%a.s.","22.210","deg","20.000","°C","971.000","hPa","0.826","-0.01532","0.000401","-0.00012","0","11.08","Humid","30.45","0","49.40","252484.72","SABD0002000012","AAV2.0.0.13","4.0.0.2323","PSt7-10","171027-008","9/15/2022 2:43:31 PM","0000-00","0","no battery","V","","µV","","µV"
"11/15/2022","17:35:58","7","default","171425599","OXY_CH7","15.697","min","187.043","μmol/L","Humid","21.082","deg","88298","µV","28.885","°C","1025.000","hPa","36.0","pmil","0","55.700","deg","20.000","°C","100.000","%a.s.","22.210","deg","20.000","°C","971.000","hPa","0.826","-0.01532","0.000401","-0.00012","0","11.08","Humid","30.45","0","49.40","252483.58","SABD0002000012","AAV2.0.0.13","4.0.0.2323","PSt7-10","171027-008","9/15/2022 2:43:31 PM","0000-00","0","no battery","V","","µV","","µV"
"11/15/2022","17:35:59","7","default","171425599","OXY_CH7","15.714","min","187.043","μmol/L","Humid","21.082","deg","88298","µV","28.885","°C","1025.000","hPa","36.0","pmil","0","55.700","deg","20.000","°C","100.000","%a.s.","22.210","deg","20.000","°C","971.000","hPa","0.826","-0.01532","0.000401","-0.00012","0","11.08","Humid","30.45","0","49.40","252484.50","SABD0002000012","AAV2.0.0.13","4.0.0.2323","PSt7-10","171027-008","9/15/2022 2:43:31 PM","0000-00","0","no battery","V","","µV","","µV"
"11/15/2022","17:36:00","7","default","171425599","OXY_CH7","15.731","min","187.126","μmol/L","Humid","21.077","deg","88298","µV","28.885","°C","1025.000","hPa","36.0","pmil","0","55.700","deg","20.000","°C","100.000","%a.s.","22.210","deg","20.000","°C","971.000","hPa","0.826","-0.01532","0.000401","-0.00012","0","11.08","Humid","30.45","0","49.40","252484.60","SABD0002000012","AAV2.0.0.13","4.0.0.2323","PSt7-10","171027-008","9/15/2022 2:43:31 PM","0000-00","0","no battery","V","","µV","","µV"
"11/15/2022","17:36:01","7","default","171425599","OXY_CH7","15.747","min","187.128","μmol/L","Humid","21.079","deg","88300","µV","28.879","°C","1025.000","hPa","36.0","pmil","0","55.700","deg","20.000","°C","100.000","%a.s.","22.210","deg","20.000","°C","971.000","hPa","0.826","-0.01532","0.000401","-0.00012","0","11.08","Humid","30.45","0","49.40","252465.90","SABD0002000012","AAV2.0.0.13","4.0.0.2323","PSt7-10","171027-008","9/15/2022 2:43:31 PM","0000-00","0","no battery","V","","µV","","µV"
"11/15/2022","17:36:02","7","default","171425599","OXY_CH7","15.764","min","187.060","μmol/L","Humid","21.081","deg","88294","µV","28.885","°C","1025.000","hPa","36.0","pmil","0","55.700","deg","20.000","°C","100.000","%a.s.","22.210","deg","20.000","°C","971.000","hPa","0.826","-0.01532","0.000401","-0.00012","0","11.08","Humid","30.45","0","49.40","252490.17","SABD0002000012","AAV2.0.0.13","4.0.0.2323","PSt7-10","171027-008","9/15/2022 2:43:31 PM","0000-00","0","no battery","V","","µV","","µV"
"11/15/2022","17:36:03","7","default","171425599","OXY_CH7","15.781","min","187.195","μmol/L","Humid","21.075","deg","88286","µV","28.879","°C","1025.000","hPa","36.0","pmil","0","55.700","deg","20.000","°C","100.000","%a.s.","22.210","deg","20.000","°C","971.000","hPa","0.826","-0.01532","0.000401","-0.00012","0","11.08","Humid","30.45","0","49.40","252475.66","SABD0002000012","AAV2.0.0.13","4.0.0.2323","PSt7-10","171027-008","9/15/2022 2:43:31 PM","0000-00","0","no battery","V","","µV","","µV"
"11/15/2022","17:36:04","7","default","171425599","OXY_CH7","15.797","min","187.126","μmol/L","Humid","21.077","deg","88287","µV","28.885","°C","1025.000","hPa","36.0","pmil","0","55.700","deg","20.000","°C","100.000","%a.s.","22.210","deg","20.000","°C","971.000","hPa","0.826","-0.01532","0.000401","-0.00012","0","11.08","Humid","30.45","0","49.40","252474.77","SABD0002000012","AAV2.0.0.13","4.0.0.2323","PSt7-10","171027-008","9/15/2022 2:43:31 PM","0000-00","0","no battery","V","","µV","","µV"
"11/15/2022","17:36:05","7","default","171425599","OXY_CH7","15.814","min","187.178","μmol/L","Humid","21.076","deg","88286","µV","28.879","°C","1025.000","hPa","36.0","pmil","0","55.700","deg","20.000","°C","100.000","%a.s.","22.210","deg","20.000","°C","971.000","hPa","0.826","-0.01532","0.000401","-0.00012","0","11.08","Humid","30.45","0","49.40","252471.49","SABD0002000012","AAV2.0.0.13","4.0.0.2323","PSt7-10","171027-008","9/15/2022 2:43:31 PM","0000-00","0","no battery","V","","µV","","µV"
"11/15/2022","17:36:06","7","default","171425599","OXY_CH7","15.830","min","187.195","μmol/L","Humid","21.075","deg","88290","µV","28.879","°C","1025.000","hPa","36.0","pmil","0","55.700","deg","20.000","°C","100.000","%a.s.","22.210","deg","20.000","°C","971.000","hPa","0.826","-0.01532","0.000401","-0.00012","0","11.08","Humid","30.45","0","49.40","252474.58","SABD0002000012","AAV2.0.0.13","4.0.0.2323","PSt7-10","171027-008","9/15/2022 2:43:31 PM","0000-00","0","no battery","V","","µV","","µV"
"11/15/2022","17:36:07","7","default","171425599","OXY_CH7","15.847","min","187.226","μmol/L","Humid","21.071","deg","88285","µV","28.885","°C","1025.000","hPa","36.0","pmil","0","55.700","deg","20.000","°C","100.000","%a.s.","22.210","deg","20.000","°C","971.000","hPa","0.826","-0.01532","0.000401","-0.00012","0","11.08","Humid","30.45","0","49.40","252475.85","SABD0002000012","AAV2.0.0.13","4.0.0.2323","PSt7-10","171027-008","9/15/2022 2:43:31 PM","0000-00","0","no battery","V","","µV","","µV"
"11/15/2022","17:36:08","7","default","171425599","OXY_CH7","15.864","min","187.160","μmol/L","Humid","21.075","deg","88284","µV","28.885","°C","1025.000","hPa","36.0","pmil","0","55.700","deg","20.000","°C","100.000","%a.s.","22.210","deg","20.000","°C","971.000","hPa","0.826","-0.01532","0.000401","-0.00012","0","11.08","Humid","30.45","0","49.40","252483.75","SABD0002000012","AAV2.0.0.13","4.0.0.2323","PSt7-10","171027-008","9/15/2022 2:43:31 PM","0000-00","0","no battery","V","","µV","","µV"
"11/15/2022","17:36:09","7","default","171425599","OXY_CH7","15.880","min","187.162","μmol/L","Humid","21.077","deg","88275","µV","28.879","°C","1025.000","hPa","36.0","pmil","0","55.700","deg","20.000","°C","100.000","%a.s.","22.210","deg","20.000","°C","971.000","hPa","0.826","-0.01532","0.000401","-0.00012","0","11.08","Humid","30.45","0","49.40","252472.80","SABD0002000012","AAV2.0.0.13","4.0.0.2323","PSt7-10","171027-008","9/15/2022 2:43:31 PM","0000-00","0","no battery","V","","µV","","µV"
"11/15/2022","17:36:10","7","default","171425599","OXY_CH7","15.897","min","187.126","μmol/L","Humid","21.077","deg","88272","µV","28.885","°C","1025.000","hPa","36.0","pmil","0","55.700","deg","20.000","°C","100.000","%a.s.","22.210","deg","20.000","°C","971.000","hPa","0.826","-0.01532","0.000401","-0.00012","0","11.08","Humid","30.45","0","49.40","252471.74","SABD0002000012","AAV2.0.0.13","4.0.0.2323","PSt7-10","171027-008","9/15/2022 2:43:31 PM","0000-00","0","no battery","V","","µV","","µV"
"11/15/2022","17:36:11","7","default","171425599","OXY_CH7","15.914","min","187.110","μmol/L","Humid","21.078","deg","88274","µV","28.885","°C","1025.000","hPa","36.0","pmil","0","55.700","deg","20.000","°C","100.000","%a.s.","22.210","deg","20.000","°C","971.000","hPa","0.826","-0.01532","0.000401","-0.00012","0","11.08","Humid","30.45","0","49.40","252476.33","SABD0002000012","AAV2.0.0.13","4.0.0.2323","PSt7-10","171027-008","9/15/2022 2:43:31 PM","0000-00","0","no battery","V","","µV","","µV"
"11/15/2022","17:36:12","7","default","171425599","OXY_CH7","15.931","min","187.112","μmol/L","Humid","21.080","deg","88266","µV","28.879","°C","1025.000","hPa","36.0","pmil","0","55.700","deg","20.000","°C","100.000","%a.s.","22.210","deg","20.000","°C","971.000","hPa","0.826","-0.01532","0.000401","-0.00012","0","11.08","Humid","30.45","0","49.40","252468.16","SABD0002000012","AAV2.0.0.13","4.0.0.2323","PSt7-10","171027-008","9/15/2022 2:43:31 PM","0000-00","0","no battery","V","","µV","","µV"
"11/15/2022","17:36:13","7","default","171425599","OXY_CH7","15.947","min","187.093","μmol/L","Humid","21.079","deg","88266","µV","28.885","°C","1025.000","hPa","36.0","pmil","0","55.700","deg","20.000","°C","100.000","%a.s.","22.210","deg","20.000","°C","971.000","hPa","0.826","-0.01532","0.000401","-0.00012","0","11.08","Humid","30.45","0","49.40","252466.89","SABD0002000012","AAV2.0.0.13","4.0.0.2323","PSt7-10","171027-008","9/15/2022 2:43:31 PM","0000-00","0","no battery","V","","µV","","µV"
"11/15/2022","17:36:14","7","default","171425599","OXY_CH7","15.964","min","187.162","μmol/L","Humid","21.077","deg","88268","µV","28.879","°C","1025.000","hPa","36.0","pmil","0","55.700","deg","20.000","°C","100.000","%a.s.","22.210","deg","20.000","°C","971.000","hPa","0.826","-0.01532","0.000401","-0.00012","0","11.08","Humid","30.45","0","49.40","252465.06","SABD0002000012","AAV2.0.0.13","4.0.0.2323","PSt7-10","171027-008","9/15/2022 2:43:31 PM","0000-00","0","no battery","V","","µV","","µV"
"11/15/2022","17:36:15","7","default","171425599","OXY_CH7","15.981","min","187.110","μmol/L","Humid","21.078","deg","88272","µV","28.885","°C","1025.000","hPa","36.0","pmil","0","55.700","deg","20.000","°C","100.000","%a.s.","22.210","deg","20.000","°C","971.000","hPa","0.826","-0.01532","0.000401","-0.00012","0","11.08","Humid","30.45","0","49.40","252479.02","SABD0002000012","AAV2.0.0.13","4.0.0.2323","PSt7-10","171027-008","9/15/2022 2:43:31 PM","0000-00","0","no battery","V","","µV","","µV"
"11/15/2022","17:36:16","7","default","171425599","OXY_CH7","15.997","min","187.126","μmol/L","Humid","21.077","deg","88270","µV","28.885","°C","1025.000","hPa","36.0","pmil","0","55.700","deg","20.000","°C","100.000","%a.s.","22.210","deg","20.000","°C","971.000","hPa","0.826","-0.01532","0.000401","-0.00012","0","11.08","Humid","30.45","0","49.40","252477.84","SABD0002000012","AAV2.0.0.13","4.0.0.2323","PSt7-10","171027-008","9/15/2022 2:43:31 PM","0000-00","0","no battery","V","","µV","","µV"
"11/15/2022","17:36:17","7","default","171425599","OXY_CH7","16.014","min","187.193","μmol/L","Humid","21.073","deg","88264","µV","28.885","°C","1025.000","hPa","36.0","pmil","0","55.700","deg","20.000","°C","100.000","%a.s.","22.210","deg","20.000","°C","971.000","hPa","0.826","-0.01532","0.000401","-0.00012","0","11.08","Humid","30.45","0","49.40","252477.50","SABD0002000012","AAV2.0.0.13","4.0.0.2323","PSt7-10","171027-008","9/15/2022 2:43:31 PM","0000-00","0","no battery","V","","µV","","µV"
"11/15/2022","17:36:18","7","default","171425599","OXY_CH7","16.030","min","187.176","μmol/L","Humid","21.074","deg","88269","µV","28.885","°C","1025.000","hPa","36.0","pmil","0","55.700","deg","20.000","°C","100.000","%a.s.","22.210","deg","20.000","°C","971.000","hPa","0.826","-0.01532","0.000401","-0.00012","0","11.08","Humid","30.45","0","49.40","252478.97","SABD0002000012","AAV2.0.0.13","4.0.0.2323","PSt7-10","171027-008","9/15/2022 2:43:31 PM","0000-00","0","no battery","V","","µV","","µV"
"11/15/2022","17:36:19","7","default","171425599","OXY_CH7","16.047","min","187.193","μmol/L","Humid","21.073","deg","88262","µV","28.885","°C","1025.000","hPa","36.0","pmil","0","55.700","deg","20.000","°C","100.000","%a.s.","22.210","deg","20.000","°C","971.000","hPa","0.826","-0.01532","0.000401","-0.00012","0","11.08","Humid","30.45","0","49.40","252471.36","SABD0002000012","AAV2.0.0.13","4.0.0.2323","PSt7-10","171027-008","9/15/2022 2:43:31 PM","0000-00","0","no battery","V","","µV","","µV"
"11/15/2022","17:36:20","7","default","171425599","OXY_CH7","16.064","min","187.143","μmol/L","Humid","21.076","deg","88256","µV","28.885","°C","1025.000","hPa","36.0","pmil","0","55.700","deg","20.000","°C","100.000","%a.s.","22.210","deg","20.000","°C","971.000","hPa","0.826","-0.01532","0.000401","-0.00012","0","11.08","Humid","30.45","0","49.40","252474.39","SABD0002000012","AAV2.0.0.13","4.0.0.2323","PSt7-10","171027-008","9/15/2022 2:43:31 PM","0000-00","0","no battery","V","","µV","","µV"
"11/15/2022","17:36:21","7","default","171425599","OXY_CH7","16.080","min","187.110","μmol/L","Humid","21.078","deg","88255","µV","28.885","°C","1025.000","hPa","36.0","pmil","0","55.700","deg","20.000","°C","100.000","%a.s.","22.210","deg","20.000","°C","971.000","hPa","0.826","-0.01532","0.000401","-0.00012","0","11.08","Humid","30.45","0","49.40","252460.71","SABD0002000012","AAV2.0.0.13","4.0.0.2323","PSt7-10","171027-008","9/15/2022 2:43:31 PM","0000-00","0","no battery","V","","µV","","µV"
"11/15/2022","17:36:22","7","default","171425599","OXY_CH7","16.097","min","187.210","μmol/L","Humid","21.072","deg","88250","µV","28.885","°C","1025.000","hPa","36.0","pmil","0","55.700","deg","20.000","°C","100.000","%a.s.","22.210","deg","20.000","°C","971.000","hPa","0.826","-0.01532","0.000401","-0.00012","0","11.08","Humid","30.45","0","49.40","252457.75","SABD0002000012","AAV2.0.0.13","4.0.0.2323","PSt7-10","171027-008","9/15/2022 2:43:31 PM","0000-00","0","no battery","V","","µV","","µV"
"11/15/2022","17:36:23","7","default","171425599","OXY_CH7","16.114","min","187.091","μmol/L","Humid","21.077","deg","88246","µV","28.892","°C","1025.000","hPa","36.0","pmil","0","55.700","deg","20.000","°C","100.000","%a.s.","22.210","deg","20.000","°C","971.000","hPa","0.826","-0.01532","0.000401","-0.00012","0","11.08","Humid","30.45","0","49.40","252464.09","SABD0002000012","AAV2.0.0.13","4.0.0.2323","PSt7-10","171027-008","9/15/2022 2:43:31 PM","0000-00","0","no battery","V","","µV","","µV"
"11/15/2022","17:36:24","7","default","171425599","OXY_CH7","16.131","min","187.212","μmol/L","Humid","21.074","deg","88250","µV","28.879","°C","1025.000","hPa","36.0","pmil","0","55.700","deg","20.000","°C","100.000","%a.s.","22.210","deg","20.000","°C","971.000","hPa","0.826","-0.01532","0.000401","-0.00012","0","11.08","Humid","30.45","0","49.40","252459.30","SABD0002000012","AAV2.0.0.13","4.0.0.2323","PSt7-10","171027-008","9/15/2022 2:43:31 PM","0000-00","0","no battery","V","","µV","","µV"
"11/15/2022","17:36:25","7","default","171425599","OXY_CH7","16.147","min","187.230","μmol/L","Humid","21.075","deg","88249","µV","28.873","°C","1025.000","hPa","36.0","pmil","0","55.700","deg","20.000","°C","100.000","%a.s.","22.210","deg","20.000","°C","971.000","hPa","0.826","-0.01532","0.000401","-0.00012","0","11.08","Humid","30.45","0","49.40","252454.09","SABD0002000012","AAV2.0.0.13","4.0.0.2323","PSt7-10","171027-008","9/15/2022 2:43:31 PM","0000-00","0","no battery","V","","µV","","µV"
"11/15/2022","17:36:26","7","default","171425599","OXY_CH7","16.164","min","187.210","μmol/L","Humid","21.072","deg","88247","µV","28.885","°C","1025.000","hPa","36.0","pmil","0","55.700","deg","20.000","°C","100.000","%a.s.","22.210","deg","20.000","°C","971.000","hPa","0.826","-0.01532","0.000401","-0.00012","0","11.08","Humid","30.45","0","49.40","252463.33","SABD0002000012","AAV2.0.0.13","4.0.0.2323","PSt7-10","171027-008","9/15/2022 2:43:31 PM","0000-00","0","no battery","V","","µV","","µV"
"11/15/2022","17:36:27","7","default","171425599","OXY_CH7","16.180","min","187.195","μmol/L","Humid","21.075","deg","88247","µV","28.879","°C","1025.000","hPa","36.0","pmil","0","55.700","deg","20.000","°C","100.000","%a.s.","22.210","deg","20.000","°C","971.000","hPa","0.826","-0.01532","0.000401","-0.00012","0","11.08","Humid","30.45","0","49.40","252464.46","SABD0002000012","AAV2.0.0.13","4.0.0.2323","PSt7-10","171027-008","9/15/2022 2:43:31 PM","0000-00","0","no battery","V","","µV","","µV"
"11/15/2022","17:36:28","7","default","171425599","OXY_CH7","16.197","min","187.178","μmol/L","Humid","21.076","deg","88243","µV","28.879","°C","1025.000","hPa","36.0","pmil","0","55.700","deg","20.000","°C","100.000","%a.s.","22.210","deg","20.000","°C","971.000","hPa","0.826","-0.01532","0.000401","-0.00012","0","11.08","Humid","30.45","0","49.40","252456.71","SABD0002000012","AAV2.0.0.13","4.0.0.2323","PSt7-10","171027-008","9/15/2022 2:43:31 PM","0000-00","0","no battery","V","","µV","","µV"
"11/15/2022","17:36:29","7","default","171425599","OXY_CH7","16.214","min","187.128","μmol/L","Humid","21.079","deg","88240","µV","28.879","°C","1025.000","hPa","36.0","pmil","0","55.700","deg","20.000","°C","100.000","%a.s.","22.210","deg","20.000","°C","971.000","hPa","0.826","-0.01532","0.000401","-0.00012","0","11.08","Humid","30.45","0","49.40","252459.33","SABD0002000012","AAV2.0.0.13","4.0.0.2323","PSt7-10","171027-008","9/15/2022 2:43:31 PM","0000-00","0","no battery","V","","µV","","µV"
"11/15/2022","17:36:30","7","default","171425599","OXY_CH7","16.230","min","187.228","μmol/L","Humid","21.073","deg","88235","µV","28.879","°C","1025.000","hPa","36.0","pmil","0","55.700","deg","20.000","°C","100.000","%a.s.","22.210","deg","20.000","°C","971.000","hPa","0.826","-0.01532","0.000401","-0.00012","0","11.08","Humid","30.45","0","49.40","252447.32","SABD0002000012","AAV2.0.0.13","4.0.0.2323","PSt7-10","171027-008","9/15/2022 2:43:31 PM","0000-00","0","no battery","V","","µV","","µV"
"11/15/2022","17:36:31","7","default","171425599","OXY_CH7","16.247","min","187.295","μmol/L","Humid","21.069","deg","88236","µV","28.879","°C","1025.000","hPa","36.0","pmil","0","55.700","deg","20.000","°C","100.000","%a.s.","22.210","deg","20.000","°C","971.000","hPa","0.826","-0.01532","0.000401","-0.00012","0","11.08","Humid","30.45","0","49.40","252451.68","SABD0002000012","AAV2.0.0.13","4.0.0.2323","PSt7-10","171027-008","9/15/2022 2:43:31 PM","0000-00","0","no battery","V","","µV","","µV"
"11/15/2022","17:36:32","7","default","171425599","OXY_CH7","16.264","min","187.195","μmol/L","Humid","21.075","deg","88237","µV","28.879","°C","1025.000","hPa","36.0","pmil","0","55.700","deg","20.000","°C","100.000","%a.s.","22.210","deg","20.000","°C","971.000","hPa","0.826","-0.01532","0.000401","-0.00012","0","11.08","Humid","30.45","0","49.40","252448.18","SABD0002000012","AAV2.0.0.13","4.0.0.2323","PSt7-10","171027-008","9/15/2022 2:43:31 PM","0000-00","0","no battery","V","","µV","","µV"
"11/15/2022","17:36:33","7","default","171425599","OXY_CH7","16.281","min","187.262","μmol/L","Humid","21.071","deg","88241","µV","28.879","°C","1025.000","hPa","36.0","pmil","0","55.700","deg","20.000","°C","100.000","%a.s.","22.210","deg","20.000","°C","971.000","hPa","0.826","-0.01532","0.000401","-0.00012","0","11.08","Humid","30.45","0","49.40","252453.47","SABD0002000012","AAV2.0.0.13","4.0.0.2323","PSt7-10","171027-008","9/15/2022 2:43:31 PM","0000-00","0","no battery","V","","µV","","µV"
"11/15/2022","17:36:34","7","default","171425599","OXY_CH7","16.297","min","187.176","μmol/L","Humid","21.074","deg","88229","µV","28.885","°C","1025.000","hPa","36.0","pmil","0","55.700","deg","20.000","°C","100.000","%a.s.","22.210","deg","20.000","°C","971.000","hPa","0.826","-0.01532","0.000401","-0.00012","0","11.08","Humid","30.45","0","49.40","252443.10","SABD0002000012","AAV2.0.0.13","4.0.0.2323","PSt7-10","171027-008","9/15/2022 2:43:31 PM","0000-00","0","no battery","V","","µV","","µV"
"11/15/2022","17:36:35","7","default","171425599","OXY_CH7","16.314","min","187.243","μmol/L","Humid","21.070","deg","88217","µV","28.885","°C","1025.000","hPa","36.0","pmil","0","55.700","deg","20.000","°C","100.000","%a.s.","22.210","deg","20.000","°C","971.000","hPa","0.826","-0.01532","0.000401","-0.00012","0","11.08","Humid","30.45","0","49.40","252441.22","SABD0002000012","AAV2.0.0.13","4.0.0.2323","PSt7-10","171027-008","9/15/2022 2:43:31 PM","0000-00","0","no battery","V","","µV","","µV"
"11/15/2022","17:36:36","7","default","171425599","OXY_CH7","16.330","min","187.210","μmol/L","Humid","21.072","deg","88224","µV","28.885","°C","1025.000","hPa","36.0","pmil","0","55.700","deg","20.000","°C","100.000","%a.s.","22.210","deg","20.000","°C","971.000","hPa","0.826","-0.01532","0.000401","-0.00012","0","11.08","Humid","30.45","0","49.40","252438.72","SABD0002000012","AAV2.0.0.13","4.0.0.2323","PSt7-10","171027-008","9/15/2022 2:43:31 PM","0000-00","0","no battery","V","","µV","","µV"
"11/15/2022","17:36:37","7","default","171425599","OXY_CH7","16.347","min","187.245","μmol/L","Humid","21.072","deg","88230","µV","28.879","°C","1025.000","hPa","36.0","pmil","0","55.700","deg","20.000","°C","100.000","%a.s.","22.210","deg","20.000","°C","971.000","hPa","0.826","-0.01532","0.000401","-0.00012","0","11.08","Humid","30.45","0","49.40","252446.25","SABD0002000012","AAV2.0.0.13","4.0.0.2323","PSt7-10","171027-008","9/15/2022 2:43:31 PM","0000-00","0","no battery","V","","µV","","µV"
"11/15/2022","17:36:38","7","default","171425599","OXY_CH7","16.363","min","187.245","μmol/L","Humid","21.072","deg","88221","µV","28.879","°C","1025.000","hPa","36.0","pmil","0","55.700","deg","20.000","°C","100.000","%a.s.","22.210","deg","20.000","°C","971.000","hPa","0.826","-0.01532","0.000401","-0.00012","0","11.08","Humid","30.45","0","49.40","252440.35","SABD0002000012","AAV2.0.0.13","4.0.0.2323","PSt7-10","171027-008","9/15/2022 2:43:31 PM","0000-00","0","no battery","V","","µV","","µV"
"11/15/2022","17:36:39","7","default","171425599","OXY_CH7","16.380","min","187.262","μmol/L","Humid","21.071","deg","88223","µV","28.879","°C","1025.000","hPa","36.0","pmil","0","55.700","deg","20.000","°C","100.000","%a.s.","22.210","deg","20.000","°C","971.000","hPa","0.826","-0.01532","0.000401","-0.00012","0","11.08","Humid","30.45","0","49.40","252447.30","SABD0002000012","AAV2.0.0.13","4.0.0.2323","PSt7-10","171027-008","9/15/2022 2:43:31 PM","0000-00","0","no battery","V","","µV","","µV"
"11/15/2022","17:36:40","7","default","171425599","OXY_CH7","16.397","min","187.245","μmol/L","Humid","21.072","deg","88213","µV","28.879","°C","1025.000","hPa","36.0","pmil","0","55.700","deg","20.000","°C","100.000","%a.s.","22.210","deg","20.000","°C","971.000","hPa","0.826","-0.01532","0.000401","-0.00012","0","11.08","Humid","30.45","0","49.40","252440.78","SABD0002000012","AAV2.0.0.13","4.0.0.2323","PSt7-10","171027-008","9/15/2022 2:43:31 PM","0000-00","0","no battery","V","","µV","","µV"
"11/15/2022","17:36:41","7","default","171425599","OXY_CH7","16.414","min","187.243","μmol/L","Humid","21.070","deg","88221","µV","28.885","°C","1025.000","hPa","36.0","pmil","0","55.700","deg","20.000","°C","100.000","%a.s.","22.210","deg","20.000","°C","971.000","hPa","0.826","-0.01532","0.000401","-0.00012","0","11.08","Humid","30.45","0","49.40","252441.49","SABD0002000012","AAV2.0.0.13","4.0.0.2323","PSt7-10","171027-008","9/15/2022 2:43:31 PM","0000-00","0","no battery","V","","µV","","µV"
"11/15/2022","17:36:42","7","default","171425599","OXY_CH7","16.431","min","187.210","μmol/L","Humid","21.072","deg","88228","µV","28.885","°C","1025.000","hPa","36.0","pmil","0","55.700","deg","20.000","°C","100.000","%a.s.","22.210","deg","20.000","°C","971.000","hPa","0.826","-0.01532","0.000401","-0.00012","0","11.08","Humid","30.45","0","49.40","252432.96","SABD0002000012","AAV2.0.0.13","4.0.0.2323","PSt7-10","171027-008","9/15/2022 2:43:31 PM","0000-00","0","no battery","V","","µV","","µV"
"11/15/2022","17:36:43","7","default","171425599","OXY_CH7","16.447","min","187.295","μmol/L","Humid","21.069","deg","88215","µV","28.879","°C","1025.000","hPa","36.0","pmil","0","55.700","deg","20.000","°C","100.000","%a.s.","22.210","deg","20.000","°C","971.000","hPa","0.826","-0.01532","0.000401","-0.00012","0","11.08","Humid","30.45","0","49.40","252437.38","SABD0002000012","AAV2.0.0.13","4.0.0.2323","PSt7-10","171027-008","9/15/2022 2:43:31 PM","0000-00","0","no battery","V","","µV","","µV"
"11/15/2022","17:36:44","7","default","171425599","OXY_CH7","16.464","min","187.228","μmol/L","Humid","21.073","deg","88222","µV","28.879","°C","1025.000","hPa","36.0","pmil","0","55.700","deg","20.000","°C","100.000","%a.s.","22.210","deg","20.000","°C","971.000","hPa","0.826","-0.01532","0.000401","-0.00012","0","11.08","Humid","30.45","0","49.40","252429.33","SABD0002000012","AAV2.0.0.13","4.0.0.2323","PSt7-10","171027-008","9/15/2022 2:43:31 PM","0000-00","0","no battery","V","","µV","","µV"
"11/15/2022","17:36:45","7","default","171425599","OXY_CH7","16.481","min","187.193","μmol/L","Humid","21.073","deg","88214","µV","28.885","°C","1025.000","hPa","36.0","pmil","0","55.700","deg","20.000","°C","100.000","%a.s.","22.210","deg","20.000","°C","971.000","hPa","0.826","-0.01532","0.000401","-0.00012","0","11.08","Humid","30.45","0","49.40","252439.02","SABD0002000012","AAV2.0.0.13","4.0.0.2323","PSt7-10","171027-008","9/15/2022 2:43:31 PM","0000-00","0","no battery","V","","µV","","µV"
"11/15/2022","17:36:46","7","default","171425599","OXY_CH7","16.498","min","187.193","μmol/L","Humid","21.073","deg","88211","µV","28.885","°C","1025.000","hPa","36.0","pmil","0","55.700","deg","20.000","°C","100.000","%a.s.","22.210","deg","20.000","°C","971.000","hPa","0.826","-0.01532","0.000401","-0.00012","0","11.08","Humid","30.45","0","49.40","252439.66","SABD0002000012","AAV2.0.0.13","4.0.0.2323","PSt7-10","171027-008","9/15/2022 2:43:31 PM","0000-00","0","no battery","V","","µV","","µV"
"11/15/2022","17:36:47","7","default","171425599","OXY_CH7","16.514","min","187.228","μmol/L","Humid","21.073","deg","88211","µV","28.879","°C","1025.000","hPa","36.0","pmil","0","55.700","deg","20.000","°C","100.000","%a.s.","22.210","deg","20.000","°C","971.000","hPa","0.826","-0.01532","0.000401","-0.00012","0","11.08","Humid","30.45","0","49.40","252433.34","SABD0002000012","AAV2.0.0.13","4.0.0.2323","PSt7-10","171027-008","9/15/2022 2:43:31 PM","0000-00","0","no battery","V","","µV","","µV"
"11/15/2022","17:36:48","7","default","171425599","OXY_CH7","16.530","min","187.093","μmol/L","Humid","21.079","deg","88211","µV","28.885","°C","1025.000","hPa","36.0","pmil","0","55.700","deg","20.000","°C","100.000","%a.s.","22.210","deg","20.000","°C","971.000","hPa","0.826","-0.01532","0.000401","-0.00012","0","11.08","Humid","30.45","0","49.40","252441.55","SABD0002000012","AAV2.0.0.13","4.0.0.2323","PSt7-10","171027-008","9/15/2022 2:43:31 PM","0000-00","0","no battery","V","","µV","","µV"
"11/15/2022","17:36:49","7","default","171425599","OXY_CH7","16.547","min","187.178","μmol/L","Humid","21.076","deg","88203","µV","28.879","°C","1025.000","hPa","36.0","pmil","0","55.700","deg","20.000","°C","100.000","%a.s.","22.210","deg","20.000","°C","971.000","hPa","0.826","-0.01532","0.000401","-0.00012","0","11.08","Humid","30.45","0","49.40","252439.70","SABD0002000012","AAV2.0.0.13","4.0.0.2323","PSt7-10","171027-008","9/15/2022 2:43:31 PM","0000-00","0","no battery","V","","µV","","µV"
"11/15/2022","17:36:50","7","default","171425599","OXY_CH7","16.564","min","187.314","μmol/L","Humid","21.070","deg","88207","µV","28.873","°C","1025.000","hPa","36.0","pmil","0","55.700","deg","20.000","°C","100.000","%a.s.","22.210","deg","20.000","°C","971.000","hPa","0.826","-0.01532","0.000401","-0.00012","0","11.08","Humid","30.45","0","49.40","252439.99","SABD0002000012","AAV2.0.0.13","4.0.0.2323","PSt7-10","171027-008","9/15/2022 2:43:31 PM","0000-00","0","no battery","V","","µV","","µV"
"11/15/2022","17:36:51","7","default","171425599","OXY_CH7","16.580","min","187.228","μmol/L","Humid","21.073","deg","88208","µV","28.879","°C","1025.000","hPa","36.0","pmil","0","55.700","deg","20.000","°C","100.000","%a.s.","22.210","deg","20.000","°C","971.000","hPa","0.826","-0.01532","0.000401","-0.00012","0","11.08","Humid","30.45","0","49.40","252426.47","SABD0002000012","AAV2.0.0.13","4.0.0.2323","PSt7-10","171027-008","9/15/2022 2:43:31 PM","0000-00","0","no battery","V","","µV","","µV"
"11/15/2022","17:36:52","7","default","171425599","OXY_CH7","16.597","min","187.280","μmol/L","Humid","21.072","deg","88200","µV","28.873","°C","1025.000","hPa","36.0","pmil","0","55.700","deg","20.000","°C","100.000","%a.s.","22.210","deg","20.000","°C","971.000","hPa","0.826","-0.01532","0.000401","-0.00012","0","11.08","Humid","30.45","0","49.40","252441.10","SABD0002000012","AAV2.0.0.13","4.0.0.2323","PSt7-10","171027-008","9/15/2022 2:43:31 PM","0000-00","0","no battery","V","","µV","","µV"
"11/15/2022","17:36:53","7","default","171425599","OXY_CH7","16.614","min","187.293","μmol/L","Humid","21.067","deg","88204","µV","28.885","°C","1025.000","hPa","36.0","pmil","0","55.700","deg","20.000","°C","100.000","%a.s.","22.210","deg","20.000","°C","971.000","hPa","0.826","-0.01532","0.000401","-0.00012","0","11.08","Humid","30.45","0","49.40","252447.61","SABD0002000012","AAV2.0.0.13","4.0.0.2323","PSt7-10","171027-008","9/15/2022 2:43:31 PM","0000-00","0","no battery","V","","µV","","µV"
"11/15/2022","17:36:54","7","default","171425599","OXY_CH7","16.631","min","187.280","μmol/L","Humid","21.072","deg","88200","µV","28.873","°C","1025.000","hPa","36.0","pmil","0","55.700","deg","20.000","°C","100.000","%a.s.","22.210","deg","20.000","°C","971.000","hPa","0.826","-0.01532","0.000401","-0.00012","0","11.08","Humid","30.45","0","49.40","252445.97","SABD0002000012","AAV2.0.0.13","4.0.0.2323","PSt7-10","171027-008","9/15/2022 2:43:31 PM","0000-00","0","no battery","V","","µV","","µV"
"11/15/2022","17:36:55","7","default","171425599","OXY_CH7","16.647","min","187.330","μmol/L","Humid","21.069","deg","88193","µV","28.873","°C","1025.000","hPa","36.0","pmil","0","55.700","deg","20.000","°C","100.000","%a.s.","22.210","deg","20.000","°C","971.000","hPa","0.826","-0.01532","0.000401","-0.00012","0","11.08","Humid","30.45","0","49.40","252430.43","SABD0002000012","AAV2.0.0.13","4.0.0.2323","PSt7-10","171027-008","9/15/2022 2:43:31 PM","0000-00","0","no battery","V","","µV","","µV"
"11/15/2022","17:36:56","7","default","171425599","OXY_CH7","16.664","min","187.228","μmol/L","Humid","21.073","deg","88197","µV","28.879","°C","1025.000","hPa","36.0","pmil","0","55.700","deg","20.000","°C","100.000","%a.s.","22.210","deg","20.000","°C","971.000","hPa","0.826","-0.01532","0.000401","-0.00012","0","11.08","Humid","30.45","0","49.40","252432.56","SABD0002000012","AAV2.0.0.13","4.0.0.2323","PSt7-10","171027-008","9/15/2022 2:43:31 PM","0000-00","0","no battery","V","","µV","","µV"
"11/15/2022","17:36:57","7","default","171425599","OXY_CH7","16.681","min","187.226","μmol/L","Humid","21.071","deg","88196","µV","28.885","°C","1025.000","hPa","36.0","pmil","0","55.700","deg","20.000","°C","100.000","%a.s.","22.210","deg","20.000","°C","971.000","hPa","0.826","-0.01532","0.000401","-0.00012","0","11.08","Humid","30.45","0","49.40","252427.74","SABD0002000012","AAV2.0.0.13","4.0.0.2323","PSt7-10","171027-008","9/15/2022 2:43:31 PM","0000-00","0","no battery","V","","µV","","µV"
"11/15/2022","17:36:58","7","default","171425599","OXY_CH7","16.697","min","187.245","μmol/L","Humid","21.072","deg","88193","µV","28.879","°C","1025.000","hPa","36.0","pmil","0","55.700","deg","20.000","°C","100.000","%a.s.","22.210","deg","20.000","°C","971.000","hPa","0.826","-0.01532","0.000401","-0.00012","0","11.08","Humid","30.45","0","49.40","252421.91","SABD0002000012","AAV2.0.0.13","4.0.0.2323","PSt7-10","171027-008","9/15/2022 2:43:31 PM","0000-00","0","no battery","V","","µV","","µV"
"11/15/2022","17:36:59","7","default","171425599","OXY_CH7","16.714","min","187.228","μmol/L","Humid","21.073","deg","88187","µV","28.879","°C","1025.000","hPa","36.0","pmil","0","55.700","deg","20.000","°C","100.000","%a.s.","22.210","deg","20.000","°C","971.000","hPa","0.826","-0.01532","0.000401","-0.00012","0","11.08","Humid","30.45","0","49.40","252425.42","SABD0002000012","AAV2.0.0.13","4.0.0.2323","PSt7-10","171027-008","9/15/2022 2:43:31 PM","0000-00","0","no battery","V","","µV","","µV"
"11/15/2022","17:37:00","7","default","171425599","OXY_CH7","16.730","min","187.195","μmol/L","Humid","21.075","deg","88187","µV","28.879","°C","1025.000","hPa","36.0","pmil","0","55.700","deg","20.000","°C","100.000","%a.s.","22.210","deg","20.000","°C","971.000","hPa","0.826","-0.01532","0.000401","-0.00012","0","11.08","Humid","30.45","0","49.40","252430.81","SABD0002000012","AAV2.0.0.13","4.0.0.2323","PSt7-10","171027-008","9/15/2022 2:43:31 PM","0000-00","0","no battery","V","","µV","","µV"
"11/15/2022","17:37:01","7","default","171425599","OXY_CH7","16.747","min","187.278","μmol/L","Humid","21.070","deg","88190","µV","28.879","°C","1025.000","hPa","36.0","pmil","0","55.700","deg","20.000","°C","100.000","%a.s.","22.210","deg","20.000","°C","971.000","hPa","0.826","-0.01532","0.000401","-0.00012","0","11.08","Humid","30.45","0","49.40","252429.84","SABD0002000012","AAV2.0.0.13","4.0.0.2323","PSt7-10","171027-008","9/15/2022 2:43:31 PM","0000-00","0","no battery","V","","µV","","µV"
"11/15/2022","17:37:02","7","default","171425599","OXY_CH7","16.763","min","187.361","μmol/L","Humid","21.065","deg","88185","µV","28.879","°C","1025.000","hPa","36.0","pmil","0","55.700","deg","20.000","°C","100.000","%a.s.","22.210","deg","20.000","°C","971.000","hPa","0.826","-0.01532","0.000401","-0.00012","0","11.08","Humid","30.45","0","49.40","252426.08","SABD0002000012","AAV2.0.0.13","4.0.0.2323","PSt7-10","171027-008","9/15/2022 2:43:31 PM","0000-00","0","no battery","V","","µV","","µV"
"11/15/2022","17:37:03","7","default","171425599","OXY_CH7","16.780","min","187.312","μmol/L","Humid","21.068","deg","88182","µV","28.879","°C","1025.000","hPa","36.0","pmil","0","55.700","deg","20.000","°C","100.000","%a.s.","22.210","deg","20.000","°C","971.000","hPa","0.826","-0.01532","0.000401","-0.00012","0","11.08","Humid","30.45","0","49.40","252427.63","SABD0002000012","AAV2.0.0.13","4.0.0.2323","PSt7-10","171027-008","9/15/2022 2:43:31 PM","0000-00","0","no battery","V","","µV","","µV"
"11/15/2022","17:37:04","7","default","171425599","OXY_CH7","16.797","min","187.245","μmol/L","Humid","21.072","deg","88177","µV","28.879","°C","1025.000","hPa","36.0","pmil","0","55.700","deg","20.000","°C","100.000","%a.s.","22.210","deg","20.000","°C","971.000","hPa","0.826","-0.01532","0.000401","-0.00012","0","11.08","Humid","30.45","0","49.40","252428.22","SABD0002000012","AAV2.0.0.13","4.0.0.2323","PSt7-10","171027-008","9/15/2022 2:43:31 PM","0000-00","0","no battery","V","","µV","","µV"
"11/15/2022","17:37:05","7","default","171425599","OXY_CH7","16.814","min","187.278","μmol/L","Humid","21.070","deg","88176","µV","28.879","°C","1025.000","hPa","36.0","pmil","0","55.700","deg","20.000","°C","100.000","%a.s.","22.210","deg","20.000","°C","971.000","hPa","0.826","-0.01532","0.000401","-0.00012","0","11.08","Humid","30.45","0","49.40","252417.22","SABD0002000012","AAV2.0.0.13","4.0.0.2323","PSt7-10","171027-008","9/15/2022 2:43:31 PM","0000-00","0","no battery","V","","µV","","µV"
"11/15/2022","17:37:06","7","default","171425599","OXY_CH7","16.830","min","187.364","μmol/L","Humid","21.067","deg","88176","µV","28.873","°C","1025.000","hPa","36.0","pmil","0","55.700","deg","20.000","°C","100.000","%a.s.","22.210","deg","20.000","°C","971.000","hPa","0.826","-0.01532","0.000401","-0.00012","0","11.08","Humid","30.45","0","49.40","252431.56","SABD0002000012","AAV2.0.0.13","4.0.0.2323","PSt7-10","171027-008","9/15/2022 2:43:31 PM","0000-00","0","no battery","V","","µV","","µV"
"11/15/2022","17:37:07","7","default","171425599","OXY_CH7","16.847","min","187.262","μmol/L","Humid","21.071","deg","88176","µV","28.879","°C","1025.000","hPa","36.0","pmil","0","55.700","deg","20.000","°C","100.000","%a.s.","22.210","deg","20.000","°C","971.000","hPa","0.826","-0.01532","0.000401","-0.00012","0","11.08","Humid","30.45","0","49.40","252428.49","SABD0002000012","AAV2.0.0.13","4.0.0.2323","PSt7-10","171027-008","9/15/2022 2:43:31 PM","0000-00","0","no battery","V","","µV","","µV"
"11/15/2022","17:37:08","7","default","171425599","OXY_CH7","16.864","min","187.328","μmol/L","Humid","21.067","deg","88174","µV","28.879","°C","1025.000","hPa","36.0","pmil","0","55.700","deg","20.000","°C","100.000","%a.s.","22.210","deg","20.000","°C","971.000","hPa","0.826","-0.01532","0.000401","-0.00012","0","11.08","Humid","30.45","0","49.40","252427.67","SABD0002000012","AAV2.0.0.13","4.0.0.2323","PSt7-10","171027-008","9/15/2022 2:43:31 PM","0000-00","0","no battery","V","","µV","","µV"
"11/15/2022","17:37:09","7","default","171425599","OXY_CH7","16.881","min","187.297","μmol/L","Humid","21.071","deg","88177","µV","28.873","°C","1025.000","hPa","36.0","pmil","0","55.700","deg","20.000","°C","100.000","%a.s.","22.210","deg","20.000","°C","971.000","hPa","0.826","-0.01532","0.000401","-0.00012","0","11.08","Humid","30.45","0","49.40","252419.38","SABD0002000012","AAV2.0.0.13","4.0.0.2323","PSt7-10","171027-008","9/15/2022 2:43:31 PM","0000-00","0","no battery","V","","µV","","µV"
"11/15/2022","17:37:10","7","default","171425599","OXY_CH7","16.898","min","187.297","μmol/L","Humid","21.071","deg","88169","µV","28.873","°C","1025.000","hPa","36.0","pmil","0","55.700","deg","20.000","°C","100.000","%a.s.","22.210","deg","20.000","°C","971.000","hPa","0.826","-0.01532","0.000401","-0.00012","0","11.08","Humid","30.45","0","49.40","252429.73","SABD0002000012","AAV2.0.0.13","4.0.0.2323","PSt7-10","171027-008","9/15/2022 2:43:31 PM","0000-00","0","no battery","V","","µV","","µV"
"11/15/2022","17:37:11","7","default","171425599","OXY_CH7","16.914","min","187.243","μmol/L","Humid","21.070","deg","88167","µV","28.885","°C","1025.000","hPa","36.0","pmil","0","55.700","deg","20.000","°C","100.000","%a.s.","22.210","deg","20.000","°C","971.000","hPa","0.826","-0.01532","0.000401","-0.00012","0","11.08","Humid","30.45","0","49.40","252434.69","SABD0002000012","AAV2.0.0.13","4.0.0.2323","PSt7-10","171027-008","9/15/2022 2:43:31 PM","0000-00","0","no battery","V","","µV","","µV"
"11/15/2022","17:37:12","7","default","171425599","OXY_CH7","16.931","min","187.345","μmol/L","Humid","21.066","deg","88161","µV","28.879","°C","1025.000","hPa","36.0","pmil","0","55.700","deg","20.000","°C","100.000","%a.s.","22.210","deg","20.000","°C","971.000","hPa","0.826","-0.01532","0.000401","-0.00012","0","11.08","Humid","30.45","0","49.40","252423.45","SABD0002000012","AAV2.0.0.13","4.0.0.2323","PSt7-10","171027-008","9/15/2022 2:43:31 PM","0000-00","0","no battery","V","","µV","","µV"
"11/15/2022","17:37:13","7","default","171425599","OXY_CH7","16.947","min","187.359","μmol/L","Humid","21.063","deg","88165","µV","28.885","°C","1025.000","hPa","36.0","pmil","0","55.700","deg","20.000","°C","100.000","%a.s.","22.210","deg","20.000","°C","971.000","hPa","0.826","-0.01532","0.000401","-0.00012","0","11.08","Humid","30.45","0","49.40","252420.49","SABD0002000012","AAV2.0.0.13","4.0.0.2323","PSt7-10","171027-008","9/15/2022 2:43:31 PM","0000-00","0","no battery","V","","µV","","µV"
"11/15/2022","17:37:14","7","default","171425599","OXY_CH7","16.963","min","187.330","μmol/L","Humid","21.069","deg","88162","µV","28.873","°C","1025.000","hPa","36.0","pmil","0","55.700","deg","20.000","°C","100.000","%a.s.","22.210","deg","20.000","°C","971.000","hPa","0.826","-0.01532","0.000401","-0.00012","0","11.08","Humid","30.45","0","49.40","252425.76","SABD0002000012","AAV2.0.0.13","4.0.0.2323","PSt7-10","171027-008","9/15/2022 2:43:31 PM","0000-00","0","no battery","V","","µV","","µV"
"11/15/2022","17:37:15","7","default","171425599","OXY_CH7","16.980","min","187.293","μmol/L","Humid","21.067","deg","88153","µV","28.885","°C","1025.000","hPa","36.0","pmil","0","55.700","deg","20.000","°C","100.000","%a.s.","22.210","deg","20.000","°C","971.000","hPa","0.826","-0.01532","0.000401","-0.00012","0","11.08","Humid","30.45","0","49.40","252429.60","SABD0002000012","AAV2.0.0.13","4.0.0.2323","PSt7-10","171027-008","9/15/2022 2:43:31 PM","0000-00","0","no battery","V","","µV","","µV"
"11/15/2022","17:37:16","7","default","171425599","OXY_CH7","16.997","min","187.347","μmol/L","Humid","21.068","deg","88158","µV","28.873","°C","1025.000","hPa","36.0","pmil","0","55.700","deg","20.000","°C","100.000","%a.s.","22.210","deg","20.000","°C","971.000","hPa","0.826","-0.01532","0.000401","-0.00012","0","11.08","Humid","30.45","0","49.40","252423.07","SABD0002000012","AAV2.0.0.13","4.0.0.2323","PSt7-10","171027-008","9/15/2022 2:43:31 PM","0000-00","0","no battery","V","","µV","","µV"
"11/15/2022","17:37:17","7","default","171425599","OXY_CH7","17.014","min","187.380","μmol/L","Humid","21.066","deg","88153","µV","28.873","°C","1025.000","hPa","36.0","pmil","0","55.700","deg","20.000","°C","100.000","%a.s.","22.210","deg","20.000","°C","971.000","hPa","0.826","-0.01532","0.000401","-0.00012","0","11.08","Humid","30.45","0","49.40","252432.74","SABD0002000012","AAV2.0.0.13","4.0.0.2323","PSt7-10","171027-008","9/15/2022 2:43:31 PM","0000-00","0","no battery","V","","µV","","µV"
"11/15/2022","17:37:18","7","default","171425599","OXY_CH7","17.030","min","187.276","μmol/L","Humid","21.068","deg","88150","µV","28.885","°C","1025.000","hPa","36.0","pmil","0","55.700","deg","20.000","°C","100.000","%a.s.","22.210","deg","20.000","°C","971.000","hPa","0.826","-0.01532","0.000401","-0.00012","0","11.08","Humid","30.45","0","49.40","252419.66","SABD0002000012","AAV2.0.0.13","4.0.0.2323","PSt7-10","171027-008","9/15/2022 2:43:31 PM","0000-00","0","no battery","V","","µV","","µV"
"11/15/2022","17:37:19","7","default","171425599","OXY_CH7","17.047","min","187.278","μmol/L","Humid","21.070","deg","88152","µV","28.879","°C","1025.000","hPa","36.0","pmil","0","55.700","deg","20.000","°C","100.000","%a.s.","22.210","deg","20.000","°C","971.000","hPa","0.826","-0.01532","0.000401","-0.00012","0","11.08","Humid","30.45","0","49.40","252422.63","SABD0002000012","AAV2.0.0.13","4.0.0.2323","PSt7-10","171027-008","9/15/2022 2:43:31 PM","0000-00","0","no battery","V","","µV","","µV"
"11/15/2022","17:37:20","7","default","171425599","OXY_CH7","17.064","min","187.314","μmol/L","Humid","21.070","deg","88152","µV","28.873","°C","1025.000","hPa","36.0","pmil","0","55.700","deg","20.000","°C","100.000","%a.s.","22.210","deg","20.000","°C","971.000","hPa","0.826","-0.01532","0.000401","-0.00012","0","11.08","Humid","30.45","0","49.40","252423.24","SABD0002000012","AAV2.0.0.13","4.0.0.2323","PSt7-10","171027-008","9/15/2022 2:43:31 PM","0000-00","0","no battery","V","","µV","","µV"
"11/15/2022","17:37:21","7","default","171425599","OXY_CH7","17.081","min","187.380","μmol/L","Humid","21.066","deg","88150","µV","28.873","°C","1025.000","hPa","36.0","pmil","0","55.700","deg","20.000","°C","100.000","%a.s.","22.210","deg","20.000","°C","971.000","hPa","0.826","-0.01532","0.000401","-0.00012","0","11.08","Humid","30.45","0","49.40","252416.76","SABD0002000012","AAV2.0.0.13","4.0.0.2323","PSt7-10","171027-008","9/15/2022 2:43:31 PM","0000-00","0","no battery","V","","µV","","µV"
"11/15/2022","17:37:22","7","default","171425599","OXY_CH7","17.098","min","187.295","μmol/L","Humid","21.069","deg","88142","µV","28.879","°C","1025.000","hPa","36.0","pmil","0","55.700","deg","20.000","°C","100.000","%a.s.","22.210","deg","20.000","°C","971.000","hPa","0.826","-0.01532","0.000401","-0.00012","0","11.08","Humid","30.45","0","49.40","252421.19","SABD0002000012","AAV2.0.0.13","4.0.0.2323","PSt7-10","171027-008","9/15/2022 2:43:31 PM","0000-00","0","no battery","V","","µV","","µV"
"11/15/2022","17:37:23","7","default","171425599","OXY_CH7","17.114","min","187.345","μmol/L","Humid","21.066","deg","88142","µV","28.879","°C","1025.000","hPa","36.0","pmil","0","55.700","deg","20.000","°C","100.000","%a.s.","22.210","deg","20.000","°C","971.000","hPa","0.826","-0.01532","0.000401","-0.00012","0","11.08","Humid","30.45","0","49.40","252403.20","SABD0002000012","AAV2.0.0.13","4.0.0.2323","PSt7-10","171027-008","9/15/2022 2:43:31 PM","0000-00","0","no battery","V","","µV","","µV"
"11/15/2022","17:37:24","7","default","171425599","OXY_CH7","17.131","min","187.295","μmol/L","Humid","21.069","deg","88143","µV","28.879","°C","1025.000","hPa","36.0","pmil","0","55.700","deg","20.000","°C","100.000","%a.s.","22.210","deg","20.000","°C","971.000","hPa","0.826","-0.01532","0.000401","-0.00012","0","11.08","Humid","30.45","0","49.40","252406.83","SABD0002000012","AAV2.0.0.13","4.0.0.2323","PSt7-10","171027-008","9/15/2022 2:43:31 PM","0000-00","0","no battery","V","","µV","","µV"
"11/15/2022","17:37:25","7","default","171425599","OXY_CH7","17.147","min","187.380","μmol/L","Humid","21.066","deg","88139","µV","28.873","°C","1025.000","hPa","36.0","pmil","0","55.700","deg","20.000","°C","100.000","%a.s.","22.210","deg","20.000","°C","971.000","hPa","0.826","-0.01532","0.000401","-0.00012","0","11.08","Humid","30.45","0","49.40","252410.22","SABD0002000012","AAV2.0.0.13","4.0.0.2323","PSt7-10","171027-008","9/15/2022 2:43:31 PM","0000-00","0","no battery","V","","µV","","µV"
"11/15/2022","17:37:26","7","default","171425599","OXY_CH7","17.164","min","187.309","μmol/L","Humid","21.066","deg","88135","µV","28.885","°C","1025.000","hPa","36.0","pmil","0","55.700","deg","20.000","°C","100.000","%a.s.","22.210","deg","20.000","°C","971.000","hPa","0.826","-0.01532","0.000401","-0.00012","0","11.08","Humid","30.45","0","49.40","252384.63","SABD0002000012","AAV2.0.0.13","4.0.0.2323","PSt7-10","171027-008","9/15/2022 2:43:31 PM","0000-00","0","no battery","V","","µV","","µV"
"11/15/2022","17:37:27","7","default","171425599","OXY_CH7","17.180","min","187.378","μmol/L","Humid","21.064","deg","88131","µV","28.879","°C","1025.000","hPa","36.0","pmil","0","55.700","deg","20.000","°C","100.000","%a.s.","22.210","deg","20.000","°C","971.000","hPa","0.826","-0.01532","0.000401","-0.00012","0","11.08","Humid","30.45","0","49.40","252396.87","SABD0002000012","AAV2.0.0.13","4.0.0.2323","PSt7-10","171027-008","9/15/2022 2:43:31 PM","0000-00","0","no battery","V","","µV","","µV"
"11/15/2022","17:37:28","7","default","171425599","OXY_CH7","17.197","min","187.428","μmol/L","Humid","21.061","deg","88135","µV","28.879","°C","1025.000","hPa","36.0","pmil","0","55.700","deg","20.000","°C","100.000","%a.s.","22.210","deg","20.000","°C","971.000","hPa","0.826","-0.01532","0.000401","-0.00012","0","11.08","Humid","30.45","0","49.40","252402.52","SABD0002000012","AAV2.0.0.13","4.0.0.2323","PSt7-10","171027-008","9/15/2022 2:43:31 PM","0000-00","0","no battery","V","","µV","","µV"
"11/15/2022","17:37:29","7","default","171425599","OXY_CH7","17.214","min","187.309","μmol/L","Humid","21.066","deg","88133","µV","28.885","°C","1025.000","hPa","36.0","pmil","0","55.700","deg","20.000","°C","100.000","%a.s.","22.210","deg","20.000","°C","971.000","hPa","0.826","-0.01532","0.000401","-0.00012","0","11.08","Humid","30.45","0","49.40","252409.97","SABD0002000012","AAV2.0.0.13","4.0.0.2323","PSt7-10","171027-008","9/15/2022 2:43:31 PM","0000-00","0","no battery","V","","µV","","µV"
"11/15/2022","17:37:30","7","default","171425599","OXY_CH7","17.230","min","187.380","μmol/L","Humid","21.066","deg","88134","µV","28.873","°C","1025.000","hPa","36.0","pmil","0","55.700","deg","20.000","°C","100.000","%a.s.","22.210","deg","20.000","°C","971.000","hPa","0.826","-0.01532","0.000401","-0.00012","0","11.08","Humid","30.45","0","49.40","252395.84","SABD0002000012","AAV2.0.0.13","4.0.0.2323","PSt7-10","171027-008","9/15/2022 2:43:31 PM","0000-00","0","no battery","V","","µV","","µV"
"11/15/2022","17:37:31","7","default","171425599","OXY_CH7","17.247","min","187.430","μmol/L","Humid","21.063","deg","88132","µV","28.873","°C","1025.000","hPa","36.0","pmil","0","55.700","deg","20.000","°C","100.000","%a.s.","22.210","deg","20.000","°C","971.000","hPa","0.826","-0.01532","0.000401","-0.00012","0","11.08","Humid","30.45","0","49.40","252405.44","SABD0002000012","AAV2.0.0.13","4.0.0.2323","PSt7-10","171027-008","9/15/2022 2:43:31 PM","0000-00","0","no battery","V","","µV","","µV"
"11/15/2022","17:37:32","7","default","171425599","OXY_CH7","17.264","min","187.361","μmol/L","Humid","21.065","deg","88125","µV","28.879","°C","1025.000","hPa","36.0","pmil","0","55.700","deg","20.000","°C","100.000","%a.s.","22.210","deg","20.000","°C","971.000","hPa","0.826","-0.01532","0.000401","-0.00012","0","11.08","Humid","30.45","0","49.40","252393.43","SABD0002000012","AAV2.0.0.13","4.0.0.2323","PSt7-10","171027-008","9/15/2022 2:43:31 PM","0000-00","0","no battery","V","","µV","","µV"
"11/15/2022","17:37:33","7","default","171425599","OXY_CH7","17.281","min","187.345","μmol/L","Humid","21.066","deg","88127","µV","28.879","°C","1025.000","hPa","36.0","pmil","0","55.700","deg","20.000","°C","100.000","%a.s.","22.210","deg","20.000","°C","971.000","hPa","0.826","-0.01532","0.000401","-0.00012","0","11.08","Humid","30.45","0","49.40","252405.20","SABD0002000012","AAV2.0.0.13","4.0.0.2323","PSt7-10","171027-008","9/15/2022 2:43:31 PM","0000-00","0","no battery","V","","µV","","µV"
"11/15/2022","17:37:34","7","default","171425599","OXY_CH7","17.297","min","187.312","μmol/L","Humid","21.068","deg","88118","µV","28.879","°C","1025.000","hPa","36.0","pmil","0","55.700","deg","20.000","°C","100.000","%a.s.","22.210","deg","20.000","°C","971.000","hPa","0.826","-0.01532","0.000401","-0.00012","0","11.08","Humid","30.45","0","49.40","252398.58","SABD0002000012","AAV2.0.0.13","4.0.0.2323","PSt7-10","171027-008","9/15/2022 2:43:31 PM","0000-00","0","no battery","V","","µV","","µV"
"11/15/2022","17:37:35","7","default","171425599","OXY_CH7","17.314","min","187.464","μmol/L","Humid","21.061","deg","88121","µV","28.873","°C","1025.000","hPa","36.0","pmil","0","55.700","deg","20.000","°C","100.000","%a.s.","22.210","deg","20.000","°C","971.000","hPa","0.826","-0.01532","0.000401","-0.00012","0","11.08","Humid","30.45","0","49.40","252392.23","SABD0002000012","AAV2.0.0.13","4.0.0.2323","PSt7-10","171027-008","9/15/2022 2:43:31 PM","0000-00","0","no battery","V","","µV","","µV"
"11/15/2022","17:37:36","7","default","171425599","OXY_CH7","17.331","min","187.497","μmol/L","Humid","21.059","deg","88121","µV","28.873","°C","1025.000","hPa","36.0","pmil","0","55.700","deg","20.000","°C","100.000","%a.s.","22.210","deg","20.000","°C","971.000","hPa","0.826","-0.01532","0.000401","-0.00012","0","11.08","Humid","30.45","0","49.40","252393.17","SABD0002000012","AAV2.0.0.13","4.0.0.2323","PSt7-10","171027-008","9/15/2022 2:43:31 PM","0000-00","0","no battery","V","","µV","","µV"
"11/15/2022","17:37:37","7","default","171425599","OXY_CH7","17.347","min","187.328","μmol/L","Humid","21.067","deg","88115","µV","28.879","°C","1025.000","hPa","36.0","pmil","0","55.700","deg","20.000","°C","100.000","%a.s.","22.210","deg","20.000","°C","971.000","hPa","0.826","-0.01532","0.000401","-0.00012","0","11.08","Humid","30.45","0","49.40","252394.19","SABD0002000012","AAV2.0.0.13","4.0.0.2323","PSt7-10","171027-008","9/15/2022 2:43:31 PM","0000-00","0","no battery","V","","µV","","µV"
"11/15/2022","17:37:38","7","default","171425599","OXY_CH7","17.363","min","187.380","μmol/L","Humid","21.066","deg","88112","µV","28.873","°C","1025.000","hPa","36.0","pmil","0","55.700","deg","20.000","°C","100.000","%a.s.","22.210","deg","20.000","°C","971.000","hPa","0.826","-0.01532","0.000401","-0.00012","0","11.08","Humid","30.45","0","49.40","252377.86","SABD0002000012","AAV2.0.0.13","4.0.0.2323","PSt7-10","171027-008","9/15/2022 2:43:31 PM","0000-00","0","no battery","V","","µV","","µV"
"11/15/2022","17:37:39","7","default","171425599","OXY_CH7","17.380","min","187.345","μmol/L","Humid","21.066","deg","88110","µV","28.879","°C","1025.000","hPa","36.0","pmil","0","55.700","deg","20.000","°C","100.000","%a.s.","22.210","deg","20.000","°C","971.000","hPa","0.826","-0.01532","0.000401","-0.00012","0","11.08","Humid","30.45","0","49.40","252389.04","SABD0002000012","AAV2.0.0.13","4.0.0.2323","PSt7-10","171027-008","9/15/2022 2:43:31 PM","0000-00","0","no battery","V","","µV","","µV"
"11/15/2022","17:37:40","7","default","171425599","OXY_CH7","17.397","min","187.380","μmol/L","Humid","21.066","deg","88114","µV","28.873","°C","1025.000","hPa","36.0","pmil","0","55.700","deg","20.000","°C","100.000","%a.s.","22.210","deg","20.000","°C","971.000","hPa","0.826","-0.01532","0.000401","-0.00012","0","11.08","Humid","30.45","0","49.40","252393.35","SABD0002000012","AAV2.0.0.13","4.0.0.2323","PSt7-10","171027-008","9/15/2022 2:43:31 PM","0000-00","0","no battery","V","","µV","","µV"
"11/15/2022","17:37:41","7","default","171425599","OXY_CH7","17.414","min","187.345","μmol/L","Humid","21.066","deg","88113","µV","28.879","°C","1025.000","hPa","36.0","pmil","0","55.700","deg","20.000","°C","100.000","%a.s.","22.210","deg","20.000","°C","971.000","hPa","0.826","-0.01532","0.000401","-0.00012","0","11.08","Humid","30.45","0","49.40","252390.19","SABD0002000012","AAV2.0.0.13","4.0.0.2323","PSt7-10","171027-008","9/15/2022 2:43:31 PM","0000-00","0","no battery","V","","µV","","µV"
"11/15/2022","17:37:42","7","default","171425599","OXY_CH7","17.430","min","187.397","μmol/L","Humid","21.065","deg","88105","µV","28.873","°C","1025.000","hPa","36.0","pmil","0","55.700","deg","20.000","°C","100.000","%a.s.","22.210","deg","20.000","°C","971.000","hPa","0.826","-0.01532","0.000401","-0.00012","0","11.08","Humid","30.45","0","49.40","252389.20","SABD0002000012","AAV2.0.0.13","4.0.0.2323","PSt7-10","171027-008","9/15/2022 2:43:31 PM","0000-00","0","no battery","V","","µV","","µV"
"11/15/2022","17:37:43","7","default","171425599","OXY_CH7","17.447","min","187.430","μmol/L","Humid","21.063","deg","88100","µV","28.873","°C","1025.000","hPa","36.0","pmil","0","55.700","deg","20.000","°C","100.000","%a.s.","22.210","deg","20.000","°C","971.000","hPa","0.826","-0.01532","0.000401","-0.00012","0","11.08","Humid","30.45","0","49.40","252385.99","SABD0002000012","AAV2.0.0.13","4.0.0.2323","PSt7-10","171027-008","9/15/2022 2:43:31 PM","0000-00","0","no battery","V","","µV","","µV"
"11/15/2022","17:37:44","7","default","171425599","OXY_CH7","17.464","min","187.430","μmol/L","Humid","21.063","deg","88110","µV","28.873","°C","1025.000","hPa","36.0","pmil","0","55.700","deg","20.000","°C","100.000","%a.s.","22.210","deg","20.000","°C","971.000","hPa","0.826","-0.01532","0.000401","-0.00012","0","11.08","Humid","30.45","0","49.40","252382.95","SABD0002000012","AAV2.0.0.13","4.0.0.2323","PSt7-10","171027-008","9/15/2022 2:43:31 PM","0000-00","0","no battery","V","","µV","","µV"
"11/15/2022","17:37:45","7","default","171425599","OXY_CH7","17.481","min","187.411","μmol/L","Humid","21.062","deg","88107","µV","28.879","°C","1025.000","hPa","36.0","pmil","0","55.700","deg","20.000","°C","100.000","%a.s.","22.210","deg","20.000","°C","971.000","hPa","0.826","-0.01532","0.000401","-0.00012","0","11.08","Humid","30.45","0","49.40","252367.55","SABD0002000012","AAV2.0.0.13","4.0.0.2323","PSt7-10","171027-008","9/15/2022 2:43:31 PM","0000-00","0","no battery","V","","µV","","µV"
"11/15/2022","17:37:46","7","default","171425599","OXY_CH7","17.498","min","187.514","μmol/L","Humid","21.058","deg","88104","µV","28.873","°C","1025.000","hPa","36.0","pmil","0","55.700","deg","20.000","°C","100.000","%a.s.","22.210","deg","20.000","°C","971.000","hPa","0.826","-0.01532","0.000401","-0.00012","0","11.08","Humid","30.45","0","49.40","252386.37","SABD0002000012","AAV2.0.0.13","4.0.0.2323","PSt7-10","171027-008","9/15/2022 2:43:31 PM","0000-00","0","no battery","V","","µV","","µV"
"11/15/2022","17:37:47","7","default","171425599","OXY_CH7","17.514","min","187.480","μmol/L","Humid","21.060","deg","88100","µV","28.873","°C","1025.000","hPa","36.0","pmil","0","55.700","deg","20.000","°C","100.000","%a.s.","22.210","deg","20.000","°C","971.000","hPa","0.826","-0.01532","0.000401","-0.00012","0","11.08","Humid","30.45","0","49.40","252380.74","SABD0002000012","AAV2.0.0.13","4.0.0.2323","PSt7-10","171027-008","9/15/2022 2:43:31 PM","0000-00","0","no battery","V","","µV","","µV"
"11/15/2022","17:37:48","7","default","171425599","OXY_CH7","17.530","min","187.378","μmol/L","Humid","21.064","deg","88100","µV","28.879","°C","1025.000","hPa","36.0","pmil","0","55.700","deg","20.000","°C","100.000","%a.s.","22.210","deg","20.000","°C","971.000","hPa","0.826","-0.01532","0.000401","-0.00012","0","11.08","Humid","30.45","0","49.40","252376.98","SABD0002000012","AAV2.0.0.13","4.0.0.2323","PSt7-10","171027-008","9/15/2022 2:43:31 PM","0000-00","0","no battery","V","","µV","","µV"
"11/15/2022","17:37:49","7","default","171425599","OXY_CH7","17.547","min","187.466","μmol/L","Humid","21.063","deg","88101","µV","28.867","°C","1025.000","hPa","36.0","pmil","0","55.700","deg","20.000","°C","100.000","%a.s.","22.210","deg","20.000","°C","971.000","hPa","0.826","-0.01532","0.000401","-0.00012","0","11.08","Humid","30.45","0","49.40","252386.28","SABD0002000012","AAV2.0.0.13","4.0.0.2323","PSt7-10","171027-008","9/15/2022 2:43:31 PM","0000-00","0","no battery","V","","µV","","µV"
"11/15/2022","17:37:50","7","default","171425599","OXY_CH7","17.563","min","187.345","μmol/L","Humid","21.066","deg","88103","µV","28.879","°C","1025.000","hPa","36.0","pmil","0","55.700","deg","20.000","°C","100.000","%a.s.","22.210","deg","20.000","°C","971.000","hPa","0.826","-0.01532","0.000401","-0.00012","0","11.08","Humid","30.45","0","49.40","252373.12","SABD0002000012","AAV2.0.0.13","4.0.0.2323","PSt7-10","171027-008","9/15/2022 2:43:31 PM","0000-00","0","no battery","V","","µV","","µV"
"11/15/2022","17:37:51","7","default","171425599","OXY_CH7","17.580","min","187.347","μmol/L","Humid","21.068","deg","88092","µV","28.873","°C","1025.000","hPa","36.0","pmil","0","55.700","deg","20.000","°C","100.000","%a.s.","22.210","deg","20.000","°C","971.000","hPa","0.826","-0.01532","0.000401","-0.00012","0","11.08","Humid","30.45","0","49.40","252378.12","SABD0002000012","AAV2.0.0.13","4.0.0.2323","PSt7-10","171027-008","9/15/2022 2:43:31 PM","0000-00","0","no battery","V","","µV","","µV"
"11/15/2022","17:37:52","7","default","171425599","OXY_CH7","17.597","min","187.449","μmol/L","Humid","21.064","deg","88091","µV","28.867","°C","1025.000","hPa","36.0","pmil","0","55.700","deg","20.000","°C","100.000","%a.s.","22.210","deg","20.000","°C","971.000","hPa","0.826","-0.01532","0.000401","-0.00012","0","11.08","Humid","30.45","0","49.40","252377.09","SABD0002000012","AAV2.0.0.13","4.0.0.2323","PSt7-10","171027-008","9/15/2022 2:43:31 PM","0000-00","0","no battery","V","","µV","","µV"
"11/15/2022","17:37:53","7","default","171425599","OXY_CH7","17.614","min","187.430","μmol/L","Humid","21.063","deg","88090","µV","28.873","°C","1025.000","hPa","36.0","pmil","0","55.700","deg","20.000","°C","100.000","%a.s.","22.210","deg","20.000","°C","971.000","hPa","0.826","-0.01532","0.000401","-0.00012","0","11.08","Humid","30.45","0","49.40","252379.68","SABD0002000012","AAV2.0.0.13","4.0.0.2323","PSt7-10","171027-008","9/15/2022 2:43:31 PM","0000-00","0","no battery","V","","µV","","µV"
"11/15/2022","17:37:54","7","default","171425599","OXY_CH7","17.631","min","187.516","μmol/L","Humid","21.060","deg","88099","µV","28.867","°C","1025.000","hPa","36.0","pmil","0","55.700","deg","20.000","°C","100.000","%a.s.","22.210","deg","20.000","°C","971.000","hPa","0.826","-0.01532","0.000401","-0.00012","0","11.08","Humid","30.45","0","49.40","252383.43","SABD0002000012","AAV2.0.0.13","4.0.0.2323","PSt7-10","171027-008","9/15/2022 2:43:31 PM","0000-00","0","no battery","V","","µV","","µV"
"11/15/2022","17:37:55","7","default","171425599","OXY_CH7","17.647","min","187.464","μmol/L","Humid","21.061","deg","88089","µV","28.873","°C","1025.000","hPa","36.0","pmil","0","55.700","deg","20.000","°C","100.000","%a.s.","22.210","deg","20.000","°C","971.000","hPa","0.826","-0.01532","0.000401","-0.00012","0","11.08","Humid","30.45","0","49.40","252383.23","SABD0002000012","AAV2.0.0.13","4.0.0.2323","PSt7-10","171027-008","9/15/2022 2:43:31 PM","0000-00","0","no battery","V","","µV","","µV"
"11/15/2022","17:37:56","7","default","171425599","OXY_CH7","17.664","min","187.416","μmol/L","Humid","21.066","deg","88091","µV","28.867","°C","1025.000","hPa","36.0","pmil","0","55.700","deg","20.000","°C","100.000","%a.s.","22.210","deg","20.000","°C","971.000","hPa","0.826","-0.01532","0.000401","-0.00012","0","11.08","Humid","30.45","0","49.40","252369.07","SABD0002000012","AAV2.0.0.13","4.0.0.2323","PSt7-10","171027-008","9/15/2022 2:43:31 PM","0000-00","0","no battery","V","","µV","","µV"
"11/15/2022","17:37:57","7","default","171425599","OXY_CH7","17.681","min","187.397","μmol/L","Humid","21.065","deg","88089","µV","28.873","°C","1025.000","hPa","36.0","pmil","0","55.700","deg","20.000","°C","100.000","%a.s.","22.210","deg","20.000","°C","971.000","hPa","0.826","-0.01532","0.000401","-0.00012","0","11.08","Humid","30.45","0","49.40","252369.30","SABD0002000012","AAV2.0.0.13","4.0.0.2323","PSt7-10","171027-008","9/15/2022 2:43:31 PM","0000-00","0","no battery","V","","µV","","µV"
"11/15/2022","17:37:58","7","default","171425599","OXY_CH7","17.697","min","187.464","μmol/L","Humid","21.061","deg","88087","µV","28.873","°C","1025.000","hPa","36.0","pmil","0","55.700","deg","20.000","°C","100.000","%a.s.","22.210","deg","20.000","°C","971.000","hPa","0.826","-0.01532","0.000401","-0.00012","0","11.08","Humid","30.45","0","49.40","252373.60","SABD0002000012","AAV2.0.0.13","4.0.0.2323","PSt7-10","171027-008","9/15/2022 2:43:31 PM","0000-00","0","no battery","V","","µV","","µV"
"11/15/2022","17:37:59","7","default","171425599","OXY_CH7","17.713","min","187.428","μmol/L","Humid","21.061","deg","88084","µV","28.879","°C","1025.000","hPa","36.0","pmil","0","55.700","deg","20.000","°C","100.000","%a.s.","22.210","deg","20.000","°C","971.000","hPa","0.826","-0.01532","0.000401","-0.00012","0","11.08","Humid","30.45","0","49.40","252374.68","SABD0002000012","AAV2.0.0.13","4.0.0.2323","PSt7-10","171027-008","9/15/2022 2:43:31 PM","0000-00","0","no battery","V","","µV","","µV"
"11/15/2022","17:38:00","7","default","171425599","OXY_CH7","17.730","min","187.464","μmol/L","Humid","21.061","deg","88087","µV","28.873","°C","1025.000","hPa","36.0","pmil","0","55.700","deg","20.000","°C","100.000","%a.s.","22.210","deg","20.000","°C","971.000","hPa","0.826","-0.01532","0.000401","-0.00012","0","11.08","Humid","30.45","0","49.40","252389.62","SABD0002000012","AAV2.0.0.13","4.0.0.2323","PSt7-10","171027-008","9/15/2022 2:43:31 PM","0000-00","0","no battery","V","","µV","","µV"
"11/15/2022","17:38:01","7","default","171425599","OXY_CH7","17.747","min","187.466","μmol/L","Humid","21.063","deg","88086","µV","28.867","°C","1025.000","hPa","36.0","pmil","0","55.700","deg","20.000","°C","100.000","%a.s.","22.210","deg","20.000","°C","971.000","hPa","0.826","-0.01532","0.000401","-0.00012","0","11.08","Humid","30.45","0","49.40","252379.74","SABD0002000012","AAV2.0.0.13","4.0.0.2323","PSt7-10","171027-008","9/15/2022 2:43:31 PM","0000-00","0","no battery","V","","µV","","µV"
"11/15/2022","17:38:02","7","default","171425599","OXY_CH7","17.764","min","187.497","μmol/L","Humid","21.059","deg","88079","µV","28.873","°C","1025.000","hPa","36.0","pmil","0","55.700","deg","20.000","°C","100.000","%a.s.","22.210","deg","20.000","°C","971.000","hPa","0.826","-0.01532","0.000401","-0.00012","0","11.08","Humid","30.45","0","49.40","252370.37","SABD0002000012","AAV2.0.0.13","4.0.0.2323","PSt7-10","171027-008","9/15/2022 2:43:31 PM","0000-00","0","no battery","V","","µV","","µV"
"11/15/2022","17:38:03","7","default","171425599","OXY_CH7","17.780","min","187.480","μmol/L","Humid","21.060","deg","88074","µV","28.873","°C","1025.000","hPa","36.0","pmil","0","55.700","deg","20.000","°C","100.000","%a.s.","22.210","deg","20.000","°C","971.000","hPa","0.826","-0.01532","0.000401","-0.00012","0","11.08","Humid","30.45","0","49.40","252375.97","SABD0002000012","AAV2.0.0.13","4.0.0.2323","PSt7-10","171027-008","9/15/2022 2:43:31 PM","0000-00","0","no battery","V","","µV","","µV"
"11/15/2022","17:38:04","7","default","171425599","OXY_CH7","17.797","min","187.428","μmol/L","Humid","21.061","deg","88074","µV","28.879","°C","1025.000","hPa","36.0","pmil","0","55.700","deg","20.000","°C","100.000","%a.s.","22.210","deg","20.000","°C","971.000","hPa","0.826","-0.01532","0.000401","-0.00012","0","11.08","Humid","30.45","0","49.40","252366.42","SABD0002000012","AAV2.0.0.13","4.0.0.2323","PSt7-10","171027-008","9/15/2022 2:43:31 PM","0000-00","0","no battery","V","","µV","","µV"
"11/15/2022","17:38:05","7","default","171425599","OXY_CH7","17.814","min","187.499","μmol/L","Humid","21.061","deg","88067","µV","28.867","°C","1025.000","hPa","36.0","pmil","0","55.700","deg","20.000","°C","100.000","%a.s.","22.210","deg","20.000","°C","971.000","hPa","0.826","-0.01532","0.000401","-0.00012","0","11.08","Humid","30.45","0","49.40","252357.55","SABD0002000012","AAV2.0.0.13","4.0.0.2323","PSt7-10","171027-008","9/15/2022 2:43:31 PM","0000-00","0","no battery","V","","µV","","µV"
"11/15/2022","17:38:06","7","default","171425599","OXY_CH7","17.831","min","187.530","μmol/L","Humid","21.057","deg","88068","µV","28.873","°C","1025.000","hPa","36.0","pmil","0","55.700","deg","20.000","°C","100.000","%a.s.","22.210","deg","20.000","°C","971.000","hPa","0.826","-0.01532","0.000401","-0.00012","0","11.08","Humid","30.45","0","49.40","252361.90","SABD0002000012","AAV2.0.0.13","4.0.0.2323","PSt7-10","171027-008","9/15/2022 2:43:31 PM","0000-00","0","no battery","V","","µV","","µV"
"11/15/2022","17:38:07","7","default","171425599","OXY_CH7","17.847","min","187.414","μmol/L","Humid","21.064","deg","88060","µV","28.873","°C","1025.000","hPa","36.0","pmil","0","55.700","deg","20.000","°C","100.000","%a.s.","22.210","deg","20.000","°C","971.000","hPa","0.826","-0.01532","0.000401","-0.00012","0","11.08","Humid","30.45","0","49.40","252377.00","SABD0002000012","AAV2.0.0.13","4.0.0.2323","PSt7-10","171027-008","9/15/2022 2:43:31 PM","0000-00","0","no battery","V","","µV","","µV"
"11/15/2022","17:38:08","7","default","171425599","OXY_CH7","17.864","min","187.447","μmol/L","Humid","21.062","deg","88060","µV","28.873","°C","1025.000","hPa","36.0","pmil","0","55.700","deg","20.000","°C","100.000","%a.s.","22.210","deg","20.000","°C","971.000","hPa","0.826","-0.01532","0.000401","-0.00012","0","11.08","Humid","30.45","0","49.40","252365.30","SABD0002000012","AAV2.0.0.13","4.0.0.2323","PSt7-10","171027-008","9/15/2022 2:43:31 PM","0000-00","0","no battery","V","","µV","","µV"
"11/15/2022","17:38:09","7","default","171425599","OXY_CH7","17.881","min","187.464","μmol/L","Humid","21.061","deg","88065","µV","28.873","°C","1025.000","hPa","36.0","pmil","0","55.700","deg","20.000","°C","100.000","%a.s.","22.210","deg","20.000","°C","971.000","hPa","0.826","-0.01532","0.000401","-0.00012","0","11.08","Humid","30.45","0","49.40","252370.04","SABD0002000012","AAV2.0.0.13","4.0.0.2323","PSt7-10","171027-008","9/15/2022 2:43:31 PM","0000-00","0","no battery","V","","µV","","µV"
"11/15/2022","17:38:10","7","default","171425599","OXY_CH7","17.897","min","187.549","μmol/L","Humid","21.058","deg","88063","µV","28.867","°C","1025.000","hPa","36.0","pmil","0","55.700","deg","20.000","°C","100.000","%a.s.","22.210","deg","20.000","°C","971.000","hPa","0.826","-0.01532","0.000401","-0.00012","0","11.08","Humid","30.45","0","49.40","252373.48","SABD0002000012","AAV2.0.0.13","4.0.0.2323","PSt7-10","171027-008","9/15/2022 2:43:31 PM","0000-00","0","no battery","V","","µV","","µV"
"11/15/2022","17:38:11","7","default","171425599","OXY_CH7","17.914","min","187.464","μmol/L","Humid","21.061","deg","88057","µV","28.873","°C","1025.000","hPa","36.0","pmil","0","55.700","deg","20.000","°C","100.000","%a.s.","22.210","deg","20.000","°C","971.000","hPa","0.826","-0.01532","0.000401","-0.00012","0","11.08","Humid","30.45","0","49.40","252360.42","SABD0002000012","AAV2.0.0.13","4.0.0.2323","PSt7-10","171027-008","9/15/2022 2:43:31 PM","0000-00","0","no battery","V","","µV","","µV"
"11/15/2022","17:38:12","7","default","171425599","OXY_CH7","17.930","min","187.482","μmol/L","Humid","21.062","deg","88048","µV","28.867","°C","1025.000","hPa","36.0","pmil","0","55.700","deg","20.000","°C","100.000","%a.s.","22.210","deg","20.000","°C","971.000","hPa","0.826","-0.01532","0.000401","-0.00012","0","11.08","Humid","30.45","0","49.40","252360.44","SABD0002000012","AAV2.0.0.13","4.0.0.2323","PSt7-10","171027-008","9/15/2022 2:43:31 PM","0000-00","0","no battery","V","","µV","","µV"
"11/15/2022","17:38:13","7","default","171425599","OXY_CH7","17.947","min","187.499","μmol/L","Humid","21.061","deg","88057","µV","28.867","°C","1025.000","hPa","36.0","pmil","0","55.700","deg","20.000","°C","100.000","%a.s.","22.210","deg","20.000","°C","971.000","hPa","0.826","-0.01532","0.000401","-0.00012","0","11.08","Humid","30.45","0","49.40","252363.78","SABD0002000012","AAV2.0.0.13","4.0.0.2323","PSt7-10","171027-008","9/15/2022 2:43:31 PM","0000-00","0","no battery","V","","µV","","µV"
"11/15/2022","17:38:14","7","default","171425599","OXY_CH7","17.964","min","187.480","μmol/L","Humid","21.060","deg","88055","µV","28.873","°C","1025.000","hPa","36.0","pmil","0","55.700","deg","20.000","°C","100.000","%a.s.","22.210","deg","20.000","°C","971.000","hPa","0.826","-0.01532","0.000401","-0.00012","0","11.08","Humid","30.45","0","49.40","252352.50","SABD0002000012","AAV2.0.0.13","4.0.0.2323","PSt7-10","171027-008","9/15/2022 2:43:31 PM","0000-00","0","no battery","V","","µV","","µV"
"11/15/2022","17:38:15","7","default","171425599","OXY_CH7","17.980","min","187.582","μmol/L","Humid","21.056","deg","88052","µV","28.867","°C","1025.000","hPa","36.0","pmil","0","55.700","deg","20.000","°C","100.000","%a.s.","22.210","deg","20.000","°C","971.000","hPa","0.826","-0.01532","0.000401","-0.00012","0","11.08","Humid","30.45","0","49.40","252356.70","SABD0002000012","AAV2.0.0.13","4.0.0.2323","PSt7-10","171027-008","9/15/2022 2:43:31 PM","0000-00","0","no battery","V","","µV","","µV"
"11/15/2022","17:38:16","7","default","171425599","OXY_CH7","17.997","min","187.582","μmol/L","Humid","21.056","deg","88049","µV","28.867","°C","1025.000","hPa","36.0","pmil","0","55.700","deg","20.000","°C","100.000","%a.s.","22.210","deg","20.000","°C","971.000","hPa","0.826","-0.01532","0.000401","-0.00012","0","11.08","Humid","30.45","0","49.40","252356.52","SABD0002000012","AAV2.0.0.13","4.0.0.2323","PSt7-10","171027-008","9/15/2022 2:43:31 PM","0000-00","0","no battery","V","","µV","","µV"
"11/15/2022","17:38:17","7","default","171425599","OXY_CH7","18.014","min","187.480","μmol/L","Humid","21.060","deg","88042","µV","28.873","°C","1025.000","hPa","36.0","pmil","0","55.700","deg","20.000","°C","100.000","%a.s.","22.210","deg","20.000","°C","971.000","hPa","0.826","-0.01532","0.000401","-0.00012","0","11.08","Humid","30.45","0","49.40","252353.49","SABD0002000012","AAV2.0.0.13","4.0.0.2323","PSt7-10","171027-008","9/15/2022 2:43:31 PM","0000-00","0","no battery","V","","µV","","µV"
"11/15/2022","17:38:18","7","default","171425599","OXY_CH7","18.031","min","187.466","μmol/L","Humid","21.063","deg","88050","µV","28.867","°C","1025.000","hPa","36.0","pmil","0","55.700","deg","20.000","°C","100.000","%a.s.","22.210","deg","20.000","°C","971.000","hPa","0.826","-0.01532","0.000401","-0.00012","0","11.08","Humid","30.45","0","49.40","252366.10","SABD0002000012","AAV2.0.0.13","4.0.0.2323","PSt7-10","171027-008","9/15/2022 2:43:31 PM","0000-00","0","no battery","V","","µV","","µV"
"11/15/2022","17:38:19","7","default","171425599","OXY_CH7","18.047","min","187.497","μmol/L","Humid","21.059","deg","88044","µV","28.873","°C","1025.000","hPa","36.0","pmil","0","55.700","deg","20.000","°C","100.000","%a.s.","22.210","deg","20.000","°C","971.000","hPa","0.826","-0.01532","0.000401","-0.00012","0","11.08","Humid","30.45","0","49.40","252352.24","SABD0002000012","AAV2.0.0.13","4.0.0.2323","PSt7-10","171027-008","9/15/2022 2:43:31 PM","0000-00","0","no battery","V","","µV","","µV"
"11/15/2022","17:38:20","7","default","171425599","OXY_CH7","18.064","min","187.447","μmol/L","Humid","21.062","deg","88051","µV","28.873","°C","1025.000","hPa","36.0","pmil","0","55.700","deg","20.000","°C","100.000","%a.s.","22.210","deg","20.000","°C","971.000","hPa","0.826","-0.01532","0.000401","-0.00012","0","11.08","Humid","30.45","0","49.40","252353.06","SABD0002000012","AAV2.0.0.13","4.0.0.2323","PSt7-10","171027-008","9/15/2022 2:43:31 PM","0000-00","0","no battery","V","","µV","","µV"
"11/15/2022","17:38:21","7","default","171425599","OXY_CH7","18.081","min","187.514","μmol/L","Humid","21.058","deg","88040","µV","28.873","°C","1025.000","hPa","36.0","pmil","0","55.700","deg","20.000","°C","100.000","%a.s.","22.210","deg","20.000","°C","971.000","hPa","0.826","-0.01532","0.000401","-0.00012","0","11.08","Humid","30.45","0","49.40","252348.30","SABD0002000012","AAV2.0.0.13","4.0.0.2323","PSt7-10","171027-008","9/15/2022 2:43:31 PM","0000-00","0","no battery","V","","µV","","µV"
"11/15/2022","17:38:22","7","default","171425599","OXY_CH7","18.098","min","187.549","μmol/L","Humid","21.058","deg","88043","µV","28.867","°C","1025.000","hPa","36.0","pmil","0","55.700","deg","20.000","°C","100.000","%a.s.","22.210","deg","20.000","°C","971.000","hPa","0.826","-0.01532","0.000401","-0.00012","0","11.08","Humid","30.45","0","49.40","252347.60","SABD0002000012","AAV2.0.0.13","4.0.0.2323","PSt7-10","171027-008","9/15/2022 2:43:31 PM","0000-00","0","no battery","V","","µV","","µV"
"11/15/2022","17:38:23","7","default","171425599","OXY_CH7","18.113","min","187.478","μmol/L","Humid","21.058","deg","88032","µV","28.879","°C","1025.000","hPa","36.0","pmil","0","55.700","deg","20.000","°C","100.000","%a.s.","22.210","deg","20.000","°C","971.000","hPa","0.826","-0.01532","0.000401","-0.00012","0","11.08","Humid","30.45","0","49.40","252335.81","SABD0002000012","AAV2.0.0.13","4.0.0.2323","PSt7-10","171027-008","9/15/2022 2:43:31 PM","0000-00","0","no battery","V","","µV","","µV"
"11/15/2022","17:38:24","7","default","171425599","OXY_CH7","18.130","min","187.547","μmol/L","Humid","21.056","deg","88037","µV","28.873","°C","1025.000","hPa","36.0","pmil","0","55.700","deg","20.000","°C","100.000","%a.s.","22.210","deg","20.000","°C","971.000","hPa","0.826","-0.01532","0.000401","-0.00012","0","11.08","Humid","30.45","0","49.40","252359.37","SABD0002000012","AAV2.0.0.13","4.0.0.2323","PSt7-10","171027-008","9/15/2022 2:43:31 PM","0000-00","0","no battery","V","","µV","","µV"
"11/15/2022","17:38:25","7","default","171425599","OXY_CH7","18.147","min","187.532","μmol/L","Humid","21.059","deg","88042","µV","28.867","°C","1025.000","hPa","36.0","pmil","0","55.700","deg","20.000","°C","100.000","%a.s.","22.210","deg","20.000","°C","971.000","hPa","0.826","-0.01532","0.000401","-0.00012","0","11.08","Humid","30.45","0","49.40","252350.94","SABD0002000012","AAV2.0.0.13","4.0.0.2323","PSt7-10","171027-008","9/15/2022 2:43:31 PM","0000-00","0","no battery","V","","µV","","µV"
"11/15/2022","17:38:26","7","default","171425599","OXY_CH7","18.164","min","187.464","μmol/L","Humid","21.061","deg","88032","µV","28.873","°C","1025.000","hPa","36.0","pmil","0","55.700","deg","20.000","°C","100.000","%a.s.","22.210","deg","20.000","°C","971.000","hPa","0.826","-0.01532","0.000401","-0.00012","0","11.08","Humid","30.45","0","49.40","252348.32","SABD0002000012","AAV2.0.0.13","4.0.0.2323","PSt7-10","171027-008","9/15/2022 2:43:31 PM","0000-00","0","no battery","V","","µV","","µV"
"11/15/2022","17:38:27","7","default","171425599","OXY_CH7","18.180","min","187.532","μmol/L","Humid","21.059","deg","88027","µV","28.867","°C","1025.000","hPa","36.0","pmil","0","55.700","deg","20.000","°C","100.000","%a.s.","22.210","deg","20.000","°C","971.000","hPa","0.826","-0.01532","0.000401","-0.00012","0","11.08","Humid","30.45","0","49.40","252336.96","SABD0002000012","AAV2.0.0.13","4.0.0.2323","PSt7-10","171027-008","9/15/2022 2:43:31 PM","0000-00","0","no battery","V","","µV","","µV"
"11/15/2022","17:38:28","7","default","171425599","OXY_CH7","18.197","min","187.566","μmol/L","Humid","21.057","deg","88033","µV","28.867","°C","1025.000","hPa","36.0","pmil","0","55.700","deg","20.000","°C","100.000","%a.s.","22.210","deg","20.000","°C","971.000","hPa","0.826","-0.01532","0.000401","-0.00012","0","11.08","Humid","30.45","0","49.40","252335.61","SABD0002000012","AAV2.0.0.13","4.0.0.2323","PSt7-10","171027-008","9/15/2022 2:43:31 PM","0000-00","0","no battery","V","","µV","","µV"
"11/15/2022","17:38:29","7","default","171425599","OXY_CH7","18.214","min","187.497","μmol/L","Humid","21.059","deg","88029","µV","28.873","°C","1025.000","hPa","36.0","pmil","0","55.700","deg","20.000","°C","100.000","%a.s.","22.210","deg","20.000","°C","971.000","hPa","0.826","-0.01532","0.000401","-0.00012","0","11.08","Humid","30.45","0","49.40","252346.61","SABD0002000012","AAV2.0.0.13","4.0.0.2323","PSt7-10","171027-008","9/15/2022 2:43:31 PM","0000-00","0","no battery","V","","µV","","µV"
"11/15/2022","17:38:30","7","default","171425599","OXY_CH7","18.231","min","187.530","μmol/L","Humid","21.057","deg","88027","µV","28.873","°C","1025.000","hPa","36.0","pmil","0","55.700","deg","20.000","°C","100.000","%a.s.","22.210","deg","20.000","°C","971.000","hPa","0.826","-0.01532","0.000401","-0.00012","0","11.08","Humid","30.45","0","49.40","252340.68","SABD0002000012","AAV2.0.0.13","4.0.0.2323","PSt7-10","171027-008","9/15/2022 2:43:31 PM","0000-00","0","no battery","V","","µV","","µV"
"11/15/2022","17:38:31","7","default","171425599","OXY_CH7","18.247","min","187.582","μmol/L","Humid","21.056","deg","88025","µV","28.867","°C","1025.000","hPa","36.0","pmil","0","55.700","deg","20.000","°C","100.000","%a.s.","22.210","deg","20.000","°C","971.000","hPa","0.826","-0.01532","0.000401","-0.00012","0","11.08","Humid","30.45","0","49.40","252331.59","SABD0002000012","AAV2.0.0.13","4.0.0.2323","PSt7-10","171027-008","9/15/2022 2:43:31 PM","0000-00","0","no battery","V","","µV","","µV"
"11/15/2022","17:38:32","7","default","171425599","OXY_CH7","18.264","min","187.447","μmol/L","Humid","21.062","deg","88029","µV","28.873","°C","1025.000","hPa","36.0","pmil","0","55.700","deg","20.000","°C","100.000","%a.s.","22.210","deg","20.000","°C","971.000","hPa","0.826","-0.01532","0.000401","-0.00012","0","11.08","Humid","30.45","0","49.40","252341.51","SABD0002000012","AAV2.0.0.13","4.0.0.2323","PSt7-10","171027-008","9/15/2022 2:43:31 PM","0000-00","0","no battery","V","","µV","","µV"
"11/15/2022","17:38:33","7","default","171425599","OXY_CH7","18.281","min","187.549","μmol/L","Humid","21.058","deg","88025","µV","28.867","°C","1025.000","hPa","36.0","pmil","0","55.700","deg","20.000","°C","100.000","%a.s.","22.210","deg","20.000","°C","971.000","hPa","0.826","-0.01532","0.000401","-0.00012","0","11.08","Humid","30.45","0","49.40","252342.18","SABD0002000012","AAV2.0.0.13","4.0.0.2323","PSt7-10","171027-008","9/15/2022 2:43:31 PM","0000-00","0","no battery","V","","µV","","µV"
"11/15/2022","17:38:34","7","default","171425599","OXY_CH7","18.297","min","187.582","μmol/L","Humid","21.056","deg","88019","µV","28.867","°C","1025.000","hPa","36.0","pmil","0","55.700","deg","20.000","°C","100.000","%a.s.","22.210","deg","20.000","°C","971.000","hPa","0.826","-0.01532","0.000401","-0.00012","0","11.08","Humid","30.45","0","49.40","252331.67","SABD0002000012","AAV2.0.0.13","4.0.0.2323","PSt7-10","171027-008","9/15/2022 2:43:31 PM","0000-00","0","no battery","V","","µV","","µV"
"11/15/2022","17:38:35","7","default","171425599","OXY_CH7","18.314","min","187.599","μmol/L","Humid","21.055","deg","88010","µV","28.867","°C","1025.000","hPa","36.0","pmil","0","55.700","deg","20.000","°C","100.000","%a.s.","22.210","deg","20.000","°C","971.000","hPa","0.826","-0.01532","0.000401","-0.00012","0","11.08","Humid","30.45","0","49.40","252340.62","SABD0002000012","AAV2.0.0.13","4.0.0.2323","PSt7-10","171027-008","9/15/2022 2:43:31 PM","0000-00","0","no battery","V","","µV","","µV"
"11/15/2022","17:38:36","7","default","171425599","OXY_CH7","18.330","min","187.547","μmol/L","Humid","21.056","deg","88017","µV","28.873","°C","1025.000","hPa","36.0","pmil","0","55.700","deg","20.000","°C","100.000","%a.s.","22.210","deg","20.000","°C","971.000","hPa","0.826","-0.01532","0.000401","-0.00012","0","11.08","Humid","30.45","0","49.40","252328.54","SABD0002000012","AAV2.0.0.13","4.0.0.2323","PSt7-10","171027-008","9/15/2022 2:43:31 PM","0000-00","0","no battery","V","","µV","","µV"
"11/15/2022","17:38:37","7","default","171425599","OXY_CH7","18.347","min","187.566","μmol/L","Humid","21.057","deg","88013","µV","28.867","°C","1025.000","hPa","36.0","pmil","0","55.700","deg","20.000","°C","100.000","%a.s.","22.210","deg","20.000","°C","971.000","hPa","0.826","-0.01532","0.000401","-0.00012","0","11.08","Humid","30.45","0","49.40","252336.28","SABD0002000012","AAV2.0.0.13","4.0.0.2323","PSt7-10","171027-008","9/15/2022 2:43:31 PM","0000-00","0","no battery","V","","µV","","µV"
"11/15/2022","17:38:38","7","default","171425599","OXY_CH7","18.364","min","187.516","μmol/L","Humid","21.060","deg","88008","µV","28.867","°C","1025.000","hPa","36.0","pmil","0","55.700","deg","20.000","°C","100.000","%a.s.","22.210","deg","20.000","°C","971.000","hPa","0.826","-0.01532","0.000401","-0.00012","0","11.08","Humid","30.45","0","49.40","252320.93","SABD0002000012","AAV2.0.0.13","4.0.0.2323","PSt7-10","171027-008","9/15/2022 2:43:31 PM","0000-00","0","no battery","V","","µV","","µV"
"11/15/2022","17:38:39","7","default","171425599","OXY_CH7","18.381","min","187.582","μmol/L","Humid","21.056","deg","88014","µV","28.867","°C","1025.000","hPa","36.0","pmil","0","55.700","deg","20.000","°C","100.000","%a.s.","22.210","deg","20.000","°C","971.000","hPa","0.826","-0.01532","0.000401","-0.00012","0","11.08","Humid","30.45","0","49.40","252318.24","SABD0002000012","AAV2.0.0.13","4.0.0.2323","PSt7-10","171027-008","9/15/2022 2:43:31 PM","0000-00","0","no battery","V","","µV","","µV"
"11/15/2022","17:38:40","7","default","171425599","OXY_CH7","18.397","min","187.549","μmol/L","Humid","21.058","deg","88004","µV","28.867","°C","1025.000","hPa","36.0","pmil","0","55.700","deg","20.000","°C","100.000","%a.s.","22.210","deg","20.000","°C","971.000","hPa","0.826","-0.01532","0.000401","-0.00012","0","11.08","Humid","30.45","0","49.40","252315.17","SABD0002000012","AAV2.0.0.13","4.0.0.2323","PSt7-10","171027-008","9/15/2022 2:43:31 PM","0000-00","0","no battery","V","","µV","","µV"
"11/15/2022","17:38:41","7","default","171425599","OXY_CH7","18.414","min","187.566","μmol/L","Humid","21.057","deg","88009","µV","28.867","°C","1025.000","hPa","36.0","pmil","0","55.700","deg","20.000","°C","100.000","%a.s.","22.210","deg","20.000","°C","971.000","hPa","0.826","-0.01532","0.000401","-0.00012","0","11.08","Humid","30.45","0","49.40","252340.55","SABD0002000012","AAV2.0.0.13","4.0.0.2323","PSt7-10","171027-008","9/15/2022 2:43:31 PM","0000-00","0","no battery","V","","µV","","µV"
"11/15/2022","17:38:42","7","default","171425599","OXY_CH7","18.431","min","187.647","μmol/L","Humid","21.050","deg","88009","µV","28.873","°C","1025.000","hPa","36.0","pmil","0","55.700","deg","20.000","°C","100.000","%a.s.","22.210","deg","20.000","°C","971.000","hPa","0.826","-0.01532","0.000401","-0.00012","0","11.08","Humid","30.45","0","49.40","252315.23","SABD0002000012","AAV2.0.0.13","4.0.0.2323","PSt7-10","171027-008","9/15/2022 2:43:31 PM","0000-00","0","no battery","V","","µV","","µV"
"11/15/2022","17:38:43","7","default","171425599","OXY_CH7","18.447","min","187.599","μmol/L","Humid","21.055","deg","88007","µV","28.867","°C","1025.000","hPa","36.0","pmil","0","55.700","deg","20.000","°C","100.000","%a.s.","22.210","deg","20.000","°C","971.000","hPa","0.826","-0.01532","0.000401","-0.00012","0","11.08","Humid","30.45","0","49.40","252317.30","SABD0002000012","AAV2.0.0.13","4.0.0.2323","PSt7-10","171027-008","9/15/2022 2:43:31 PM","0000-00","0","no battery","V","","µV","","µV"
"11/15/2022","17:38:44","7","default","171425599","OXY_CH7","18.463","min","187.564","μmol/L","Humid","21.055","deg","87997","µV","28.873","°C","1025.000","hPa","36.0","pmil","0","55.700","deg","20.000","°C","100.000","%a.s.","22.210","deg","20.000","°C","971.000","hPa","0.826","-0.01532","0.000401","-0.00012","0","11.08","Humid","30.45","0","49.40","252312.43","SABD0002000012","AAV2.0.0.13","4.0.0.2323","PSt7-10","171027-008","9/15/2022 2:43:31 PM","0000-00","0","no battery","V","","µV","","µV"
"11/15/2022","17:38:45","7","default","171425599","OXY_CH7","18.480","min","187.597","μmol/L","Humid","21.053","deg","87998","µV","28.873","°C","1025.000","hPa","36.0","pmil","0","55.700","deg","20.000","°C","100.000","%a.s.","22.210","deg","20.000","°C","971.000","hPa","0.826","-0.01532","0.000401","-0.00012","0","11.08","Humid","30.45","0","49.40","252315.69","SABD0002000012","AAV2.0.0.13","4.0.0.2323","PSt7-10","171027-008","9/15/2022 2:43:31 PM","0000-00","0","no battery","V","","µV","","µV"
"11/15/2022","17:38:46","7","default","171425599","OXY_CH7","18.497","min","187.514","μmol/L","Humid","21.058","deg","87992","µV","28.873","°C","1025.000","hPa","36.0","pmil","0","55.700","deg","20.000","°C","100.000","%a.s.","22.210","deg","20.000","°C","971.000","hPa","0.826","-0.01532","0.000401","-0.00012","0","11.08","Humid","30.45","0","49.40","252322.42","SABD0002000012","AAV2.0.0.13","4.0.0.2323","PSt7-10","171027-008","9/15/2022 2:43:31 PM","0000-00","0","no battery","V","","µV","","µV"
"11/15/2022","17:38:47","7","default","171425599","OXY_CH7","18.514","min","187.651","μmol/L","Humid","21.054","deg","87995","µV","28.861","°C","1025.000","hPa","36.0","pmil","0","55.700","deg","20.000","°C","100.000","%a.s.","22.210","deg","20.000","°C","971.000","hPa","0.826","-0.01532","0.000401","-0.00012","0","11.08","Humid","30.45","0","49.40","252309.77","SABD0002000012","AAV2.0.0.13","4.0.0.2323","PSt7-10","171027-008","9/15/2022 2:43:31 PM","0000-00","0","no battery","V","","µV","","µV"
"11/15/2022","17:38:48","7","default","171425599","OXY_CH7","18.530","min","187.685","μmol/L","Humid","21.052","deg","87998","µV","28.861","°C","1025.000","hPa","36.0","pmil","0","55.700","deg","20.000","°C","100.000","%a.s.","22.210","deg","20.000","°C","971.000","hPa","0.826","-0.01532","0.000401","-0.00012","0","11.08","Humid","30.45","0","49.40","252319.91","SABD0002000012","AAV2.0.0.13","4.0.0.2323","PSt7-10","171027-008","9/15/2022 2:43:31 PM","0000-00","0","no battery","V","","µV","","µV"
"11/15/2022","17:38:49","7","default","171425599","OXY_CH7","18.547","min","187.530","μmol/L","Humid","21.057","deg","87993","µV","28.873","°C","1025.000","hPa","36.0","pmil","0","55.700","deg","20.000","°C","100.000","%a.s.","22.210","deg","20.000","°C","971.000","hPa","0.826","-0.01532","0.000401","-0.00012","0","11.08","Humid","30.45","0","49.40","252313.05","SABD0002000012","AAV2.0.0.13","4.0.0.2323","PSt7-10","171027-008","9/15/2022 2:43:31 PM","0000-00","0","no battery","V","","µV","","µV"
"11/15/2022","17:38:50","7","default","171425599","OXY_CH7","18.564","min","187.632","μmol/L","Humid","21.053","deg","87995","µV","28.867","°C","1025.000","hPa","36.0","pmil","0","55.700","deg","20.000","°C","100.000","%a.s.","22.210","deg","20.000","°C","971.000","hPa","0.826","-0.01532","0.000401","-0.00012","0","11.08","Humid","30.45","0","49.40","252326.09","SABD0002000012","AAV2.0.0.13","4.0.0.2323","PSt7-10","171027-008","9/15/2022 2:43:31 PM","0000-00","0","no battery","V","","µV","","µV"
"11/15/2022","17:38:51","7","default","171425599","OXY_CH7","18.581","min","187.566","μmol/L","Humid","21.057","deg","87993","µV","28.867","°C","1025.000","hPa","36.0","pmil","0","55.700","deg","20.000","°C","100.000","%a.s.","22.210","deg","20.000","°C","971.000","hPa","0.826","-0.01532","0.000401","-0.00012","0","11.08","Humid","30.45","0","49.40","252319.68","SABD0002000012","AAV2.0.0.13","4.0.0.2323","PSt7-10","171027-008","9/15/2022 2:43:31 PM","0000-00","0","no battery","V","","µV","","µV"
"11/15/2022","17:38:52","7","default","171425599","OXY_CH7","18.598","min","187.599","μmol/L","Humid","21.055","deg","87985","µV","28.867","°C","1025.000","hPa","36.0","pmil","0","55.700","deg","20.000","°C","100.000","%a.s.","22.210","deg","20.000","°C","971.000","hPa","0.826","-0.01532","0.000401","-0.00012","0","11.08","Humid","30.45","0","49.40","252317.48","SABD0002000012","AAV2.0.0.13","4.0.0.2323","PSt7-10","171027-008","9/15/2022 2:43:31 PM","0000-00","0","no battery","V","","µV","","µV"
"11/15/2022","17:38:53","7","default","171425599","OXY_CH7","18.614","min","187.616","μmol/L","Humid","21.054","deg","87993","µV","28.867","°C","1025.000","hPa","36.0","pmil","0","55.700","deg","20.000","°C","100.000","%a.s.","22.210","deg","20.000","°C","971.000","hPa","0.826","-0.01532","0.000401","-0.00012","0","11.08","Humid","30.45","0","49.40","252320.02","SABD0002000012","AAV2.0.0.13","4.0.0.2323","PSt7-10","171027-008","9/15/2022 2:43:31 PM","0000-00","0","no battery","V","","µV","","µV"
"11/15/2022","17:38:54","7","default","171425599","OXY_CH7","18.630","min","187.668","μmol/L","Humid","21.053","deg","87982","µV","28.861","°C","1025.000","hPa","36.0","pmil","0","55.700","deg","20.000","°C","100.000","%a.s.","22.210","deg","20.000","°C","971.000","hPa","0.826","-0.01532","0.000401","-0.00012","0","11.08","Humid","30.45","0","49.40","252322.79","SABD0002000012","AAV2.0.0.13","4.0.0.2323","PSt7-10","171027-008","9/15/2022 2:43:31 PM","0000-00","0","no battery","V","","µV","","µV"
"11/15/2022","17:38:55","7","default","171425599","OXY_CH7","18.647","min","187.599","μmol/L","Humid","21.055","deg","87978","µV","28.867","°C","1025.000","hPa","36.0","pmil","0","55.700","deg","20.000","°C","100.000","%a.s.","22.210","deg","20.000","°C","971.000","hPa","0.826","-0.01532","0.000401","-0.00012","0","11.08","Humid","30.45","0","49.40","252320.14","SABD0002000012","AAV2.0.0.13","4.0.0.2323","PSt7-10","171027-008","9/15/2022 2:43:31 PM","0000-00","0","no battery","V","","µV","","µV"
"11/15/2022","17:38:56","7","default","171425599","OXY_CH7","18.664","min","187.649","μmol/L","Humid","21.052","deg","87981","µV","28.867","°C","1025.000","hPa","36.0","pmil","0","55.700","deg","20.000","°C","100.000","%a.s.","22.210","deg","20.000","°C","971.000","hPa","0.826","-0.01532","0.000401","-0.00012","0","11.08","Humid","30.45","0","49.40","252310.27","SABD0002000012","AAV2.0.0.13","4.0.0.2323","PSt7-10","171027-008","9/15/2022 2:43:31 PM","0000-00","0","no battery","V","","µV","","µV"
"11/15/2022","17:38:57","7","default","171425599","OXY_CH7","18.680","min","187.564","μmol/L","Humid","21.055","deg","87980","µV","28.873","°C","1025.000","hPa","36.0","pmil","0","55.700","deg","20.000","°C","100.000","%a.s.","22.210","deg","20.000","°C","971.000","hPa","0.826","-0.01532","0.000401","-0.00012","0","11.08","Humid","30.45","0","49.40","252304.10","SABD0002000012","AAV2.0.0.13","4.0.0.2323","PSt7-10","171027-008","9/15/2022 2:43:31 PM","0000-00","0","no battery","V","","µV","","µV"
"11/15/2022","17:38:58","7","default","171425599","OXY_CH7","18.697","min","187.599","μmol/L","Humid","21.055","deg","87984","µV","28.867","°C","1025.000","hPa","36.0","pmil","0","55.700","deg","20.000","°C","100.000","%a.s.","22.210","deg","20.000","°C","971.000","hPa","0.826","-0.01532","0.000401","-0.00012","0","11.08","Humid","30.45","0","49.40","252298.69","SABD0002000012","AAV2.0.0.13","4.0.0.2323","PSt7-10","171027-008","9/15/2022 2:43:31 PM","0000-00","0","no battery","V","","µV","","µV"
"11/15/2022","17:38:59","7","default","171425599","OXY_CH7","18.714","min","187.682","μmol/L","Humid","21.050","deg","87975","µV","28.867","°C","1025.000","hPa","36.0","pmil","0","55.700","deg","20.000","°C","100.000","%a.s.","22.210","deg","20.000","°C","971.000","hPa","0.826","-0.01532","0.000401","-0.00012","0","11.08","Humid","30.45","0","49.40","252298.16","SABD0002000012","AAV2.0.0.13","4.0.0.2323","PSt7-10","171027-008","9/15/2022 2:43:31 PM","0000-00","0","no battery","V","","µV","","µV"
"11/15/2022","17:39:00","7","default","171425599","OXY_CH7","18.730","min","187.668","μmol/L","Humid","21.053","deg","87974","µV","28.861","°C","1025.000","hPa","36.0","pmil","0","55.700","deg","20.000","°C","100.000","%a.s.","22.210","deg","20.000","°C","971.000","hPa","0.826","-0.01532","0.000401","-0.00012","0","11.08","Humid","30.45","0","49.40","252306.34","SABD0002000012","AAV2.0.0.13","4.0.0.2323","PSt7-10","171027-008","9/15/2022 2:43:31 PM","0000-00","0","no battery","V","","µV","","µV"
"11/15/2022","17:39:01","7","default","171425599","OXY_CH7","18.747","min","187.685","μmol/L","Humid","21.052","deg","87975","µV","28.861","°C","1025.000","hPa","36.0","pmil","0","55.700","deg","20.000","°C","100.000","%a.s.","22.210","deg","20.000","°C","971.000","hPa","0.826","-0.01532","0.000401","-0.00012","0","11.08","Humid","30.45","0","49.40","252309.59","SABD0002000012","AAV2.0.0.13","4.0.0.2323","PSt7-10","171027-008","9/15/2022 2:43:31 PM","0000-00","0","no battery","V","","µV","","µV"
"11/15/2022","17:39:02","7","default","171425599","OXY_CH7","18.764","min","187.699","μmol/L","Humid","21.049","deg","87976","µV","28.867","°C","1025.000","hPa","36.0","pmil","0","55.700","deg","20.000","°C","100.000","%a.s.","22.210","deg","20.000","°C","971.000","hPa","0.826","-0.01532","0.000401","-0.00012","0","11.08","Humid","30.45","0","49.40","252315.48","SABD0002000012","AAV2.0.0.13","4.0.0.2323","PSt7-10","171027-008","9/15/2022 2:43:31 PM","0000-00","0","no battery","V","","µV","","µV"
"11/15/2022","17:39:03","7","default","171425599","OXY_CH7","18.780","min","187.666","μmol/L","Humid","21.051","deg","87968","µV","28.867","°C","1025.000","hPa","36.0","pmil","0","55.700","deg","20.000","°C","100.000","%a.s.","22.210","deg","20.000","°C","971.000","hPa","0.826","-0.01532","0.000401","-0.00012","0","11.08","Humid","30.45","0","49.40","252301.81","SABD0002000012","AAV2.0.0.13","4.0.0.2323","PSt7-10","171027-008","9/15/2022 2:43:31 PM","0000-00","0","no battery","V","","µV","","µV"
"11/15/2022","17:39:04","7","default","171425599","OXY_CH7","18.797","min","187.651","μmol/L","Humid","21.054","deg","87969","µV","28.861","°C","1025.000","hPa","36.0","pmil","0","55.700","deg","20.000","°C","100.000","%a.s.","22.210","deg","20.000","°C","971.000","hPa","0.826","-0.01532","0.000401","-0.00012","0","11.08","Humid","30.45","0","49.40","252313.30","SABD0002000012","AAV2.0.0.13","4.0.0.2323","PSt7-10","171027-008","9/15/2022 2:43:31 PM","0000-00","0","no battery","V","","µV","","µV"
"11/15/2022","17:39:05","7","default","171425599","OXY_CH7","18.814","min","187.716","μmol/L","Humid","21.048","deg","87969","µV","28.867","°C","1025.000","hPa","36.0","pmil","0","55.700","deg","20.000","°C","100.000","%a.s.","22.210","deg","20.000","°C","971.000","hPa","0.826","-0.01532","0.000401","-0.00012","0","11.08","Humid","30.45","0","49.40","252312.73","SABD0002000012","AAV2.0.0.13","4.0.0.2323","PSt7-10","171027-008","9/15/2022 2:43:31 PM","0000-00","0","no battery","V","","µV","","µV"
"11/15/2022","17:39:06","7","default","171425599","OXY_CH7","18.831","min","187.634","μmol/L","Humid","21.055","deg","87970","µV","28.861","°C","1025.000","hPa","36.0","pmil","0","55.700","deg","20.000","°C","100.000","%a.s.","22.210","deg","20.000","°C","971.000","hPa","0.826","-0.01532","0.000401","-0.00012","0","11.08","Humid","30.45","0","49.40","252306.43","SABD0002000012","AAV2.0.0.13","4.0.0.2323","PSt7-10","171027-008","9/15/2022 2:43:31 PM","0000-00","0","no battery","V","","µV","","µV"
"11/15/2022","17:39:07","7","default","171425599","OXY_CH7","18.847","min","187.685","μmol/L","Humid","21.052","deg","87957","µV","28.861","°C","1025.000","hPa","36.0","pmil","0","55.700","deg","20.000","°C","100.000","%a.s.","22.210","deg","20.000","°C","971.000","hPa","0.826","-0.01532","0.000401","-0.00012","0","11.08","Humid","30.45","0","49.40","252300.01","SABD0002000012","AAV2.0.0.13","4.0.0.2323","PSt7-10","171027-008","9/15/2022 2:43:31 PM","0000-00","0","no battery","V","","µV","","µV"
"11/15/2022","17:39:08","7","default","171425599","OXY_CH7","18.864","min","187.566","μmol/L","Humid","21.057","deg","87952","µV","28.867","°C","1025.000","hPa","36.0","pmil","0","55.700","deg","20.000","°C","100.000","%a.s.","22.210","deg","20.000","°C","971.000","hPa","0.826","-0.01532","0.000401","-0.00012","0","11.08","Humid","30.45","0","49.40","252290.07","SABD0002000012","AAV2.0.0.13","4.0.0.2323","PSt7-10","171027-008","9/15/2022 2:43:31 PM","0000-00","0","no battery","V","","µV","","µV"
"11/15/2022","17:39:09","7","default","171425599","OXY_CH7","18.881","min","187.649","μmol/L","Humid","21.052","deg","87961","µV","28.867","°C","1025.000","hPa","36.0","pmil","0","55.700","deg","20.000","°C","100.000","%a.s.","22.210","deg","20.000","°C","971.000","hPa","0.826","-0.01532","0.000401","-0.00012","0","11.08","Humid","30.45","0","49.40","252305.60","SABD0002000012","AAV2.0.0.13","4.0.0.2323","PSt7-10","171027-008","9/15/2022 2:43:31 PM","0000-00","0","no battery","V","","µV","","µV"
"11/15/2022","17:39:10","7","default","171425599","OXY_CH7","18.897","min","187.718","μmol/L","Humid","21.050","deg","87962","µV","28.861","°C","1025.000","hPa","36.0","pmil","0","55.700","deg","20.000","°C","100.000","%a.s.","22.210","deg","20.000","°C","971.000","hPa","0.826","-0.01532","0.000401","-0.00012","0","11.08","Humid","30.45","0","49.40","252300.13","SABD0002000012","AAV2.0.0.13","4.0.0.2323","PSt7-10","171027-008","9/15/2022 2:43:31 PM","0000-00","0","no battery","V","","µV","","µV"
"11/15/2022","17:39:11","7","default","171425599","OXY_CH7","18.913","min","187.735","μmol/L","Humid","21.049","deg","87960","µV","28.861","°C","1025.000","hPa","36.0","pmil","0","55.700","deg","20.000","°C","100.000","%a.s.","22.210","deg","20.000","°C","971.000","hPa","0.826","-0.01532","0.000401","-0.00012","0","11.08","Humid","30.45","0","49.40","252289.05","SABD0002000012","AAV2.0.0.13","4.0.0.2323","PSt7-10","171027-008","9/15/2022 2:43:31 PM","0000-00","0","no battery","V","","µV","","µV"
"11/15/2022","17:39:12","7","default","171425599","OXY_CH7","18.930","min","187.716","μmol/L","Humid","21.048","deg","87957","µV","28.867","°C","1025.000","hPa","36.0","pmil","0","55.700","deg","20.000","°C","100.000","%a.s.","22.210","deg","20.000","°C","971.000","hPa","0.826","-0.01532","0.000401","-0.00012","0","11.08","Humid","30.45","0","49.40","252298.81","SABD0002000012","AAV2.0.0.13","4.0.0.2323","PSt7-10","171027-008","9/15/2022 2:43:31 PM","0000-00","0","no battery","V","","µV","","µV"
"11/15/2022","17:39:13","7","default","171425599","OXY_CH7","18.947","min","187.664","μmol/L","Humid","21.049","deg","87956","µV","28.873","°C","1025.000","hPa","36.0","pmil","0","55.700","deg","20.000","°C","100.000","%a.s.","22.210","deg","20.000","°C","971.000","hPa","0.826","-0.01532","0.000401","-0.00012","0","11.08","Humid","30.45","0","49.40","252290.59","SABD0002000012","AAV2.0.0.13","4.0.0.2323","PSt7-10","171027-008","9/15/2022 2:43:31 PM","0000-00","0","no battery","V","","µV","","µV"
"11/15/2022","17:39:14","7","default","171425599","OXY_CH7","18.964","min","187.685","μmol/L","Humid","21.052","deg","87950","µV","28.861","°C","1025.000","hPa","36.0","pmil","0","55.700","deg","20.000","°C","100.000","%a.s.","22.210","deg","20.000","°C","971.000","hPa","0.826","-0.01532","0.000401","-0.00012","0","11.08","Humid","30.45","0","49.40","252287.28","SABD0002000012","AAV2.0.0.13","4.0.0.2323","PSt7-10","171027-008","9/15/2022 2:43:31 PM","0000-00","0","no battery","V","","µV","","µV"
"11/15/2022","17:39:15","7","default","171425599","OXY_CH7","18.980","min","187.666","μmol/L","Humid","21.051","deg","87946","µV","28.867","°C","1025.000","hPa","36.0","pmil","0","55.700","deg","20.000","°C","100.000","%a.s.","22.210","deg","20.000","°C","971.000","hPa","0.826","-0.01532","0.000401","-0.00012","0","11.08","Humid","30.45","0","49.40","252291.66","SABD0002000012","AAV2.0.0.13","4.0.0.2323","PSt7-10","171027-008","9/15/2022 2:43:31 PM","0000-00","0","no battery","V","","µV","","µV"
"11/15/2022","17:39:16","7","default","171425599","OXY_CH7","18.997","min","187.651","μmol/L","Humid","21.054","deg","87955","µV","28.861","°C","1025.000","hPa","36.0","pmil","0","55.700","deg","20.000","°C","100.000","%a.s.","22.210","deg","20.000","°C","971.000","hPa","0.826","-0.01532","0.000401","-0.00012","0","11.08","Humid","30.45","0","49.40","252282.69","SABD0002000012","AAV2.0.0.13","4.0.0.2323","PSt7-10","171027-008","9/15/2022 2:43:31 PM","0000-00","0","no battery","V","","µV","","µV"
"11/15/2022","17:39:17","7","default","171425599","OXY_CH7","19.014","min","187.735","μmol/L","Humid","21.049","deg","87941","µV","28.861","°C","1025.000","hPa","36.0","pmil","0","55.700","deg","20.000","°C","100.000","%a.s.","22.210","deg","20.000","°C","971.000","hPa","0.826","-0.01532","0.000401","-0.00012","0","11.08","Humid","30.45","0","49.40","252284.15","SABD0002000012","AAV2.0.0.13","4.0.0.2323","PSt7-10","171027-008","9/15/2022 2:43:31 PM","0000-00","0","no battery","V","","µV","","µV"
"11/15/2022","17:39:18","7","default","171425599","OXY_CH7","19.031","min","187.718","μmol/L","Humid","21.050","deg","87945","µV","28.861","°C","1025.000","hPa","36.0","pmil","0","55.700","deg","20.000","°C","100.000","%a.s.","22.210","deg","20.000","°C","971.000","hPa","0.826","-0.01532","0.000401","-0.00012","0","11.08","Humid","30.45","0","49.40","252297.71","SABD0002000012","AAV2.0.0.13","4.0.0.2323","PSt7-10","171027-008","9/15/2022 2:43:31 PM","0000-00","0","no battery","V","","µV","","µV"
"11/15/2022","17:39:19","7","default","171425599","OXY_CH7","19.047","min","187.718","μmol/L","Humid","21.050","deg","87941","µV","28.861","°C","1025.000","hPa","36.0","pmil","0","55.700","deg","20.000","°C","100.000","%a.s.","22.210","deg","20.000","°C","971.000","hPa","0.826","-0.01532","0.000401","-0.00012","0","11.08","Humid","30.45","0","49.40","252281.66","SABD0002000012","AAV2.0.0.13","4.0.0.2323","PSt7-10","171027-008","9/15/2022 2:43:31 PM","0000-00","0","no battery","V","","µV","","µV"
"11/15/2022","17:39:20","7","default","171425599","OXY_CH7","19.064","min","187.632","μmol/L","Humid","21.053","deg","87941","µV","28.867","°C","1025.000","hPa","36.0","pmil","0","55.700","deg","20.000","°C","100.000","%a.s.","22.210","deg","20.000","°C","971.000","hPa","0.826","-0.01532","0.000401","-0.00012","0","11.08","Humid","30.45","0","49.40","252286.61","SABD0002000012","AAV2.0.0.13","4.0.0.2323","PSt7-10","171027-008","9/15/2022 2:43:31 PM","0000-00","0","no battery","V","","µV","","µV"
"11/15/2022","17:39:21","7","default","171425599","OXY_CH7","19.081","min","187.668","μmol/L","Humid","21.053","deg","87939","µV","28.861","°C","1025.000","hPa","36.0","pmil","0","55.700","deg","20.000","°C","100.000","%a.s.","22.210","deg","20.000","°C","971.000","hPa","0.826","-0.01532","0.000401","-0.00012","0","11.08","Humid","30.45","0","49.40","252282.05","SABD0002000012","AAV2.0.0.13","4.0.0.2323","PSt7-10","171027-008","9/15/2022 2:43:31 PM","0000-00","0","no battery","V","","µV","","µV"
"11/15/2022","17:39:22","7","default","171425599","OXY_CH7","19.097","min","187.685","μmol/L","Humid","21.052","deg","87938","µV","28.861","°C","1025.000","hPa","36.0","pmil","0","55.700","deg","20.000","°C","100.000","%a.s.","22.210","deg","20.000","°C","971.000","hPa","0.826","-0.01532","0.000401","-0.00012","0","11.08","Humid","30.45","0","49.40","252282.79","SABD0002000012","AAV2.0.0.13","4.0.0.2323","PSt7-10","171027-008","9/15/2022 2:43:31 PM","0000-00","0","no battery","V","","µV","","µV"
"11/15/2022","17:39:23","7","default","171425599","OXY_CH7","19.113","min","187.735","μmol/L","Humid","21.049","deg","87934","µV","28.861","°C","1025.000","hPa","36.0","pmil","0","55.700","deg","20.000","°C","100.000","%a.s.","22.210","deg","20.000","°C","971.000","hPa","0.826","-0.01532","0.000401","-0.00012","0","11.08","Humid","30.45","0","49.40","252290.59","SABD0002000012","AAV2.0.0.13","4.0.0.2323","PSt7-10","171027-008","9/15/2022 2:43:31 PM","0000-00","0","no battery","V","","µV","","µV"
"11/15/2022","17:39:24","7","default","171425599","OXY_CH7","19.130","min","187.685","μmol/L","Humid","21.052","deg","87938","µV","28.861","°C","1025.000","hPa","36.0","pmil","0","55.700","deg","20.000","°C","100.000","%a.s.","22.210","deg","20.000","°C","971.000","hPa","0.826","-0.01532","0.000401","-0.00012","0","11.08","Humid","30.45","0","49.40","252280.38","SABD0002000012","AAV2.0.0.13","4.0.0.2323","PSt7-10","171027-008","9/15/2022 2:43:31 PM","0000-00","0","no battery","V","","µV","","µV"
"11/15/2022","17:39:25","7","default","171425599","OXY_CH7","19.147","min","187.685","μmol/L","Humid","21.052","deg","87930","µV","28.861","°C","1025.000","hPa","36.0","pmil","0","55.700","deg","20.000","°C","100.000","%a.s.","22.210","deg","20.000","°C","971.000","hPa","0.826","-0.01532","0.000401","-0.00012","0","11.08","Humid","30.45","0","49.40","252283.81","SABD0002000012","AAV2.0.0.13","4.0.0.2323","PSt7-10","171027-008","9/15/2022 2:43:31 PM","0000-00","0","no battery","V","","µV","","µV"
"11/15/2022","17:39:26","7","default","171425599","OXY_CH7","19.164","min","187.785","μmol/L","Humid","21.046","deg","87929","µV","28.861","°C","1025.000","hPa","36.0","pmil","0","55.700","deg","20.000","°C","100.000","%a.s.","22.210","deg","20.000","°C","971.000","hPa","0.826","-0.01532","0.000401","-0.00012","0","11.08","Humid","30.45","0","49.40","252286.77","SABD0002000012","AAV2.0.0.13","4.0.0.2323","PSt7-10","171027-008","9/15/2022 2:43:31 PM","0000-00","0","no battery","V","","µV","","µV"
"11/15/2022","17:39:27","7","default","171425599","OXY_CH7","19.181","min","187.766","μmol/L","Humid","21.045","deg","87934","µV","28.867","°C","1025.000","hPa","36.0","pmil","0","55.700","deg","20.000","°C","100.000","%a.s.","22.210","deg","20.000","°C","971.000","hPa","0.826","-0.01532","0.000401","-0.00012","0","11.08","Humid","30.45","0","49.40","252284.85","SABD0002000012","AAV2.0.0.13","4.0.0.2323","PSt7-10","171027-008","9/15/2022 2:43:31 PM","0000-00","0","no battery","V","","µV","","µV"
"11/15/2022","17:39:28","7","default","171425599","OXY_CH7","19.197","min","187.820","μmol/L","Humid","21.046","deg","87925","µV","28.854","°C","1025.000","hPa","36.0","pmil","0","55.700","deg","20.000","°C","100.000","%a.s.","22.210","deg","20.000","°C","971.000","hPa","0.826","-0.01532","0.000401","-0.00012","0","11.08","Humid","30.45","0","49.40","252271.30","SABD0002000012","AAV2.0.0.13","4.0.0.2323","PSt7-10","171027-008","9/15/2022 2:43:31 PM","0000-00","0","no battery","V","","µV","","µV"
"11/15/2022","17:39:29","7","default","171425599","OXY_CH7","19.214","min","187.751","μmol/L","Humid","21.048","deg","87921","µV","28.861","°C","1025.000","hPa","36.0","pmil","0","55.700","deg","20.000","°C","100.000","%a.s.","22.210","deg","20.000","°C","971.000","hPa","0.826","-0.01532","0.000401","-0.00012","0","11.08","Humid","30.45","0","49.40","252278.94","SABD0002000012","AAV2.0.0.13","4.0.0.2323","PSt7-10","171027-008","9/15/2022 2:43:31 PM","0000-00","0","no battery","V","","µV","","µV"
"11/15/2022","17:39:30","7","default","171425599","OXY_CH7","19.231","min","187.701","μmol/L","Humid","21.051","deg","87929","µV","28.861","°C","1025.000","hPa","36.0","pmil","0","55.700","deg","20.000","°C","100.000","%a.s.","22.210","deg","20.000","°C","971.000","hPa","0.826","-0.01532","0.000401","-0.00012","0","11.08","Humid","30.45","0","49.40","252277.10","SABD0002000012","AAV2.0.0.13","4.0.0.2323","PSt7-10","171027-008","9/15/2022 2:43:31 PM","0000-00","0","no battery","V","","µV","","µV"
"11/15/2022","17:39:31","7","default","171425599","OXY_CH7","19.247","min","187.718","μmol/L","Humid","21.050","deg","87921","µV","28.861","°C","1025.000","hPa","36.0","pmil","0","55.700","deg","20.000","°C","100.000","%a.s.","22.210","deg","20.000","°C","971.000","hPa","0.826","-0.01532","0.000401","-0.00012","0","11.08","Humid","30.45","0","49.40","252267.30","SABD0002000012","AAV2.0.0.13","4.0.0.2323","PSt7-10","171027-008","9/15/2022 2:43:31 PM","0000-00","0","no battery","V","","µV","","µV"
"11/15/2022","17:39:32","7","default","171425599","OXY_CH7","19.263","min","187.666","μmol/L","Humid","21.051","deg","87925","µV","28.867","°C","1025.000","hPa","36.0","pmil","0","55.700","deg","20.000","°C","100.000","%a.s.","22.210","deg","20.000","°C","971.000","hPa","0.826","-0.01532","0.000401","-0.00012","0","11.08","Humid","30.45","0","49.40","252264.57","SABD0002000012","AAV2.0.0.13","4.0.0.2323","PSt7-10","171027-008","9/15/2022 2:43:31 PM","0000-00","0","no battery","V","","µV","","µV"
"11/15/2022","17:39:33","7","default","171425599","OXY_CH7","19.280","min","187.785","μmol/L","Humid","21.046","deg","87913","µV","28.861","°C","1025.000","hPa","36.0","pmil","0","55.700","deg","20.000","°C","100.000","%a.s.","22.210","deg","20.000","°C","971.000","hPa","0.826","-0.01532","0.000401","-0.00012","0","11.08","Humid","30.45","0","49.40","252275.43","SABD0002000012","AAV2.0.0.13","4.0.0.2323","PSt7-10","171027-008","9/15/2022 2:43:31 PM","0000-00","0","no battery","V","","µV","","µV"
"11/15/2022","17:39:34","7","default","171425599","OXY_CH7","19.297","min","187.751","μmol/L","Humid","21.048","deg","87917","µV","28.861","°C","1025.000","hPa","36.0","pmil","0","55.700","deg","20.000","°C","100.000","%a.s.","22.210","deg","20.000","°C","971.000","hPa","0.826","-0.01532","0.000401","-0.00012","0","11.08","Humid","30.45","0","49.40","252275.86","SABD0002000012","AAV2.0.0.13","4.0.0.2323","PSt7-10","171027-008","9/15/2022 2:43:31 PM","0000-00","0","no battery","V","","µV","","µV"
"11/15/2022","17:39:35","7","default","171425599","OXY_CH7","19.314","min","187.801","μmol/L","Humid","21.045","deg","87917","µV","28.861","°C","1025.000","hPa","36.0","pmil","0","55.700","deg","20.000","°C","100.000","%a.s.","22.210","deg","20.000","°C","971.000","hPa","0.826","-0.01532","0.000401","-0.00012","0","11.08","Humid","30.45","0","49.40","252272.68","SABD0002000012","AAV2.0.0.13","4.0.0.2323","PSt7-10","171027-008","9/15/2022 2:43:31 PM","0000-00","0","no battery","V","","µV","","µV"
"11/15/2022","17:39:36","7","default","171425599","OXY_CH7","19.330","min","187.751","μmol/L","Humid","21.048","deg","87912","µV","28.861","°C","1025.000","hPa","36.0","pmil","0","55.700","deg","20.000","°C","100.000","%a.s.","22.210","deg","20.000","°C","971.000","hPa","0.826","-0.01532","0.000401","-0.00012","0","11.08","Humid","30.45","0","49.40","252271.67","SABD0002000012","AAV2.0.0.13","4.0.0.2323","PSt7-10","171027-008","9/15/2022 2:43:31 PM","0000-00","0","no battery","V","","µV","","µV"
"11/15/2022","17:39:37","7","default","171425599","OXY_CH7","19.347","min","187.751","μmol/L","Humid","21.048","deg","87913","µV","28.861","°C","1025.000","hPa","36.0","pmil","0","55.700","deg","20.000","°C","100.000","%a.s.","22.210","deg","20.000","°C","971.000","hPa","0.826","-0.01532","0.000401","-0.00012","0","11.08","Humid","30.45","0","49.40","252269.47","SABD0002000012","AAV2.0.0.13","4.0.0.2323","PSt7-10","171027-008","9/15/2022 2:43:31 PM","0000-00","0","no battery","V","","µV","","µV"
"11/15/2022","17:39:38","7","default","171425599","OXY_CH7","19.364","min","187.785","μmol/L","Humid","21.046","deg","87915","µV","28.861","°C","1025.000","hPa","36.0","pmil","0","55.700","deg","20.000","°C","100.000","%a.s.","22.210","deg","20.000","°C","971.000","hPa","0.826","-0.01532","0.000401","-0.00012","0","11.08","Humid","30.45","0","49.40","252274.68","SABD0002000012","AAV2.0.0.13","4.0.0.2323","PSt7-10","171027-008","9/15/2022 2:43:31 PM","0000-00","0","no battery","V","","µV","","µV"
"11/15/2022","17:39:39","7","default","171425599","OXY_CH7","19.381","min","187.699","μmol/L","Humid","21.049","deg","87910","µV","28.867","°C","1025.000","hPa","36.0","pmil","0","55.700","deg","20.000","°C","100.000","%a.s.","22.210","deg","20.000","°C","971.000","hPa","0.826","-0.01532","0.000401","-0.00012","0","11.08","Humid","30.45","0","49.40","252263.49","SABD0002000012","AAV2.0.0.13","4.0.0.2323","PSt7-10","171027-008","9/15/2022 2:43:31 PM","0000-00","0","no battery","V","","µV","","µV"
"11/15/2022","17:39:40","7","default","171425599","OXY_CH7","19.398","min","187.801","μmol/L","Humid","21.045","deg","87907","µV","28.861","°C","1025.000","hPa","36.0","pmil","0","55.700","deg","20.000","°C","100.000","%a.s.","22.210","deg","20.000","°C","971.000","hPa","0.826","-0.01532","0.000401","-0.00012","0","11.08","Humid","30.45","0","49.40","252279.69","SABD0002000012","AAV2.0.0.13","4.0.0.2323","PSt7-10","171027-008","9/15/2022 2:43:31 PM","0000-00","0","no battery","V","","µV","","µV"
"11/15/2022","17:39:41","7","default","171425599","OXY_CH7","19.414","min","187.682","μmol/L","Humid","21.050","deg","87905","µV","28.867","°C","1025.000","hPa","36.0","pmil","0","55.700","deg","20.000","°C","100.000","%a.s.","22.210","deg","20.000","°C","971.000","hPa","0.826","-0.01532","0.000401","-0.00012","0","11.08","Humid","30.45","0","49.40","252279.22","SABD0002000012","AAV2.0.0.13","4.0.0.2323","PSt7-10","171027-008","9/15/2022 2:43:31 PM","0000-00","0","no battery","V","","µV","","µV"
"11/15/2022","17:39:42","7","default","171425599","OXY_CH7","19.430","min","187.733","μmol/L","Humid","21.047","deg","87905","µV","28.867","°C","1025.000","hPa","36.0","pmil","0","55.700","deg","20.000","°C","100.000","%a.s.","22.210","deg","20.000","°C","971.000","hPa","0.826","-0.01532","0.000401","-0.00012","0","11.08","Humid","30.45","0","49.40","252271.19","SABD0002000012","AAV2.0.0.13","4.0.0.2323","PSt7-10","171027-008","9/15/2022 2:43:31 PM","0000-00","0","no battery","V","","µV","","µV"
"11/15/2022","17:39:43","7","default","171425599","OXY_CH7","19.447","min","187.835","μmol/L","Humid","21.043","deg","87900","µV","28.861","°C","1025.000","hPa","36.0","pmil","0","55.700","deg","20.000","°C","100.000","%a.s.","22.210","deg","20.000","°C","971.000","hPa","0.826","-0.01532","0.000401","-0.00012","0","11.08","Humid","30.45","0","49.40","252269.55","SABD0002000012","AAV2.0.0.13","4.0.0.2323","PSt7-10","171027-008","9/15/2022 2:43:31 PM","0000-00","0","no battery","V","","µV","","µV"
"11/15/2022","17:39:44","7","default","171425599","OXY_CH7","19.463","min","187.751","μmol/L","Humid","21.048","deg","87900","µV","28.861","°C","1025.000","hPa","36.0","pmil","0","55.700","deg","20.000","°C","100.000","%a.s.","22.210","deg","20.000","°C","971.000","hPa","0.826","-0.01532","0.000401","-0.00012","0","11.08","Humid","30.45","0","49.40","252283.85","SABD0002000012","AAV2.0.0.13","4.0.0.2323","PSt7-10","171027-008","9/15/2022 2:43:31 PM","0000-00","0","no battery","V","","µV","","µV"
"11/15/2022","17:39:45","7","default","171425599","OXY_CH7","19.480","min","187.735","μmol/L","Humid","21.049","deg","87900","µV","28.861","°C","1025.000","hPa","36.0","pmil","0","55.700","deg","20.000","°C","100.000","%a.s.","22.210","deg","20.000","°C","971.000","hPa","0.826","-0.01532","0.000401","-0.00012","0","11.08","Humid","30.45","0","49.40","252265.67","SABD0002000012","AAV2.0.0.13","4.0.0.2323","PSt7-10","171027-008","9/15/2022 2:43:31 PM","0000-00","0","no battery","V","","µV","","µV"
"11/15/2022","17:39:46","7","default","171425599","OXY_CH7","19.497","min","187.751","μmol/L","Humid","21.048","deg","87903","µV","28.861","°C","1025.000","hPa","36.0","pmil","0","55.700","deg","20.000","°C","100.000","%a.s.","22.210","deg","20.000","°C","971.000","hPa","0.826","-0.01532","0.000401","-0.00012","0","11.08","Humid","30.45","0","49.40","252259.33","SABD0002000012","AAV2.0.0.13","4.0.0.2323","PSt7-10","171027-008","9/15/2022 2:43:31 PM","0000-00","0","no battery","V","","µV","","µV"
"11/15/2022","17:39:47","7","default","171425599","OXY_CH7","19.514","min","187.716","μmol/L","Humid","21.048","deg","87899","µV","28.867","°C","1025.000","hPa","36.0","pmil","0","55.700","deg","20.000","°C","100.000","%a.s.","22.210","deg","20.000","°C","971.000","hPa","0.826","-0.01532","0.000401","-0.00012","0","11.08","Humid","30.45","0","49.40","252269.60","SABD0002000012","AAV2.0.0.13","4.0.0.2323","PSt7-10","171027-008","9/15/2022 2:43:31 PM","0000-00","0","no battery","V","","µV","","µV"
"11/15/2022","17:39:48","7","default","171425599","OXY_CH7","19.530","min","187.751","μmol/L","Humid","21.048","deg","87897","µV","28.861","°C","1025.000","hPa","36.0","pmil","0","55.700","deg","20.000","°C","100.000","%a.s.","22.210","deg","20.000","°C","971.000","hPa","0.826","-0.01532","0.000401","-0.00012","0","11.08","Humid","30.45","0","49.40","252274.08","SABD0002000012","AAV2.0.0.13","4.0.0.2323","PSt7-10","171027-008","9/15/2022 2:43:31 PM","0000-00","0","no battery","V","","µV","","µV"
"11/15/2022","17:39:49","7","default","171425599","OXY_CH7","19.547","min","187.632","μmol/L","Humid","21.053","deg","87896","µV","28.867","°C","1025.000","hPa","36.0","pmil","0","55.700","deg","20.000","°C","100.000","%a.s.","22.210","deg","20.000","°C","971.000","hPa","0.826","-0.01532","0.000401","-0.00012","0","11.08","Humid","30.45","0","49.40","252275.34","SABD0002000012","AAV2.0.0.13","4.0.0.2323","PSt7-10","171027-008","9/15/2022 2:43:31 PM","0000-00","0","no battery","V","","µV","","µV"
"11/15/2022","17:39:50","7","default","171425599","OXY_CH7","19.564","min","187.649","μmol/L","Humid","21.052","deg","87893","µV","28.867","°C","1025.000","hPa","36.0","pmil","0","55.700","deg","20.000","°C","100.000","%a.s.","22.210","deg","20.000","°C","971.000","hPa","0.826","-0.01532","0.000401","-0.00012","0","11.08","Humid","30.45","0","49.40","252261.07","SABD0002000012","AAV2.0.0.13","4.0.0.2323","PSt7-10","171027-008","9/15/2022 2:43:31 PM","0000-00","0","no battery","V","","µV","","µV"
"11/15/2022","17:39:51","7","default","171425599","OXY_CH7","19.581","min","187.733","μmol/L","Humid","21.047","deg","87895","µV","28.867","°C","1025.000","hPa","36.0","pmil","0","55.700","deg","20.000","°C","100.000","%a.s.","22.210","deg","20.000","°C","971.000","hPa","0.826","-0.01532","0.000401","-0.00012","0","11.08","Humid","30.45","0","49.40","252262.28","SABD0002000012","AAV2.0.0.13","4.0.0.2323","PSt7-10","171027-008","9/15/2022 2:43:31 PM","0000-00","0","no battery","V","","µV","","µV"
"11/15/2022","17:39:52","7","default","171425599","OXY_CH7","19.597","min","187.699","μmol/L","Humid","21.049","deg","87884","µV","28.867","°C","1025.000","hPa","36.0","pmil","0","55.700","deg","20.000","°C","100.000","%a.s.","22.210","deg","20.000","°C","971.000","hPa","0.826","-0.01532","0.000401","-0.00012","0","11.08","Humid","30.45","0","49.40","252254.95","SABD0002000012","AAV2.0.0.13","4.0.0.2323","PSt7-10","171027-008","9/15/2022 2:43:31 PM","0000-00","0","no battery","V","","µV","","µV"
"11/15/2022","17:39:53","7","default","171425599","OXY_CH7","19.614","min","187.801","μmol/L","Humid","21.045","deg","87885","µV","28.861","°C","1025.000","hPa","36.0","pmil","0","55.700","deg","20.000","°C","100.000","%a.s.","22.210","deg","20.000","°C","971.000","hPa","0.826","-0.01532","0.000401","-0.00012","0","11.08","Humid","30.45","0","49.40","252253.50","SABD0002000012","AAV2.0.0.13","4.0.0.2323","PSt7-10","171027-008","9/15/2022 2:43:31 PM","0000-00","0","no battery","V","","µV","","µV"
"11/15/2022","17:39:54","7","default","171425599","OXY_CH7","19.631","min","187.803","μmol/L","Humid","21.047","deg","87879","µV","28.854","°C","1025.000","hPa","36.0","pmil","0","55.700","deg","20.000","°C","100.000","%a.s.","22.210","deg","20.000","°C","971.000","hPa","0.826","-0.01532","0.000401","-0.00012","0","11.08","Humid","30.45","0","49.40","252248.08","SABD0002000012","AAV2.0.0.13","4.0.0.2323","PSt7-10","171027-008","9/15/2022 2:43:31 PM","0000-00","0","no battery","V","","µV","","µV"
"11/15/2022","17:39:55","7","default","171425599","OXY_CH7","19.647","min","187.801","μmol/L","Humid","21.045","deg","87883","µV","28.861","°C","1025.000","hPa","36.0","pmil","0","55.700","deg","20.000","°C","100.000","%a.s.","22.210","deg","20.000","°C","971.000","hPa","0.826","-0.01532","0.000401","-0.00012","0","11.08","Humid","30.45","0","49.40","252248.14","SABD0002000012","AAV2.0.0.13","4.0.0.2323","PSt7-10","171027-008","9/15/2022 2:43:31 PM","0000-00","0","no battery","V","","µV","","µV"
"11/15/2022","17:39:56","7","default","171425599","OXY_CH7","19.663","min","187.785","μmol/L","Humid","21.046","deg","87882","µV","28.861","°C","1025.000","hPa","36.0","pmil","0","55.700","deg","20.000","°C","100.000","%a.s.","22.210","deg","20.000","°C","971.000","hPa","0.826","-0.01532","0.000401","-0.00012","0","11.08","Humid","30.45","0","49.40","252245.26","SABD0002000012","AAV2.0.0.13","4.0.0.2323","PSt7-10","171027-008","9/15/2022 2:43:31 PM","0000-00","0","no battery","V","","µV","","µV"
"11/15/2022","17:39:57","7","default","171425599","OXY_CH7","19.680","min","187.852","μmol/L","Humid","21.042","deg","87879","µV","28.861","°C","1025.000","hPa","36.0","pmil","0","55.700","deg","20.000","°C","100.000","%a.s.","22.210","deg","20.000","°C","971.000","hPa","0.826","-0.01532","0.000401","-0.00012","0","11.08","Humid","30.45","0","49.40","252244.24","SABD0002000012","AAV2.0.0.13","4.0.0.2323","PSt7-10","171027-008","9/15/2022 2:43:31 PM","0000-00","0","no battery","V","","µV","","µV"
"11/15/2022","17:39:58","7","default","171425599","OXY_CH7","19.697","min","187.816","μmol/L","Humid","21.042","deg","87875","µV","28.867","°C","1025.000","hPa","36.0","pmil","0","55.700","deg","20.000","°C","100.000","%a.s.","22.210","deg","20.000","°C","971.000","hPa","0.826","-0.01532","0.000401","-0.00012","0","11.08","Humid","30.45","0","49.40","252231.12","SABD0002000012","AAV2.0.0.13","4.0.0.2323","PSt7-10","171027-008","9/15/2022 2:43:31 PM","0000-00","0","no battery","V","","µV","","µV"
"11/15/2022","17:39:59","7","default","171425599","OXY_CH7","19.714","min","187.785","μmol/L","Humid","21.046","deg","87873","µV","28.861","°C","1025.000","hPa","36.0","pmil","0","55.700","deg","20.000","°C","100.000","%a.s.","22.210","deg","20.000","°C","971.000","hPa","0.826","-0.01532","0.000401","-0.00012","0","11.08","Humid","30.45","0","49.40","252248.89","SABD0002000012","AAV2.0.0.13","4.0.0.2323","PSt7-10","171027-008","9/15/2022 2:43:31 PM","0000-00","0","no battery","V","","µV","","µV"
"11/15/2022","17:40:00","7","default","171425599","OXY_CH7","19.730","min","187.818","μmol/L","Humid","21.044","deg","87869","µV","28.861","°C","1025.000","hPa","36.0","pmil","0","55.700","deg","20.000","°C","100.000","%a.s.","22.210","deg","20.000","°C","971.000","hPa","0.826","-0.01532","0.000401","-0.00012","0","11.08","Humid","30.45","0","49.40","252243.14","SABD0002000012","AAV2.0.0.13","4.0.0.2323","PSt7-10","171027-008","9/15/2022 2:43:31 PM","0000-00","0","no battery","V","","µV","","µV"
"11/15/2022","17:40:01","7","default","171425599","OXY_CH7","19.747","min","187.699","μmol/L","Humid","21.049","deg","87869","µV","28.867","°C","1025.000","hPa","36.0","pmil","0","55.700","deg","20.000","°C","100.000","%a.s.","22.210","deg","20.000","°C","971.000","hPa","0.826","-0.01532","0.000401","-0.00012","0","11.08","Humid","30.45","0","49.40","252236.61","SABD0002000012","AAV2.0.0.13","4.0.0.2323","PSt7-10","171027-008","9/15/2022 2:43:31 PM","0000-00","0","no battery","V","","µV","","µV"
"11/15/2022","17:40:02","7","default","171425599","OXY_CH7","19.764","min","187.768","μmol/L","Humid","21.047","deg","87869","µV","28.861","°C","1025.000","hPa","36.0","pmil","0","55.700","deg","20.000","°C","100.000","%a.s.","22.210","deg","20.000","°C","971.000","hPa","0.826","-0.01532","0.000401","-0.00012","0","11.08","Humid","30.45","0","49.40","252237.43","SABD0002000012","AAV2.0.0.13","4.0.0.2323","PSt7-10","171027-008","9/15/2022 2:43:31 PM","0000-00","0","no battery","V","","µV","","µV"
"11/15/2022","17:40:03","7","default","171425599","OXY_CH7","19.781","min","187.887","μmol/L","Humid","21.042","deg","87870","µV","28.854","°C","1025.000","hPa","36.0","pmil","0","55.700","deg","20.000","°C","100.000","%a.s.","22.210","deg","20.000","°C","971.000","hPa","0.826","-0.01532","0.000401","-0.00012","0","11.08","Humid","30.45","0","49.40","252230.29","SABD0002000012","AAV2.0.0.13","4.0.0.2323","PSt7-10","171027-008","9/15/2022 2:43:31 PM","0000-00","0","no battery","V","","µV","","µV"
"11/15/2022","17:40:04","7","default","171425599","OXY_CH7","19.797","min","187.835","μmol/L","Humid","21.043","deg","87870","µV","28.861","°C","1025.000","hPa","36.0","pmil","0","55.700","deg","20.000","°C","100.000","%a.s.","22.210","deg","20.000","°C","971.000","hPa","0.826","-0.01532","0.000401","-0.00012","0","11.08","Humid","30.45","0","49.40","252235.80","SABD0002000012","AAV2.0.0.13","4.0.0.2323","PSt7-10","171027-008","9/15/2022 2:43:31 PM","0000-00","0","no battery","V","","µV","","µV"
"11/15/2022","17:40:05","7","default","171425599","OXY_CH7","19.813","min","187.835","μmol/L","Humid","21.043","deg","87858","µV","28.861","°C","1025.000","hPa","36.0","pmil","0","55.700","deg","20.000","°C","100.000","%a.s.","22.210","deg","20.000","°C","971.000","hPa","0.826","-0.01532","0.000401","-0.00012","0","11.08","Humid","30.45","0","49.40","252221.49","SABD0002000012","AAV2.0.0.13","4.0.0.2323","PSt7-10","171027-008","9/15/2022 2:43:31 PM","0000-00","0","no battery","V","","µV","","µV"
"11/15/2022","17:40:06","7","default","171425599","OXY_CH7","19.830","min","187.835","μmol/L","Humid","21.043","deg","87853","µV","28.861","°C","1025.000","hPa","36.0","pmil","0","55.700","deg","20.000","°C","100.000","%a.s.","22.210","deg","20.000","°C","971.000","hPa","0.826","-0.01532","0.000401","-0.00012","0","11.08","Humid","30.45","0","49.40","252240.63","SABD0002000012","AAV2.0.0.13","4.0.0.2323","PSt7-10","171027-008","9/15/2022 2:43:31 PM","0000-00","0","no battery","V","","µV","","µV"
"11/15/2022","17:40:07","7","default","171425599","OXY_CH7","19.847","min","187.870","μmol/L","Humid","21.043","deg","87856","µV","28.854","°C","1025.000","hPa","36.0","pmil","0","55.700","deg","20.000","°C","100.000","%a.s.","22.210","deg","20.000","°C","971.000","hPa","0.826","-0.01532","0.000401","-0.00012","0","11.08","Humid","30.45","0","49.40","252227.41","SABD0002000012","AAV2.0.0.13","4.0.0.2323","PSt7-10","171027-008","9/15/2022 2:43:31 PM","0000-00","0","no battery","V","","µV","","µV"
"11/15/2022","17:40:08","7","default","171425599","OXY_CH7","19.864","min","187.801","μmol/L","Humid","21.045","deg","87854","µV","28.861","°C","1025.000","hPa","36.0","pmil","0","55.700","deg","20.000","°C","100.000","%a.s.","22.210","deg","20.000","°C","971.000","hPa","0.826","-0.01532","0.000401","-0.00012","0","11.08","Humid","30.45","0","49.40","252247.46","SABD0002000012","AAV2.0.0.13","4.0.0.2323","PSt7-10","171027-008","9/15/2022 2:43:31 PM","0000-00","0","no battery","V","","µV","","µV"
"11/15/2022","17:40:09","7","default","171425599","OXY_CH7","19.881","min","187.885","μmol/L","Humid","21.040","deg","87862","µV","28.861","°C","1025.000","hPa","36.0","pmil","0","55.700","deg","20.000","°C","100.000","%a.s.","22.210","deg","20.000","°C","971.000","hPa","0.826","-0.01532","0.000401","-0.00012","0","11.08","Humid","30.45","0","49.40","252232.00","SABD0002000012","AAV2.0.0.13","4.0.0.2323","PSt7-10","171027-008","9/15/2022 2:43:31 PM","0000-00","0","no battery","V","","µV","","µV"
"11/15/2022","17:40:10","7","default","171425599","OXY_CH7","19.897","min","187.887","μmol/L","Humid","21.042","deg","87862","µV","28.854","°C","1025.000","hPa","36.0","pmil","0","55.700","deg","20.000","°C","100.000","%a.s.","22.210","deg","20.000","°C","971.000","hPa","0.826","-0.01532","0.000401","-0.00012","0","11.08","Humid","30.45","0","49.40","252229.98","SABD0002000012","AAV2.0.0.13","4.0.0.2323","PSt7-10","171027-008","9/15/2022 2:43:31 PM","0000-00","0","no battery","V","","µV","","µV"
"11/15/2022","17:40:11","7","default","171425599","OXY_CH7","19.914","min","187.801","μmol/L","Humid","21.045","deg","87860","µV","28.861","°C","1025.000","hPa","36.0","pmil","0","55.700","deg","20.000","°C","100.000","%a.s.","22.210","deg","20.000","°C","971.000","hPa","0.826","-0.01532","0.000401","-0.00012","0","11.08","Humid","30.45","0","49.40","252237.77","SABD0002000012","AAV2.0.0.13","4.0.0.2323","PSt7-10","171027-008","9/15/2022 2:43:31 PM","0000-00","0","no battery","V","","µV","","µV"
"11/15/2022","17:40:12","7","default","171425599","OXY_CH7","19.931","min","187.768","μmol/L","Humid","21.047","deg","87849","µV","28.861","°C","1025.000","hPa","36.0","pmil","0","55.700","deg","20.000","°C","100.000","%a.s.","22.210","deg","20.000","°C","971.000","hPa","0.826","-0.01532","0.000401","-0.00012","0","11.08","Humid","30.45","0","49.40","252229.10","SABD0002000012","AAV2.0.0.13","4.0.0.2323","PSt7-10","171027-008","9/15/2022 2:43:31 PM","0000-00","0","no battery","V","","µV","","µV"
"11/15/2022","17:40:13","7","default","171425599","OXY_CH7","19.947","min","187.818","μmol/L","Humid","21.044","deg","87858","µV","28.861","°C","1025.000","hPa","36.0","pmil","0","55.700","deg","20.000","°C","100.000","%a.s.","22.210","deg","20.000","°C","971.000","hPa","0.826","-0.01532","0.000401","-0.00012","0","11.08","Humid","30.45","0","49.40","252230.89","SABD0002000012","AAV2.0.0.13","4.0.0.2323","PSt7-10","171027-008","9/15/2022 2:43:31 PM","0000-00","0","no battery","V","","µV","","µV"
"11/15/2022","17:40:14","7","default","171425599","OXY_CH7","19.963","min","187.801","μmol/L","Humid","21.045","deg","87969","µV","28.861","°C","1025.000","hPa","36.0","pmil","0","55.700","deg","20.000","°C","100.000","%a.s.","22.210","deg","20.000","°C","971.000","hPa","0.826","-0.01532","0.000401","-0.00012","0","11.08","Humid","30.45","0","49.40","252223.83","SABD0002000012","AAV2.0.0.13","4.0.0.2323","PSt7-10","171027-008","9/15/2022 2:43:31 PM","0000-00","0","no battery","V","","µV","","µV"
"11/15/2022","17:40:15","7","default","171425599","OXY_CH7","19.980","min","187.785","μmol/L","Humid","21.046","deg","88959","µV","28.861","°C","1025.000","hPa","36.0","pmil","0","55.700","deg","20.000","°C","100.000","%a.s.","22.210","deg","20.000","°C","971.000","hPa","0.826","-0.01532","0.000401","-0.00012","0","11.08","Humid","30.45","0","49.40","252231.22","SABD0002000012","AAV2.0.0.13","4.0.0.2323","PSt7-10","171027-008","9/15/2022 2:43:31 PM","0000-00","0","no battery","V","","µV","","µV"
"11/15/2022","17:40:16","7","default","171425599","OXY_CH7","19.997","min","187.801","μmol/L","Humid","21.045","deg","89533","µV","28.861","°C","1025.000","hPa","36.0","pmil","0","55.700","deg","20.000","°C","100.000","%a.s.","22.210","deg","20.000","°C","971.000","hPa","0.826","-0.01532","0.000401","-0.00012","0","11.08","Humid","30.45","0","49.40","252238.37","SABD0002000012","AAV2.0.0.13","4.0.0.2323","PSt7-10","171027-008","9/15/2022 2:43:31 PM","0000-00","0","no battery","V","","µV","","µV"
"11/15/2022","17:40:17","7","default","171425599","OXY_CH7","20.014","min","187.839","μmol/L","Humid","21.047","deg","89349","µV","28.848","°C","1025.000","hPa","36.0","pmil","0","55.700","deg","20.000","°C","100.000","%a.s.","22.210","deg","20.000","°C","971.000","hPa","0.826","-0.01532","0.000401","-0.00012","0","11.08","Humid","30.45","0","49.40","252238.23","SABD0002000012","AAV2.0.0.13","4.0.0.2323","PSt7-10","171027-008","9/15/2022 2:43:31 PM","0000-00","0","no battery","V","","µV","","µV"
"11/15/2022","17:40:18","7","default","171425599","OXY_CH7","20.031","min","187.785","μmol/L","Humid","21.046","deg","89312","µV","28.861","°C","1025.000","hPa","36.0","pmil","0","55.700","deg","20.000","°C","100.000","%a.s.","22.210","deg","20.000","°C","971.000","hPa","0.826","-0.01532","0.000401","-0.00012","0","11.08","Humid","30.45","0","49.40","252229.20","SABD0002000012","AAV2.0.0.13","4.0.0.2323","PSt7-10","171027-008","9/15/2022 2:43:31 PM","0000-00","0","no battery","V","","µV","","µV"
"11/15/2022","17:40:19","7","default","171425599","OXY_CH7","20.047","min","187.803","μmol/L","Humid","21.047","deg","89363","µV","28.854","°C","1025.000","hPa","36.0","pmil","0","55.700","deg","20.000","°C","100.000","%a.s.","22.210","deg","20.000","°C","971.000","hPa","0.826","-0.01532","0.000401","-0.00012","0","11.08","Humid","30.45","0","49.40","252229.82","SABD0002000012","AAV2.0.0.13","4.0.0.2323","PSt7-10","171027-008","9/15/2022 2:43:31 PM","0000-00","0","no battery","V","","µV","","µV"
"11/15/2022","17:40:20","7","default","171425599","OXY_CH7","20.064","min","187.803","μmol/L","Humid","21.047","deg","89606","µV","28.854","°C","1025.000","hPa","36.0","pmil","0","55.700","deg","20.000","°C","100.000","%a.s.","22.210","deg","20.000","°C","971.000","hPa","0.826","-0.01532","0.000401","-0.00012","0","11.08","Humid","30.45","0","49.40","252228.06","SABD0002000012","AAV2.0.0.13","4.0.0.2323","PSt7-10","171027-008","9/15/2022 2:43:31 PM","0000-00","0","no battery","V","","µV","","µV"
"11/15/2022","17:40:21","7","default","171425599","OXY_CH7","20.080","min","187.770","μmol/L","Humid","21.049","deg","90041","µV","28.854","°C","1025.000","hPa","36.0","pmil","0","55.700","deg","20.000","°C","100.000","%a.s.","22.210","deg","20.000","°C","971.000","hPa","0.826","-0.01532","0.000401","-0.00012","0","11.08","Humid","30.45","0","49.40","252215.56","SABD0002000012","AAV2.0.0.13","4.0.0.2323","PSt7-10","171027-008","9/15/2022 2:43:31 PM","0000-00","0","no battery","V","","µV","","µV"
"11/15/2022","17:40:22","7","default","171425599","OXY_CH7","20.097","min","187.887","μmol/L","Humid","21.042","deg","89400","µV","28.854","°C","1025.000","hPa","36.0","pmil","0","55.700","deg","20.000","°C","100.000","%a.s.","22.210","deg","20.000","°C","971.000","hPa","0.826","-0.01532","0.000401","-0.00012","0","11.08","Humid","30.45","0","49.40","252219.36","SABD0002000012","AAV2.0.0.13","4.0.0.2323","PSt7-10","171027-008","9/15/2022 2:43:31 PM","0000-00","0","no battery","V","","µV","","µV"
"11/15/2022","17:40:23","7","default","171425599","OXY_CH7","20.114","min","187.787","μmol/L","Humid","21.048","deg","89614","µV","28.854","°C","1025.000","hPa","36.0","pmil","0","55.700","deg","20.000","°C","100.000","%a.s.","22.210","deg","20.000","°C","971.000","hPa","0.826","-0.01532","0.000401","-0.00012","0","11.08","Humid","30.45","0","49.40","252224.14","SABD0002000012","AAV2.0.0.13","4.0.0.2323","PSt7-10","171027-008","9/15/2022 2:43:31 PM","0000-00","0","no battery","V","","µV","","µV"
"11/15/2022","17:40:24","7","default","171425599","OXY_CH7","20.131","min","187.835","μmol/L","Humid","21.043","deg","87826","µV","28.861","°C","1025.000","hPa","36.0","pmil","0","55.700","deg","20.000","°C","100.000","%a.s.","22.210","deg","20.000","°C","971.000","hPa","0.826","-0.01532","0.000401","-0.00012","0","11.08","Humid","30.45","0","49.40","252227.83","SABD0002000012","AAV2.0.0.13","4.0.0.2323","PSt7-10","171027-008","9/15/2022 2:43:31 PM","0000-00","0","no battery","V","","µV","","µV"
"11/15/2022","17:40:25","7","default","171425599","OXY_CH7","20.147","min","187.887","μmol/L","Humid","21.042","deg","87324","µV","28.854","°C","1025.000","hPa","36.0","pmil","0","55.700","deg","20.000","°C","100.000","%a.s.","22.210","deg","20.000","°C","971.000","hPa","0.826","-0.01532","0.000401","-0.00012","0","11.08","Humid","30.45","0","49.40","252208.11","SABD0002000012","AAV2.0.0.13","4.0.0.2323","PSt7-10","171027-008","9/15/2022 2:43:31 PM","0000-00","0","no battery","V","","µV","","µV"
"11/15/2022","17:40:26","7","default","171425599","OXY_CH7","20.164","min","187.854","μmol/L","Humid","21.044","deg","87693","µV","28.854","°C","1025.000","hPa","36.0","pmil","0","55.700","deg","20.000","°C","100.000","%a.s.","22.210","deg","20.000","°C","971.000","hPa","0.826","-0.01532","0.000401","-0.00012","0","11.08","Humid","30.45","0","49.40","252218.60","SABD0002000012","AAV2.0.0.13","4.0.0.2323","PSt7-10","171027-008","9/15/2022 2:43:31 PM","0000-00","0","no battery","V","","µV","","µV"
"11/15/2022","17:40:27","7","default","171425599","OXY_CH7","20.181","min","187.904","μmol/L","Humid","21.041","deg","89061","µV","28.854","°C","1025.000","hPa","36.0","pmil","0","55.700","deg","20.000","°C","100.000","%a.s.","22.210","deg","20.000","°C","971.000","hPa","0.826","-0.01532","0.000401","-0.00012","0","11.08","Humid","30.45","0","49.40","252218.98","SABD0002000012","AAV2.0.0.13","4.0.0.2323","PSt7-10","171027-008","9/15/2022 2:43:31 PM","0000-00","0","no battery","V","","µV","","µV"
"11/15/2022","17:42:27","7","default","171425599","OXY_CH7","22.184","min","187.977","μmol/L","Humid","21.043","deg","89961","µV","28.836","°C","1025.000","hPa","36.0","pmil","0","55.700","deg","20.000","°C","100.000","%a.s.","22.210","deg","20.000","°C","971.000","hPa","0.826","-0.01532","0.000401","-0.00012","0","11.08","Humid","30.45","0","49.40","252461.03","SABD0002000012","AAV2.0.0.13","4.0.0.2323","PSt7-10","171027-008","9/15/2022 2:43:31 PM","0000-00","0","no battery","V","","µV","","µV"
"11/15/2022","17:42:28","7","default","171425599","OXY_CH7","22.197","min","187.939","μmol/L","Humid","21.041","deg","89932","µV","28.848","°C","1025.000","hPa","36.0","pmil","0","55.700","deg","20.000","°C","100.000","%a.s.","22.210","deg","20.000","°C","971.000","hPa","0.826","-0.01532","0.000401","-0.00012","0","11.08","Humid","30.45","0","49.40","252391.60","SABD0002000012","AAV2.0.0.13","4.0.0.2323","PSt7-10","171027-008","9/15/2022 2:43:31 PM","0000-00","0","no battery","V","","µV","","µV"
"11/15/2022","17:42:29","7","default","171425599","OXY_CH7","22.214","min","187.960","μmol/L","Humid","21.044","deg","89935","µV","28.836","°C","1025.000","hPa","36.0","pmil","0","55.700","deg","20.000","°C","100.000","%a.s.","22.210","deg","20.000","°C","971.000","hPa","0.826","-0.01532","0.000401","-0.00012","0","11.08","Humid","30.45","0","49.40","252380.51","SABD0002000012","AAV2.0.0.13","4.0.0.2323","PSt7-10","171027-008","9/15/2022 2:43:31 PM","0000-00","0","no battery","V","","µV","","µV"
"11/15/2022","17:42:30","7","default","171425599","OXY_CH7","22.231","min","187.975","μmol/L","Humid","21.041","deg","89917","µV","28.842","°C","1025.000","hPa","36.0","pmil","0","55.700","deg","20.000","°C","100.000","%a.s.","22.210","deg","20.000","°C","971.000","hPa","0.826","-0.01532","0.000401","-0.00012","0","11.08","Humid","30.45","0","49.40","252371.34","SABD0002000012","AAV2.0.0.13","4.0.0.2323","PSt7-10","171027-008","9/15/2022 2:43:31 PM","0000-00","0","no battery","V","","µV","","µV"
"11/15/2022","17:42:31","7","default","171425599","OXY_CH7","22.248","min","187.991","μmol/L","Humid","21.040","deg","89918","µV","28.842","°C","1025.000","hPa","36.0","pmil","0","55.700","deg","20.000","°C","100.000","%a.s.","22.210","deg","20.000","°C","971.000","hPa","0.826","-0.01532","0.000401","-0.00012","0","11.08","Humid","30.45","0","49.40","252373.54","SABD0002000012","AAV2.0.0.13","4.0.0.2323","PSt7-10","171027-008","9/15/2022 2:43:31 PM","0000-00","0","no battery","V","","µV","","µV"
"11/15/2022","17:42:32","7","default","171425599","OXY_CH7","22.264","min","187.960","μmol/L","Humid","21.044","deg","89922","µV","28.836","°C","1025.000","hPa","36.0","pmil","0","55.700","deg","20.000","°C","100.000","%a.s.","22.210","deg","20.000","°C","971.000","hPa","0.826","-0.01532","0.000401","-0.00012","0","11.08","Humid","30.45","0","49.40","252360.88","SABD0002000012","AAV2.0.0.13","4.0.0.2323","PSt7-10","171027-008","9/15/2022 2:43:31 PM","0000-00","0","no battery","V","","µV","","µV"
"11/15/2022","17:42:33","7","default","171425599","OXY_CH7","22.280","min","187.989","μmol/L","Humid","21.038","deg","89909","µV","28.848","°C","1025.000","hPa","36.0","pmil","0","55.700","deg","20.000","°C","100.000","%a.s.","22.210","deg","20.000","°C","971.000","hPa","0.826","-0.01532","0.000401","-0.00012","0","11.08","Humid","30.45","0","49.40","252341.09","SABD0002000012","AAV2.0.0.13","4.0.0.2323","PSt7-10","171027-008","9/15/2022 2:43:31 PM","0000-00","0","no battery","V","","µV","","µV"
"11/15/2022","17:42:34","7","default","171425599","OXY_CH7","22.297","min","187.941","μmol/L","Humid","21.043","deg","89898","µV","28.842","°C","1025.000","hPa","36.0","pmil","0","55.700","deg","20.000","°C","100.000","%a.s.","22.210","deg","20.000","°C","971.000","hPa","0.826","-0.01532","0.000401","-0.00012","0","11.08","Humid","30.45","0","49.40","252335.23","SABD0002000012","AAV2.0.0.13","4.0.0.2323","PSt7-10","171027-008","9/15/2022 2:43:31 PM","0000-00","0","no battery","V","","µV","","µV"
"11/15/2022","17:42:35","7","default","171425599","OXY_CH7","22.314","min","187.939","μmol/L","Humid","21.041","deg","89896","µV","28.848","°C","1025.000","hPa","36.0","pmil","0","55.700","deg","20.000","°C","100.000","%a.s.","22.210","deg","20.000","°C","971.000","hPa","0.826","-0.01532","0.000401","-0.00012","0","11.08","Humid","30.45","0","49.40","252328.40","SABD0002000012","AAV2.0.0.13","4.0.0.2323","PSt7-10","171027-008","9/15/2022 2:43:31 PM","0000-00","0","no battery","V","","µV","","µV"
"11/15/2022","17:42:36","7","default","171425599","OXY_CH7","22.331","min","187.876","μmol/L","Humid","21.049","deg","89873","µV","28.836","°C","1025.000","hPa","36.0","pmil","0","55.700","deg","20.000","°C","100.000","%a.s.","22.210","deg","20.000","°C","971.000","hPa","0.826","-0.01532","0.000401","-0.00012","0","11.08","Humid","30.45","0","49.40","252327.61","SABD0002000012","AAV2.0.0.13","4.0.0.2323","PSt7-10","171027-008","9/15/2022 2:43:31 PM","0000-00","0","no battery","V","","µV","","µV"
"11/15/2022","17:42:37","7","default","171425599","OXY_CH7","22.347","min","187.958","μmol/L","Humid","21.042","deg","89867","µV","28.842","°C","1025.000","hPa","36.0","pmil","0","55.700","deg","20.000","°C","100.000","%a.s.","22.210","deg","20.000","°C","971.000","hPa","0.826","-0.01532","0.000401","-0.00012","0","11.08","Humid","30.45","0","49.40","252340.96","SABD0002000012","AAV2.0.0.13","4.0.0.2323","PSt7-10","171027-008","9/15/2022 2:43:31 PM","0000-00","0","no battery","V","","µV","","µV"
"11/15/2022","17:42:38","7","default","171425599","OXY_CH7","22.364","min","187.993","μmol/L","Humid","21.042","deg","89856","µV","28.836","°C","1025.000","hPa","36.0","pmil","0","55.700","deg","20.000","°C","100.000","%a.s.","22.210","deg","20.000","°C","971.000","hPa","0.826","-0.01532","0.000401","-0.00012","0","11.08","Humid","30.45","0","49.40","252319.93","SABD0002000012","AAV2.0.0.13","4.0.0.2323","PSt7-10","171027-008","9/15/2022 2:43:31 PM","0000-00","0","no battery","V","","µV","","µV"
"11/15/2022","17:42:39","7","default","171425599","OXY_CH7","22.380","min","187.958","μmol/L","Humid","21.042","deg","89880","µV","28.842","°C","1025.000","hPa","36.0","pmil","0","55.700","deg","20.000","°C","100.000","%a.s.","22.210","deg","20.000","°C","971.000","hPa","0.826","-0.01532","0.000401","-0.00012","0","11.08","Humid","30.45","0","49.40","252325.44","SABD0002000012","AAV2.0.0.13","4.0.0.2323","PSt7-10","171027-008","9/15/2022 2:43:31 PM","0000-00","0","no battery","V","","µV","","µV"
"11/15/2022","17:42:40","7","default","171425599","OXY_CH7","22.397","min","187.977","μmol/L","Humid","21.043","deg","89881","µV","28.836","°C","1025.000","hPa","36.0","pmil","0","55.700","deg","20.000","°C","100.000","%a.s.","22.210","deg","20.000","°C","971.000","hPa","0.826","-0.01532","0.000401","-0.00012","0","11.08","Humid","30.45","0","49.40","252325.73","SABD0002000012","AAV2.0.0.13","4.0.0.2323","PSt7-10","171027-008","9/15/2022 2:43:31 PM","0000-00","0","no battery","V","","µV","","µV"
"11/15/2022","17:42:41","7","default","171425599","OXY_CH7","22.414","min","187.893","μmol/L","Humid","21.048","deg","89885","µV","28.836","°C","1025.000","hPa","36.0","pmil","0","55.700","deg","20.000","°C","100.000","%a.s.","22.210","deg","20.000","°C","971.000","hPa","0.826","-0.01532","0.000401","-0.00012","0","11.08","Humid","30.45","0","49.40","252327.78","SABD0002000012","AAV2.0.0.13","4.0.0.2323","PSt7-10","171027-008","9/15/2022 2:43:31 PM","0000-00","0","no battery","V","","µV","","µV"
"11/15/2022","17:42:42","7","default","171425599","OXY_CH7","22.431","min","187.824","μmol/L","Humid","21.050","deg","89890","µV","28.842","°C","1025.000","hPa","36.0","pmil","0","55.700","deg","20.000","°C","100.000","%a.s.","22.210","deg","20.000","°C","971.000","hPa","0.826","-0.01532","0.000401","-0.00012","0","11.08","Humid","30.45","0","49.40","252334.10","SABD0002000012","AAV2.0.0.13","4.0.0.2323","PSt7-10","171027-008","9/15/2022 2:43:31 PM","0000-00","0","no battery","V","","µV","","µV"
"11/15/2022","17:42:43","7","default","171425599","OXY_CH7","22.447","min","187.910","μmol/L","Humid","21.047","deg","89884","µV","28.836","°C","1025.000","hPa","36.0","pmil","0","55.700","deg","20.000","°C","100.000","%a.s.","22.210","deg","20.000","°C","971.000","hPa","0.826","-0.01532","0.000401","-0.00012","0","11.08","Humid","30.45","0","49.40","252318.75","SABD0002000012","AAV2.0.0.13","4.0.0.2323","PSt7-10","171027-008","9/15/2022 2:43:31 PM","0000-00","0","no battery","V","","µV","","µV"
"11/15/2022","17:42:44","7","default","171425599","OXY_CH7","22.464","min","187.910","μmol/L","Humid","21.047","deg","89890","µV","28.836","°C","1025.000","hPa","36.0","pmil","0","55.700","deg","20.000","°C","100.000","%a.s.","22.210","deg","20.000","°C","971.000","hPa","0.826","-0.01532","0.000401","-0.00012","0","11.08","Humid","30.45","0","49.40","252312.17","SABD0002000012","AAV2.0.0.13","4.0.0.2323","PSt7-10","171027-008","9/15/2022 2:43:31 PM","0000-00","0","no battery","V","","µV","","µV"
"11/15/2022","17:42:45","7","default","171425599","OXY_CH7","22.481","min","187.841","μmol/L","Humid","21.049","deg","89874","µV","28.842","°C","1025.000","hPa","36.0","pmil","0","55.700","deg","20.000","°C","100.000","%a.s.","22.210","deg","20.000","°C","971.000","hPa","0.826","-0.01532","0.000401","-0.00012","0","11.08","Humid","30.45","0","49.40","252321.86","SABD0002000012","AAV2.0.0.13","4.0.0.2323","PSt7-10","171027-008","9/15/2022 2:43:31 PM","0000-00","0","no battery","V","","µV","","µV"
"11/15/2022","17:42:46","7","default","171425599","OXY_CH7","22.497","min","187.891","μmol/L","Humid","21.046","deg","89886","µV","28.842","°C","1025.000","hPa","36.0","pmil","0","55.700","deg","20.000","°C","100.000","%a.s.","22.210","deg","20.000","°C","971.000","hPa","0.826","-0.01532","0.000401","-0.00012","0","11.08","Humid","30.45","0","49.40","252312.81","SABD0002000012","AAV2.0.0.13","4.0.0.2323","PSt7-10","171027-008","9/15/2022 2:43:31 PM","0000-00","0","no battery","V","","µV","","µV"
"11/15/2022","17:42:47","7","default","171425599","OXY_CH7","22.514","min","187.891","μmol/L","Humid","21.046","deg","89888","µV","28.842","°C","1025.000","hPa","36.0","pmil","0","55.700","deg","20.000","°C","100.000","%a.s.","22.210","deg","20.000","°C","971.000","hPa","0.826","-0.01532","0.000401","-0.00012","0","11.08","Humid","30.45","0","49.40","252309.78","SABD0002000012","AAV2.0.0.13","4.0.0.2323","PSt7-10","171027-008","9/15/2022 2:43:31 PM","0000-00","0","no battery","V","","µV","","µV"
"11/15/2022","17:42:48","7","default","171425599","OXY_CH7","22.530","min","187.979","μmol/L","Humid","21.045","deg","89882","µV","28.830","°C","1025.000","hPa","36.0","pmil","0","55.700","deg","20.000","°C","100.000","%a.s.","22.210","deg","20.000","°C","971.000","hPa","0.826","-0.01532","0.000401","-0.00012","0","11.08","Humid","30.45","0","49.40","252311.75","SABD0002000012","AAV2.0.0.13","4.0.0.2323","PSt7-10","171027-008","9/15/2022 2:43:31 PM","0000-00","0","no battery","V","","µV","","µV"
"11/15/2022","17:42:49","7","default","171425599","OXY_CH7","22.547","min","187.910","μmol/L","Humid","21.047","deg","89883","µV","28.836","°C","1025.000","hPa","36.0","pmil","0","55.700","deg","20.000","°C","100.000","%a.s.","22.210","deg","20.000","°C","971.000","hPa","0.826","-0.01532","0.000401","-0.00012","0","11.08","Humid","30.45","0","49.40","252299.16","SABD0002000012","AAV2.0.0.13","4.0.0.2323","PSt7-10","171027-008","9/15/2022 2:43:31 PM","0000-00","0","no battery","V","","µV","","µV"
"11/15/2022","17:42:50","7","default","171425599","OXY_CH7","22.564","min","187.876","μmol/L","Humid","21.049","deg","89885","µV","28.836","°C","1025.000","hPa","36.0","pmil","0","55.700","deg","20.000","°C","100.000","%a.s.","22.210","deg","20.000","°C","971.000","hPa","0.826","-0.01532","0.000401","-0.00012","0","11.08","Humid","30.45","0","49.40","252298.57","SABD0002000012","AAV2.0.0.13","4.0.0.2323","PSt7-10","171027-008","9/15/2022 2:43:31 PM","0000-00","0","no battery","V","","µV","","µV"
"11/15/2022","17:42:51","7","default","171425599","OXY_CH7","22.581","min","187.943","μmol/L","Humid","21.045","deg","89872","µV","28.836","°C","1025.000","hPa","36.0","pmil","0","55.700","deg","20.000","°C","100.000","%a.s.","22.210","deg","20.000","°C","971.000","hPa","0.826","-0.01532","0.000401","-0.00012","0","11.08","Humid","30.45","0","49.40","252303.51","SABD0002000012","AAV2.0.0.13","4.0.0.2323","PSt7-10","171027-008","9/15/2022 2:43:31 PM","0000-00","0","no battery","V","","µV","","µV"
"11/15/2022","17:42:52","7","default","171425599","OXY_CH7","22.597","min","187.858","μmol/L","Humid","21.048","deg","89892","µV","28.842","°C","1025.000","hPa","36.0","pmil","0","55.700","deg","20.000","°C","100.000","%a.s.","22.210","deg","20.000","°C","971.000","hPa","0.826","-0.01532","0.000401","-0.00012","0","11.08","Humid","30.45","0","49.40","252285.60","SABD0002000012","AAV2.0.0.13","4.0.0.2323","PSt7-10","171027-008","9/15/2022 2:43:31 PM","0000-00","0","no battery","V","","µV","","µV"
"11/15/2022","17:42:53","7","default","171425599","OXY_CH7","22.614","min","187.879","μmol/L","Humid","21.051","deg","89882","µV","28.830","°C","1025.000","hPa","36.0","pmil","0","55.700","deg","20.000","°C","100.000","%a.s.","22.210","deg","20.000","°C","971.000","hPa","0.826","-0.01532","0.000401","-0.00012","0","11.08","Humid","30.45","0","49.40","252296.74","SABD0002000012","AAV2.0.0.13","4.0.0.2323","PSt7-10","171027-008","9/15/2022 2:43:31 PM","0000-00","0","no battery","V","","µV","","µV"
"11/15/2022","17:42:54","7","default","171425599","OXY_CH7","22.630","min","187.912","μmol/L","Humid","21.049","deg","89884","µV","28.830","°C","1025.000","hPa","36.0","pmil","0","55.700","deg","20.000","°C","100.000","%a.s.","22.210","deg","20.000","°C","971.000","hPa","0.826","-0.01532","0.000401","-0.00012","0","11.08","Humid","30.45","0","49.40","252308.03","SABD0002000012","AAV2.0.0.13","4.0.0.2323","PSt7-10","171027-008","9/15/2022 2:43:31 PM","0000-00","0","no battery","V","","µV","","µV"
"11/15/2022","17:42:55","7","default","171425599","OXY_CH7","22.647","min","187.874","μmol/L","Humid","21.047","deg","89880","µV","28.842","°C","1025.000","hPa","36.0","pmil","0","55.700","deg","20.000","°C","100.000","%a.s.","22.210","deg","20.000","°C","971.000","hPa","0.826","-0.01532","0.000401","-0.00012","0","11.08","Humid","30.45","0","49.40","252298.99","SABD0002000012","AAV2.0.0.13","4.0.0.2323","PSt7-10","171027-008","9/15/2022 2:43:31 PM","0000-00","0","no battery","V","","µV","","µV"
"11/15/2022","17:42:56","7","default","171425599","OXY_CH7","22.664","min","187.843","μmol/L","Humid","21.051","deg","89888","µV","28.836","°C","1025.000","hPa","36.0","pmil","0","55.700","deg","20.000","°C","100.000","%a.s.","22.210","deg","20.000","°C","971.000","hPa","0.826","-0.01532","0.000401","-0.00012","0","11.08","Humid","30.45","0","49.40","252291.32","SABD0002000012","AAV2.0.0.13","4.0.0.2323","PSt7-10","171027-008","9/15/2022 2:43:31 PM","0000-00","0","no battery","V","","µV","","µV"
"11/15/2022","17:42:57","7","default","171425599","OXY_CH7","22.680","min","187.858","μmol/L","Humid","21.048","deg","89880","µV","28.842","°C","1025.000","hPa","36.0","pmil","0","55.700","deg","20.000","°C","100.000","%a.s.","22.210","deg","20.000","°C","971.000","hPa","0.826","-0.01532","0.000401","-0.00012","0","11.08","Humid","30.45","0","49.40","252291.76","SABD0002000012","AAV2.0.0.13","4.0.0.2323","PSt7-10","171027-008","9/15/2022 2:43:31 PM","0000-00","0","no battery","V","","µV","","µV"
"11/15/2022","17:42:58","7","default","171425599","OXY_CH7","22.697","min","187.841","μmol/L","Humid","21.049","deg","89888","µV","28.842","°C","1025.000","hPa","36.0","pmil","0","55.700","deg","20.000","°C","100.000","%a.s.","22.210","deg","20.000","°C","971.000","hPa","0.826","-0.01532","0.000401","-0.00012","0","11.08","Humid","30.45","0","49.40","252290.19","SABD0002000012","AAV2.0.0.13","4.0.0.2323","PSt7-10","171027-008","9/15/2022 2:43:31 PM","0000-00","0","no battery","V","","µV","","µV"
"11/15/2022","17:42:59","7","default","171425599","OXY_CH7","22.714","min","187.843","μmol/L","Humid","21.051","deg","89880","µV","28.836","°C","1025.000","hPa","36.0","pmil","0","55.700","deg","20.000","°C","100.000","%a.s.","22.210","deg","20.000","°C","971.000","hPa","0.826","-0.01532","0.000401","-0.00012","0","11.08","Humid","30.45","0","49.40","252293.11","SABD0002000012","AAV2.0.0.13","4.0.0.2323","PSt7-10","171027-008","9/15/2022 2:43:31 PM","0000-00","0","no battery","V","","µV","","µV"
"11/15/2022","17:43:00","7","default","171425599","OXY_CH7","22.731","min","187.843","μmol/L","Humid","21.051","deg","89875","µV","28.836","°C","1025.000","hPa","36.0","pmil","0","55.700","deg","20.000","°C","100.000","%a.s.","22.210","deg","20.000","°C","971.000","hPa","0.826","-0.01532","0.000401","-0.00012","0","11.08","Humid","30.45","0","49.40","252272.74","SABD0002000012","AAV2.0.0.13","4.0.0.2323","PSt7-10","171027-008","9/15/2022 2:43:31 PM","0000-00","0","no battery","V","","µV","","µV"
"11/15/2022","17:43:01","7","default","171425599","OXY_CH7","22.748","min","187.843","μmol/L","Humid","21.051","deg","89877","µV","28.836","°C","1025.000","hPa","36.0","pmil","0","55.700","deg","20.000","°C","100.000","%a.s.","22.210","deg","20.000","°C","971.000","hPa","0.826","-0.01532","0.000401","-0.00012","0","11.08","Humid","30.45","0","49.40","252283.06","SABD0002000012","AAV2.0.0.13","4.0.0.2323","PSt7-10","171027-008","9/15/2022 2:43:31 PM","0000-00","0","no battery","V","","µV","","µV"
"11/15/2022","17:43:02","7","default","171425599","OXY_CH7","22.764","min","187.841","μmol/L","Humid","21.049","deg","89878","µV","28.842","°C","1025.000","hPa","36.0","pmil","0","55.700","deg","20.000","°C","100.000","%a.s.","22.210","deg","20.000","°C","971.000","hPa","0.826","-0.01532","0.000401","-0.00012","0","11.08","Humid","30.45","0","49.40","252289.99","SABD0002000012","AAV2.0.0.13","4.0.0.2323","PSt7-10","171027-008","9/15/2022 2:43:31 PM","0000-00","0","no battery","V","","µV","","µV"
"11/15/2022","17:43:03","7","default","171425599","OXY_CH7","22.780","min","187.862","μmol/L","Humid","21.052","deg","89872","µV","28.830","°C","1025.000","hPa","36.0","pmil","0","55.700","deg","20.000","°C","100.000","%a.s.","22.210","deg","20.000","°C","971.000","hPa","0.826","-0.01532","0.000401","-0.00012","0","11.08","Humid","30.45","0","49.40","252295.47","SABD0002000012","AAV2.0.0.13","4.0.0.2323","PSt7-10","171027-008","9/15/2022 2:43:31 PM","0000-00","0","no battery","V","","µV","","µV"
"11/15/2022","17:43:04","7","default","171425599","OXY_CH7","22.797","min","187.795","μmol/L","Humid","21.056","deg","89877","µV","28.830","°C","1025.000","hPa","36.0","pmil","0","55.700","deg","20.000","°C","100.000","%a.s.","22.210","deg","20.000","°C","971.000","hPa","0.826","-0.01532","0.000401","-0.00012","0","11.08","Humid","30.45","0","49.40","252306.46","SABD0002000012","AAV2.0.0.13","4.0.0.2323","PSt7-10","171027-008","9/15/2022 2:43:31 PM","0000-00","0","no battery","V","","µV","","µV"
"11/15/2022","17:43:05","7","default","171425599","OXY_CH7","22.814","min","187.912","μmol/L","Humid","21.049","deg","89875","µV","28.830","°C","1025.000","hPa","36.0","pmil","0","55.700","deg","20.000","°C","100.000","%a.s.","22.210","deg","20.000","°C","971.000","hPa","0.826","-0.01532","0.000401","-0.00012","0","11.08","Humid","30.45","0","49.40","252281.05","SABD0002000012","AAV2.0.0.13","4.0.0.2323","PSt7-10","171027-008","9/15/2022 2:43:31 PM","0000-00","0","no battery","V","","µV","","µV"
"11/15/2022","17:43:06","7","default","171425599","OXY_CH7","22.830","min","187.845","μmol/L","Humid","21.053","deg","89867","µV","28.830","°C","1025.000","hPa","36.0","pmil","0","55.700","deg","20.000","°C","100.000","%a.s.","22.210","deg","20.000","°C","971.000","hPa","0.826","-0.01532","0.000401","-0.00012","0","11.08","Humid","30.45","0","49.40","252280.45","SABD0002000012","AAV2.0.0.13","4.0.0.2323","PSt7-10","171027-008","9/15/2022 2:43:31 PM","0000-00","0","no battery","V","","µV","","µV"
"11/15/2022","17:43:07","7","default","171425599","OXY_CH7","22.847","min","187.862","μmol/L","Humid","21.052","deg","89863","µV","28.830","°C","1025.000","hPa","36.0","pmil","0","55.700","deg","20.000","°C","100.000","%a.s.","22.210","deg","20.000","°C","971.000","hPa","0.826","-0.01532","0.000401","-0.00012","0","11.08","Humid","30.45","0","49.40","252276.89","SABD0002000012","AAV2.0.0.13","4.0.0.2323","PSt7-10","171027-008","9/15/2022 2:43:31 PM","0000-00","0","no battery","V","","µV","","µV"
"11/15/2022","17:43:08","7","default","171425599","OXY_CH7","22.864","min","187.810","μmol/L","Humid","21.053","deg","89873","µV","28.836","°C","1025.000","hPa","36.0","pmil","0","55.700","deg","20.000","°C","100.000","%a.s.","22.210","deg","20.000","°C","971.000","hPa","0.826","-0.01532","0.000401","-0.00012","0","11.08","Humid","30.45","0","49.40","252291.82","SABD0002000012","AAV2.0.0.13","4.0.0.2323","PSt7-10","171027-008","9/15/2022 2:43:31 PM","0000-00","0","no battery","V","","µV","","µV"
"11/15/2022","17:43:09","7","default","171425599","OXY_CH7","22.881","min","187.774","μmol/L","Humid","21.053","deg","89869","µV","28.842","°C","1025.000","hPa","36.0","pmil","0","55.700","deg","20.000","°C","100.000","%a.s.","22.210","deg","20.000","°C","971.000","hPa","0.826","-0.01532","0.000401","-0.00012","0","11.08","Humid","30.45","0","49.40","252276.90","SABD0002000012","AAV2.0.0.13","4.0.0.2323","PSt7-10","171027-008","9/15/2022 2:43:31 PM","0000-00","0","no battery","V","","µV","","µV"
"11/15/2022","17:43:10","7","default","171425599","OXY_CH7","22.897","min","187.860","μmol/L","Humid","21.050","deg","89871","µV","28.836","°C","1025.000","hPa","36.0","pmil","0","55.700","deg","20.000","°C","100.000","%a.s.","22.210","deg","20.000","°C","971.000","hPa","0.826","-0.01532","0.000401","-0.00012","0","11.08","Humid","30.45","0","49.40","252262.02","SABD0002000012","AAV2.0.0.13","4.0.0.2323","PSt7-10","171027-008","9/15/2022 2:43:31 PM","0000-00","0","no battery","V","","µV","","µV"
"11/15/2022","17:43:11","7","default","171425599","OXY_CH7","22.913","min","187.864","μmol/L","Humid","21.054","deg","89871","µV","28.824","°C","1025.000","hPa","36.0","pmil","0","55.700","deg","20.000","°C","100.000","%a.s.","22.210","deg","20.000","°C","971.000","hPa","0.826","-0.01532","0.000401","-0.00012","0","11.08","Humid","30.45","0","49.40","252273.20","SABD0002000012","AAV2.0.0.13","4.0.0.2323","PSt7-10","171027-008","9/15/2022 2:43:31 PM","0000-00","0","no battery","V","","µV","","µV"
"11/15/2022","17:43:12","7","default","171425599","OXY_CH7","22.930","min","187.828","μmol/L","Humid","21.054","deg","89873","µV","28.830","°C","1025.000","hPa","36.0","pmil","0","55.700","deg","20.000","°C","100.000","%a.s.","22.210","deg","20.000","°C","971.000","hPa","0.826","-0.01532","0.000401","-0.00012","0","11.08","Humid","30.45","0","49.40","252273.34","SABD0002000012","AAV2.0.0.13","4.0.0.2323","PSt7-10","171027-008","9/15/2022 2:43:31 PM","0000-00","0","no battery","V","","µV","","µV"
"11/15/2022","17:43:13","7","default","171425599","OXY_CH7","22.947","min","187.912","μmol/L","Humid","21.049","deg","89870","µV","28.830","°C","1025.000","hPa","36.0","pmil","0","55.700","deg","20.000","°C","100.000","%a.s.","22.210","deg","20.000","°C","971.000","hPa","0.826","-0.01532","0.000401","-0.00012","0","11.08","Humid","30.45","0","49.40","252276.19","SABD0002000012","AAV2.0.0.13","4.0.0.2323","PSt7-10","171027-008","9/15/2022 2:43:31 PM","0000-00","0","no battery","V","","µV","","µV"
"11/15/2022","17:43:14","7","default","171425599","OXY_CH7","22.964","min","187.757","μmol/L","Humid","21.054","deg","89871","µV","28.842","°C","1025.000","hPa","36.0","pmil","0","55.700","deg","20.000","°C","100.000","%a.s.","22.210","deg","20.000","°C","971.000","hPa","0.826","-0.01532","0.000401","-0.00012","0","11.08","Humid","30.45","0","49.40","252270.81","SABD0002000012","AAV2.0.0.13","4.0.0.2323","PSt7-10","171027-008","9/15/2022 2:43:31 PM","0000-00","0","no battery","V","","µV","","µV"
"11/15/2022","17:43:15","7","default","171425599","OXY_CH7","22.981","min","187.893","μmol/L","Humid","21.048","deg","89868","µV","28.836","°C","1025.000","hPa","36.0","pmil","0","55.700","deg","20.000","°C","100.000","%a.s.","22.210","deg","20.000","°C","971.000","hPa","0.826","-0.01532","0.000401","-0.00012","0","11.08","Humid","30.45","0","49.40","252270.75","SABD0002000012","AAV2.0.0.13","4.0.0.2323","PSt7-10","171027-008","9/15/2022 2:43:31 PM","0000-00","0","no battery","V","","µV","","µV"
"11/15/2022","17:43:16","7","default","171425599","OXY_CH7","22.997","min","187.793","μmol/L","Humid","21.054","deg","89857","µV","28.836","°C","1025.000","hPa","36.0","pmil","0","55.700","deg","20.000","°C","100.000","%a.s.","22.210","deg","20.000","°C","971.000","hPa","0.826","-0.01532","0.000401","-0.00012","0","11.08","Humid","30.45","0","49.40","252268.54","SABD0002000012","AAV2.0.0.13","4.0.0.2323","PSt7-10","171027-008","9/15/2022 2:43:31 PM","0000-00","0","no battery","V","","µV","","µV"
"11/15/2022","17:43:17","7","default","171425599","OXY_CH7","23.014","min","187.862","μmol/L","Humid","21.052","deg","89861","µV","28.830","°C","1025.000","hPa","36.0","pmil","0","55.700","deg","20.000","°C","100.000","%a.s.","22.210","deg","20.000","°C","971.000","hPa","0.826","-0.01532","0.000401","-0.00012","0","11.08","Humid","30.45","0","49.40","252266.16","SABD0002000012","AAV2.0.0.13","4.0.0.2323","PSt7-10","171027-008","9/15/2022 2:43:31 PM","0000-00","0","no battery","V","","µV","","µV"
"11/15/2022","17:43:18","7","default","171425599","OXY_CH7","23.031","min","187.828","μmol/L","Humid","21.054","deg","89856","µV","28.830","°C","1025.000","hPa","36.0","pmil","0","55.700","deg","20.000","°C","100.000","%a.s.","22.210","deg","20.000","°C","971.000","hPa","0.826","-0.01532","0.000401","-0.00012","0","11.08","Humid","30.45","0","49.40","252268.60","SABD0002000012","AAV2.0.0.13","4.0.0.2323","PSt7-10","171027-008","9/15/2022 2:43:31 PM","0000-00","0","no battery","V","","µV","","µV"
"11/15/2022","17:43:19","7","default","171425599","OXY_CH7","23.047","min","187.912","μmol/L","Humid","21.049","deg","89864","µV","28.830","°C","1025.000","hPa","36.0","pmil","0","55.700","deg","20.000","°C","100.000","%a.s.","22.210","deg","20.000","°C","971.000","hPa","0.826","-0.01532","0.000401","-0.00012","0","11.08","Humid","30.45","0","49.40","252266.70","SABD0002000012","AAV2.0.0.13","4.0.0.2323","PSt7-10","171027-008","9/15/2022 2:43:31 PM","0000-00","0","no battery","V","","µV","","µV"
"11/15/2022","17:43:20","7","default","171425599","OXY_CH7","23.063","min","187.776","μmol/L","Humid","21.055","deg","89874","µV","28.836","°C","1025.000","hPa","36.0","pmil","0","55.700","deg","20.000","°C","100.000","%a.s.","22.210","deg","20.000","°C","971.000","hPa","0.826","-0.01532","0.000401","-0.00012","0","11.08","Humid","30.45","0","49.40","252252.93","SABD0002000012","AAV2.0.0.13","4.0.0.2323","PSt7-10","171027-008","9/15/2022 2:43:31 PM","0000-00","0","no battery","V","","µV","","µV"
"11/15/2022","17:43:21","7","default","171425599","OXY_CH7","23.080","min","187.812","μmol/L","Humid","21.055","deg","89865","µV","28.830","°C","1025.000","hPa","36.0","pmil","0","55.700","deg","20.000","°C","100.000","%a.s.","22.210","deg","20.000","°C","971.000","hPa","0.826","-0.01532","0.000401","-0.00012","0","11.08","Humid","30.45","0","49.40","252265.10","SABD0002000012","AAV2.0.0.13","4.0.0.2323","PSt7-10","171027-008","9/15/2022 2:43:31 PM","0000-00","0","no battery","V","","µV","","µV"
"11/15/2022","17:43:22","7","default","171425599","OXY_CH7","23.097","min","187.879","μmol/L","Humid","21.051","deg","89863","µV","28.830","°C","1025.000","hPa","36.0","pmil","0","55.700","deg","20.000","°C","100.000","%a.s.","22.210","deg","20.000","°C","971.000","hPa","0.826","-0.01532","0.000401","-0.00012","0","11.08","Humid","30.45","0","49.40","252269.05","SABD0002000012","AAV2.0.0.13","4.0.0.2323","PSt7-10","171027-008","9/15/2022 2:43:31 PM","0000-00","0","no battery","V","","µV","","µV"
"11/15/2022","17:43:23","7","default","171425599","OXY_CH7","23.114","min","187.843","μmol/L","Humid","21.051","deg","89864","µV","28.836","°C","1025.000","hPa","36.0","pmil","0","55.700","deg","20.000","°C","100.000","%a.s.","22.210","deg","20.000","°C","971.000","hPa","0.826","-0.01532","0.000401","-0.00012","0","11.08","Humid","30.45","0","49.40","252261.03","SABD0002000012","AAV2.0.0.13","4.0.0.2323","PSt7-10","171027-008","9/15/2022 2:43:31 PM","0000-00","0","no battery","V","","µV","","µV"
"11/15/2022","17:43:24","7","default","171425599","OXY_CH7","23.131","min","187.845","μmol/L","Humid","21.053","deg","89866","µV","28.830","°C","1025.000","hPa","36.0","pmil","0","55.700","deg","20.000","°C","100.000","%a.s.","22.210","deg","20.000","°C","971.000","hPa","0.826","-0.01532","0.000401","-0.00012","0","11.08","Humid","30.45","0","49.40","252263.75","SABD0002000012","AAV2.0.0.13","4.0.0.2323","PSt7-10","171027-008","9/15/2022 2:43:31 PM","0000-00","0","no battery","V","","µV","","µV"
"11/15/2022","17:43:25","7","default","171425599","OXY_CH7","23.147","min","187.847","μmol/L","Humid","21.055","deg","89864","µV","28.824","°C","1025.000","hPa","36.0","pmil","0","55.700","deg","20.000","°C","100.000","%a.s.","22.210","deg","20.000","°C","971.000","hPa","0.826","-0.01532","0.000401","-0.00012","0","11.08","Humid","30.45","0","49.40","252251.19","SABD0002000012","AAV2.0.0.13","4.0.0.2323","PSt7-10","171027-008","9/15/2022 2:43:31 PM","0000-00","0","no battery","V","","µV","","µV"
"11/15/2022","17:43:26","7","default","171425599","OXY_CH7","23.164","min","187.881","μmol/L","Humid","21.053","deg","89853","µV","28.824","°C","1025.000","hPa","36.0","pmil","0","55.700","deg","20.000","°C","100.000","%a.s.","22.210","deg","20.000","°C","971.000","hPa","0.826","-0.01532","0.000401","-0.00012","0","11.08","Humid","30.45","0","49.40","252251.22","SABD0002000012","AAV2.0.0.13","4.0.0.2323","PSt7-10","171027-008","9/15/2022 2:43:31 PM","0000-00","0","no battery","V","","µV","","µV"
"11/15/2022","17:43:27","7","default","171425599","OXY_CH7","23.180","min","187.795","μmol/L","Humid","21.056","deg","89871","µV","28.830","°C","1025.000","hPa","36.0","pmil","0","55.700","deg","20.000","°C","100.000","%a.s.","22.210","deg","20.000","°C","971.000","hPa","0.826","-0.01532","0.000401","-0.00012","0","11.08","Humid","30.45","0","49.40","252259.63","SABD0002000012","AAV2.0.0.13","4.0.0.2323","PSt7-10","171027-008","9/15/2022 2:43:31 PM","0000-00","0","no battery","V","","µV","","µV"
"11/15/2022","17:43:28","7","default","171425599","OXY_CH7","23.197","min","187.847","μmol/L","Humid","21.055","deg","89867","µV","28.824","°C","1025.000","hPa","36.0","pmil","0","55.700","deg","20.000","°C","100.000","%a.s.","22.210","deg","20.000","°C","971.000","hPa","0.826","-0.01532","0.000401","-0.00012","0","11.08","Humid","30.45","0","49.40","252253.30","SABD0002000012","AAV2.0.0.13","4.0.0.2323","PSt7-10","171027-008","9/15/2022 2:43:31 PM","0000-00","0","no battery","V","","µV","","µV"
"11/15/2022","17:43:29","7","default","171425599","OXY_CH7","23.214","min","187.795","μmol/L","Humid","21.056","deg","89866","µV","28.830","°C","1025.000","hPa","36.0","pmil","0","55.700","deg","20.000","°C","100.000","%a.s.","22.210","deg","20.000","°C","971.000","hPa","0.826","-0.01532","0.000401","-0.00012","0","11.08","Humid","30.45","0","49.40","252256.70","SABD0002000012","AAV2.0.0.13","4.0.0.2323","PSt7-10","171027-008","9/15/2022 2:43:31 PM","0000-00","0","no battery","V","","µV","","µV"
"11/15/2022","17:43:30","7","default","171425599","OXY_CH7","23.230","min","187.845","μmol/L","Humid","21.053","deg","89859","µV","28.830","°C","1025.000","hPa","36.0","pmil","0","55.700","deg","20.000","°C","100.000","%a.s.","22.210","deg","20.000","°C","971.000","hPa","0.826","-0.01532","0.000401","-0.00012","0","11.08","Humid","30.45","0","49.40","252251.49","SABD0002000012","AAV2.0.0.13","4.0.0.2323","PSt7-10","171027-008","9/15/2022 2:43:31 PM","0000-00","0","no battery","V","","µV","","µV"
"11/15/2022","17:43:31","7","default","171425599","OXY_CH7","23.247","min","187.812","μmol/L","Humid","21.055","deg","89861","µV","28.830","°C","1025.000","hPa","36.0","pmil","0","55.700","deg","20.000","°C","100.000","%a.s.","22.210","deg","20.000","°C","971.000","hPa","0.826","-0.01532","0.000401","-0.00012","0","11.08","Humid","30.45","0","49.40","252255.29","SABD0002000012","AAV2.0.0.13","4.0.0.2323","PSt7-10","171027-008","9/15/2022 2:43:31 PM","0000-00","0","no battery","V","","µV","","µV"
"11/15/2022","17:43:32","7","default","171425599","OXY_CH7","23.264","min","187.797","μmol/L","Humid","21.058","deg","89865","µV","28.824","°C","1025.000","hPa","36.0","pmil","0","55.700","deg","20.000","°C","100.000","%a.s.","22.210","deg","20.000","°C","971.000","hPa","0.826","-0.01532","0.000401","-0.00012","0","11.08","Humid","30.45","0","49.40","252240.80","SABD0002000012","AAV2.0.0.13","4.0.0.2323","PSt7-10","171027-008","9/15/2022 2:43:31 PM","0000-00","0","no battery","V","","µV","","µV"
"11/15/2022","17:43:33","7","default","171425599","OXY_CH7","23.281","min","187.762","μmol/L","Humid","21.058","deg","89857","µV","28.830","°C","1025.000","hPa","36.0","pmil","0","55.700","deg","20.000","°C","100.000","%a.s.","22.210","deg","20.000","°C","971.000","hPa","0.826","-0.01532","0.000401","-0.00012","0","11.08","Humid","30.45","0","49.40","252252.65","SABD0002000012","AAV2.0.0.13","4.0.0.2323","PSt7-10","171027-008","9/15/2022 2:43:31 PM","0000-00","0","no battery","V","","µV","","µV"
"11/15/2022","17:43:34","7","default","171425599","OXY_CH7","23.297","min","187.745","μmol/L","Humid","21.059","deg","89864","µV","28.830","°C","1025.000","hPa","36.0","pmil","0","55.700","deg","20.000","°C","100.000","%a.s.","22.210","deg","20.000","°C","971.000","hPa","0.826","-0.01532","0.000401","-0.00012","0","11.08","Humid","30.45","0","49.40","252237.28","SABD0002000012","AAV2.0.0.13","4.0.0.2323","PSt7-10","171027-008","9/15/2022 2:43:31 PM","0000-00","0","no battery","V","","µV","","µV"
"11/15/2022","17:43:35","7","default","171425599","OXY_CH7","23.314","min","187.793","μmol/L","Humid","21.054","deg","89858","µV","28.836","°C","1025.000","hPa","36.0","pmil","0","55.700","deg","20.000","°C","100.000","%a.s.","22.210","deg","20.000","°C","971.000","hPa","0.826","-0.01532","0.000401","-0.00012","0","11.08","Humid","30.45","0","49.40","252238.94","SABD0002000012","AAV2.0.0.13","4.0.0.2323","PSt7-10","171027-008","9/15/2022 2:43:31 PM","0000-00","0","no battery","V","","µV","","µV"
"11/15/2022","17:43:36","7","default","171425599","OXY_CH7","23.330","min","187.778","μmol/L","Humid","21.057","deg","89860","µV","28.830","°C","1025.000","hPa","36.0","pmil","0","55.700","deg","20.000","°C","100.000","%a.s.","22.210","deg","20.000","°C","971.000","hPa","0.826","-0.01532","0.000401","-0.00012","0","11.08","Humid","30.45","0","49.40","252248.03","SABD0002000012","AAV2.0.0.13","4.0.0.2323","PSt7-10","171027-008","9/15/2022 2:43:31 PM","0000-00","0","no battery","V","","µV","","µV"
"11/15/2022","17:43:37","7","default","171425599","OXY_CH7","23.347","min","187.762","μmol/L","Humid","21.058","deg","89859","µV","28.830","°C","1025.000","hPa","36.0","pmil","0","55.700","deg","20.000","°C","100.000","%a.s.","22.210","deg","20.000","°C","971.000","hPa","0.826","-0.01532","0.000401","-0.00012","0","11.08","Humid","30.45","0","49.40","252247.01","SABD0002000012","AAV2.0.0.13","4.0.0.2323","PSt7-10","171027-008","9/15/2022 2:43:31 PM","0000-00","0","no battery","V","","µV","","µV"
"11/15/2022","17:43:38","7","default","171425599","OXY_CH7","23.364","min","187.845","μmol/L","Humid","21.053","deg","89859","µV","28.830","°C","1025.000","hPa","36.0","pmil","0","55.700","deg","20.000","°C","100.000","%a.s.","22.210","deg","20.000","°C","971.000","hPa","0.826","-0.01532","0.000401","-0.00012","0","11.08","Humid","30.45","0","49.40","252248.53","SABD0002000012","AAV2.0.0.13","4.0.0.2323","PSt7-10","171027-008","9/15/2022 2:43:31 PM","0000-00","0","no battery","V","","µV","","µV"
"11/15/2022","17:43:39","7","default","171425599","OXY_CH7","23.380","min","187.778","μmol/L","Humid","21.057","deg","89853","µV","28.830","°C","1025.000","hPa","36.0","pmil","0","55.700","deg","20.000","°C","100.000","%a.s.","22.210","deg","20.000","°C","971.000","hPa","0.826","-0.01532","0.000401","-0.00012","0","11.08","Humid","30.45","0","49.40","252241.44","SABD0002000012","AAV2.0.0.13","4.0.0.2323","PSt7-10","171027-008","9/15/2022 2:43:31 PM","0000-00","0","no battery","V","","µV","","µV"
"11/15/2022","17:43:40","7","default","171425599","OXY_CH7","23.397","min","187.780","μmol/L","Humid","21.059","deg","89853","µV","28.824","°C","1025.000","hPa","36.0","pmil","0","55.700","deg","20.000","°C","100.000","%a.s.","22.210","deg","20.000","°C","971.000","hPa","0.826","-0.01532","0.000401","-0.00012","0","11.08","Humid","30.45","0","49.40","252242.20","SABD0002000012","AAV2.0.0.13","4.0.0.2323","PSt7-10","171027-008","9/15/2022 2:43:31 PM","0000-00","0","no battery","V","","µV","","µV"
"11/15/2022","17:43:41","7","default","171425599","OXY_CH7","23.414","min","187.845","μmol/L","Humid","21.053","deg","89857","µV","28.830","°C","1025.000","hPa","36.0","pmil","0","55.700","deg","20.000","°C","100.000","%a.s.","22.210","deg","20.000","°C","971.000","hPa","0.826","-0.01532","0.000401","-0.00012","0","11.08","Humid","30.45","0","49.40","252244.15","SABD0002000012","AAV2.0.0.13","4.0.0.2323","PSt7-10","171027-008","9/15/2022 2:43:31 PM","0000-00","0","no battery","V","","µV","","µV"
"11/15/2022","17:43:42","7","default","171425599","OXY_CH7","23.431","min","187.814","μmol/L","Humid","21.057","deg","89854","µV","28.824","°C","1025.000","hPa","36.0","pmil","0","55.700","deg","20.000","°C","100.000","%a.s.","22.210","deg","20.000","°C","971.000","hPa","0.826","-0.01532","0.000401","-0.00012","0","11.08","Humid","30.45","0","49.40","252239.56","SABD0002000012","AAV2.0.0.13","4.0.0.2323","PSt7-10","171027-008","9/15/2022 2:43:31 PM","0000-00","0","no battery","V","","µV","","µV"
"11/15/2022","17:43:43","7","default","171425599","OXY_CH7","23.448","min","187.797","μmol/L","Humid","21.058","deg","89865","µV","28.824","°C","1025.000","hPa","36.0","pmil","0","55.700","deg","20.000","°C","100.000","%a.s.","22.210","deg","20.000","°C","971.000","hPa","0.826","-0.01532","0.000401","-0.00012","0","11.08","Humid","30.45","0","49.40","252233.79","SABD0002000012","AAV2.0.0.13","4.0.0.2323","PSt7-10","171027-008","9/15/2022 2:43:31 PM","0000-00","0","no battery","V","","µV","","µV"
"11/15/2022","17:43:44","7","default","171425599","OXY_CH7","23.464","min","187.778","μmol/L","Humid","21.057","deg","89857","µV","28.830","°C","1025.000","hPa","36.0","pmil","0","55.700","deg","20.000","°C","100.000","%a.s.","22.210","deg","20.000","°C","971.000","hPa","0.826","-0.01532","0.000401","-0.00012","0","11.08","Humid","30.45","0","49.40","252244.80","SABD0002000012","AAV2.0.0.13","4.0.0.2323","PSt7-10","171027-008","9/15/2022 2:43:31 PM","0000-00","0","no battery","V","","µV","","µV"
"11/15/2022","17:43:45","7","default","171425599","OXY_CH7","23.480","min","187.830","μmol/L","Humid","21.056","deg","89855","µV","28.824","°C","1025.000","hPa","36.0","pmil","0","55.700","deg","20.000","°C","100.000","%a.s.","22.210","deg","20.000","°C","971.000","hPa","0.826","-0.01532","0.000401","-0.00012","0","11.08","Humid","30.45","0","49.40","252227.30","SABD0002000012","AAV2.0.0.13","4.0.0.2323","PSt7-10","171027-008","9/15/2022 2:43:31 PM","0000-00","0","no battery","V","","µV","","µV"
"11/15/2022","17:43:46","7","default","171425599","OXY_CH7","23.497","min","187.762","μmol/L","Humid","21.058","deg","89854","µV","28.830","°C","1025.000","hPa","36.0","pmil","0","55.700","deg","20.000","°C","100.000","%a.s.","22.210","deg","20.000","°C","971.000","hPa","0.826","-0.01532","0.000401","-0.00012","0","11.08","Humid","30.45","0","49.40","252241.99","SABD0002000012","AAV2.0.0.13","4.0.0.2323","PSt7-10","171027-008","9/15/2022 2:43:31 PM","0000-00","0","no battery","V","","µV","","µV"
"11/15/2022","17:43:47","7","default","171425599","OXY_CH7","23.514","min","187.728","μmol/L","Humid","21.060","deg","89847","µV","28.830","°C","1025.000","hPa","36.0","pmil","0","55.700","deg","20.000","°C","100.000","%a.s.","22.210","deg","20.000","°C","971.000","hPa","0.826","-0.01532","0.000401","-0.00012","0","11.08","Humid","30.45","0","49.40","252234.43","SABD0002000012","AAV2.0.0.13","4.0.0.2323","PSt7-10","171027-008","9/15/2022 2:43:31 PM","0000-00","0","no battery","V","","µV","","µV"
"11/15/2022","17:43:48","7","default","171425599","OXY_CH7","23.530","min","187.780","μmol/L","Humid","21.059","deg","89852","µV","28.824","°C","1025.000","hPa","36.0","pmil","0","55.700","deg","20.000","°C","100.000","%a.s.","22.210","deg","20.000","°C","971.000","hPa","0.826","-0.01532","0.000401","-0.00012","0","11.08","Humid","30.45","0","49.40","252231.74","SABD0002000012","AAV2.0.0.13","4.0.0.2323","PSt7-10","171027-008","9/15/2022 2:43:31 PM","0000-00","0","no battery","V","","µV","","µV"
"11/15/2022","17:43:49","7","default","171425599","OXY_CH7","23.547","min","187.797","μmol/L","Humid","21.058","deg","89858","µV","28.824","°C","1025.000","hPa","36.0","pmil","0","55.700","deg","20.000","°C","100.000","%a.s.","22.210","deg","20.000","°C","971.000","hPa","0.826","-0.01532","0.000401","-0.00012","0","11.08","Humid","30.45","0","49.40","252226.06","SABD0002000012","AAV2.0.0.13","4.0.0.2323","PSt7-10","171027-008","9/15/2022 2:43:31 PM","0000-00","0","no battery","V","","µV","","µV"
"11/15/2022","17:43:50","7","default","171425599","OXY_CH7","23.564","min","187.728","μmol/L","Humid","21.060","deg","89851","µV","28.830","°C","1025.000","hPa","36.0","pmil","0","55.700","deg","20.000","°C","100.000","%a.s.","22.210","deg","20.000","°C","971.000","hPa","0.826","-0.01532","0.000401","-0.00012","0","11.08","Humid","30.45","0","49.40","252229.71","SABD0002000012","AAV2.0.0.13","4.0.0.2323","PSt7-10","171027-008","9/15/2022 2:43:31 PM","0000-00","0","no battery","V","","µV","","µV"
"11/15/2022","17:43:51","7","default","171425599","OXY_CH7","23.581","min","187.764","μmol/L","Humid","21.060","deg","89848","µV","28.824","°C","1025.000","hPa","36.0","pmil","0","55.700","deg","20.000","°C","100.000","%a.s.","22.210","deg","20.000","°C","971.000","hPa","0.826","-0.01532","0.000401","-0.00012","0","11.08","Humid","30.45","0","49.40","252221.16","SABD0002000012","AAV2.0.0.13","4.0.0.2323","PSt7-10","171027-008","9/15/2022 2:43:31 PM","0000-00","0","no battery","V","","µV","","µV"
"11/15/2022","17:43:52","7","default","171425599","OXY_CH7","23.598","min","187.797","μmol/L","Humid","21.058","deg","89852","µV","28.824","°C","1025.000","hPa","36.0","pmil","0","55.700","deg","20.000","°C","100.000","%a.s.","22.210","deg","20.000","°C","971.000","hPa","0.826","-0.01532","0.000401","-0.00012","0","11.08","Humid","30.45","0","49.40","252216.87","SABD0002000012","AAV2.0.0.13","4.0.0.2323","PSt7-10","171027-008","9/15/2022 2:43:31 PM","0000-00","0","no battery","V","","µV","","µV"
"11/15/2022","17:43:53","7","default","171425599","OXY_CH7","23.614","min","187.762","μmol/L","Humid","21.058","deg","89847","µV","28.830","°C","1025.000","hPa","36.0","pmil","0","55.700","deg","20.000","°C","100.000","%a.s.","22.210","deg","20.000","°C","971.000","hPa","0.826","-0.01532","0.000401","-0.00012","0","11.08","Humid","30.45","0","49.40","252224.64","SABD0002000012","AAV2.0.0.13","4.0.0.2323","PSt7-10","171027-008","9/15/2022 2:43:31 PM","0000-00","0","no battery","V","","µV","","µV"
"11/15/2022","17:43:54","7","default","171425599","OXY_CH7","23.630","min","187.747","μmol/L","Humid","21.061","deg","89850","µV","28.824","°C","1025.000","hPa","36.0","pmil","0","55.700","deg","20.000","°C","100.000","%a.s.","22.210","deg","20.000","°C","971.000","hPa","0.826","-0.01532","0.000401","-0.00012","0","11.08","Humid","30.45","0","49.40","252218.07","SABD0002000012","AAV2.0.0.13","4.0.0.2323","PSt7-10","171027-008","9/15/2022 2:43:31 PM","0000-00","0","no battery","V","","µV","","µV"
"11/15/2022","17:43:55","7","default","171425599","OXY_CH7","23.647","min","187.797","μmol/L","Humid","21.058","deg","89851","µV","28.824","°C","1025.000","hPa","36.0","pmil","0","55.700","deg","20.000","°C","100.000","%a.s.","22.210","deg","20.000","°C","971.000","hPa","0.826","-0.01532","0.000401","-0.00012","0","11.08","Humid","30.45","0","49.40","252214.22","SABD0002000012","AAV2.0.0.13","4.0.0.2323","PSt7-10","171027-008","9/15/2022 2:43:31 PM","0000-00","0","no battery","V","","µV","","µV"
"11/15/2022","17:43:56","7","default","171425599","OXY_CH7","23.664","min","187.678","μmol/L","Humid","21.063","deg","89846","µV","28.830","°C","1025.000","hPa","36.0","pmil","0","55.700","deg","20.000","°C","100.000","%a.s.","22.210","deg","20.000","°C","971.000","hPa","0.826","-0.01532","0.000401","-0.00012","0","11.08","Humid","30.45","0","49.40","252206.89","SABD0002000012","AAV2.0.0.13","4.0.0.2323","PSt7-10","171027-008","9/15/2022 2:43:31 PM","0000-00","0","no battery","V","","µV","","µV"
"11/15/2022","17:43:57","7","default","171425599","OXY_CH7","23.681","min","187.762","μmol/L","Humid","21.058","deg","89848","µV","28.830","°C","1025.000","hPa","36.0","pmil","0","55.700","deg","20.000","°C","100.000","%a.s.","22.210","deg","20.000","°C","971.000","hPa","0.826","-0.01532","0.000401","-0.00012","0","11.08","Humid","30.45","0","49.40","252214.65","SABD0002000012","AAV2.0.0.13","4.0.0.2323","PSt7-10","171027-008","9/15/2022 2:43:31 PM","0000-00","0","no battery","V","","µV","","µV"
"11/15/2022","17:43:58","7","default","171425599","OXY_CH7","23.697","min","187.676","μmol/L","Humid","21.061","deg","89851","µV","28.836","°C","1025.000","hPa","36.0","pmil","0","55.700","deg","20.000","°C","100.000","%a.s.","22.210","deg","20.000","°C","971.000","hPa","0.826","-0.01532","0.000401","-0.00012","0","11.08","Humid","30.45","0","49.40","252221.10","SABD0002000012","AAV2.0.0.13","4.0.0.2323","PSt7-10","171027-008","9/15/2022 2:43:31 PM","0000-00","0","no battery","V","","µV","","µV"
"11/15/2022","17:43:59","7","default","171425599","OXY_CH7","23.714","min","187.864","μmol/L","Humid","21.054","deg","89847","µV","28.824","°C","1025.000","hPa","36.0","pmil","0","55.700","deg","20.000","°C","100.000","%a.s.","22.210","deg","20.000","°C","971.000","hPa","0.826","-0.01532","0.000401","-0.00012","0","11.08","Humid","30.45","0","49.40","252212.79","SABD0002000012","AAV2.0.0.13","4.0.0.2323","PSt7-10","171027-008","9/15/2022 2:43:31 PM","0000-00","0","no battery","V","","µV","","µV"
"11/15/2022","17:44:00","7","default","171425599","OXY_CH7","23.731","min","187.728","μmol/L","Humid","21.060","deg","89847","µV","28.830","°C","1025.000","hPa","36.0","pmil","0","55.700","deg","20.000","°C","100.000","%a.s.","22.210","deg","20.000","°C","971.000","hPa","0.826","-0.01532","0.000401","-0.00012","0","11.08","Humid","30.45","0","49.40","252213.84","SABD0002000012","AAV2.0.0.13","4.0.0.2323","PSt7-10","171027-008","9/15/2022 2:43:31 PM","0000-00","0","no battery","V","","µV","","µV"
"11/15/2022","17:44:01","7","default","171425599","OXY_CH7","23.748","min","187.730","μmol/L","Humid","21.062","deg","89850","µV","28.824","°C","1025.000","hPa","36.0","pmil","0","55.700","deg","20.000","°C","100.000","%a.s.","22.210","deg","20.000","°C","971.000","hPa","0.826","-0.01532","0.000401","-0.00012","0","11.08","Humid","30.45","0","49.40","252215.17","SABD0002000012","AAV2.0.0.13","4.0.0.2323","PSt7-10","171027-008","9/15/2022 2:43:31 PM","0000-00","0","no battery","V","","µV","","µV"
"11/15/2022","17:44:02","7","default","171425599","OXY_CH7","23.763","min","187.747","μmol/L","Humid","21.061","deg","89844","µV","28.824","°C","1025.000","hPa","36.0","pmil","0","55.700","deg","20.000","°C","100.000","%a.s.","22.210","deg","20.000","°C","971.000","hPa","0.826","-0.01532","0.000401","-0.00012","0","11.08","Humid","30.45","0","49.40","252208.96","SABD0002000012","AAV2.0.0.13","4.0.0.2323","PSt7-10","171027-008","9/15/2022 2:43:31 PM","0000-00","0","no battery","V","","µV","","µV"
"11/15/2022","17:44:03","7","default","171425599","OXY_CH7","23.780","min","187.712","μmol/L","Humid","21.061","deg","89843","µV","28.830","°C","1025.000","hPa","36.0","pmil","0","55.700","deg","20.000","°C","100.000","%a.s.","22.210","deg","20.000","°C","971.000","hPa","0.826","-0.01532","0.000401","-0.00012","0","11.08","Humid","30.45","0","49.40","252212.41","SABD0002000012","AAV2.0.0.13","4.0.0.2323","PSt7-10","171027-008","9/15/2022 2:43:31 PM","0000-00","0","no battery","V","","µV","","µV"
"11/15/2022","17:44:04","7","default","171425599","OXY_CH7","23.797","min","187.797","μmol/L","Humid","21.058","deg","89843","µV","28.824","°C","1025.000","hPa","36.0","pmil","0","55.700","deg","20.000","°C","100.000","%a.s.","22.210","deg","20.000","°C","971.000","hPa","0.826","-0.01532","0.000401","-0.00012","0","11.08","Humid","30.45","0","49.40","252212.95","SABD0002000012","AAV2.0.0.13","4.0.0.2323","PSt7-10","171027-008","9/15/2022 2:43:31 PM","0000-00","0","no battery","V","","µV","","µV"
"11/15/2022","17:44:05","7","default","171425599","OXY_CH7","23.814","min","187.747","μmol/L","Humid","21.061","deg","89851","µV","28.824","°C","1025.000","hPa","36.0","pmil","0","55.700","deg","20.000","°C","100.000","%a.s.","22.210","deg","20.000","°C","971.000","hPa","0.826","-0.01532","0.000401","-0.00012","0","11.08","Humid","30.45","0","49.40","252215.11","SABD0002000012","AAV2.0.0.13","4.0.0.2323","PSt7-10","171027-008","9/15/2022 2:43:31 PM","0000-00","0","no battery","V","","µV","","µV"
"11/15/2022","17:44:06","7","default","171425599","OXY_CH7","23.830","min","187.782","μmol/L","Humid","21.061","deg","89849","µV","28.817","°C","1025.000","hPa","36.0","pmil","0","55.700","deg","20.000","°C","100.000","%a.s.","22.210","deg","20.000","°C","971.000","hPa","0.826","-0.01532","0.000401","-0.00012","0","11.08","Humid","30.45","0","49.40","252208.71","SABD0002000012","AAV2.0.0.13","4.0.0.2323","PSt7-10","171027-008","9/15/2022 2:43:31 PM","0000-00","0","no battery","V","","µV","","µV"
"11/15/2022","17:44:07","7","default","171425599","OXY_CH7","23.847","min","187.747","μmol/L","Humid","21.061","deg","89859","µV","28.824","°C","1025.000","hPa","36.0","pmil","0","55.700","deg","20.000","°C","100.000","%a.s.","22.210","deg","20.000","°C","971.000","hPa","0.826","-0.01532","0.000401","-0.00012","0","11.08","Humid","30.45","0","49.40","252211.93","SABD0002000012","AAV2.0.0.13","4.0.0.2323","PSt7-10","171027-008","9/15/2022 2:43:31 PM","0000-00","0","no battery","V","","µV","","µV"
"11/15/2022","17:44:08","7","default","171425599","OXY_CH7","23.864","min","187.764","μmol/L","Humid","21.060","deg","89854","µV","28.824","°C","1025.000","hPa","36.0","pmil","0","55.700","deg","20.000","°C","100.000","%a.s.","22.210","deg","20.000","°C","971.000","hPa","0.826","-0.01532","0.000401","-0.00012","0","11.08","Humid","30.45","0","49.40","252213.05","SABD0002000012","AAV2.0.0.13","4.0.0.2323","PSt7-10","171027-008","9/15/2022 2:43:31 PM","0000-00","0","no battery","V","","µV","","µV"
"11/15/2022","17:44:09","7","default","171425599","OXY_CH7","23.881","min","187.716","μmol/L","Humid","21.065","deg","89854","µV","28.817","°C","1025.000","hPa","36.0","pmil","0","55.700","deg","20.000","°C","100.000","%a.s.","22.210","deg","20.000","°C","971.000","hPa","0.826","-0.01532","0.000401","-0.00012","0","11.08","Humid","30.45","0","49.40","252208.56","SABD0002000012","AAV2.0.0.13","4.0.0.2323","PSt7-10","171027-008","9/15/2022 2:43:31 PM","0000-00","0","no battery","V","","µV","","µV"
"11/15/2022","17:44:10","7","default","171425599","OXY_CH7","23.898","min","187.714","μmol/L","Humid","21.063","deg","89852","µV","28.824","°C","1025.000","hPa","36.0","pmil","0","55.700","deg","20.000","°C","100.000","%a.s.","22.210","deg","20.000","°C","971.000","hPa","0.826","-0.01532","0.000401","-0.00012","0","11.08","Humid","30.45","0","49.40","252192.95","SABD0002000012","AAV2.0.0.13","4.0.0.2323","PSt7-10","171027-008","9/15/2022 2:43:31 PM","0000-00","0","no battery","V","","µV","","µV"
"11/15/2022","17:44:11","7","default","171425599","OXY_CH7","23.914","min","187.780","μmol/L","Humid","21.059","deg","89852","µV","28.824","°C","1025.000","hPa","36.0","pmil","0","55.700","deg","20.000","°C","100.000","%a.s.","22.210","deg","20.000","°C","971.000","hPa","0.826","-0.01532","0.000401","-0.00012","0","11.08","Humid","30.45","0","49.40","252192.78","SABD0002000012","AAV2.0.0.13","4.0.0.2323","PSt7-10","171027-008","9/15/2022 2:43:31 PM","0000-00","0","no battery","V","","µV","","µV"
"11/15/2022","17:44:12","7","default","171425599","OXY_CH7","23.930","min","187.680","μmol/L","Humid","21.065","deg","89844","µV","28.824","°C","1025.000","hPa","36.0","pmil","0","55.700","deg","20.000","°C","100.000","%a.s.","22.210","deg","20.000","°C","971.000","hPa","0.826","-0.01532","0.000401","-0.00012","0","11.08","Humid","30.45","0","49.40","252213.03","SABD0002000012","AAV2.0.0.13","4.0.0.2323","PSt7-10","171027-008","9/15/2022 2:43:31 PM","0000-00","0","no battery","V","","µV","","µV"
"11/15/2022","17:44:13","7","default","171425599","OXY_CH7","23.947","min","187.766","μmol/L","Humid","21.062","deg","89849","µV","28.817","°C","1025.000","hPa","36.0","pmil","0","55.700","deg","20.000","°C","100.000","%a.s.","22.210","deg","20.000","°C","971.000","hPa","0.826","-0.01532","0.000401","-0.00012","0","11.08","Humid","30.45","0","49.40","252208.55","SABD0002000012","AAV2.0.0.13","4.0.0.2323","PSt7-10","171027-008","9/15/2022 2:43:31 PM","0000-00","0","no battery","V","","µV","","µV"
"11/15/2022","17:44:14","7","default","171425599","OXY_CH7","23.963","min","187.747","μmol/L","Humid","21.061","deg","89848","µV","28.824","°C","1025.000","hPa","36.0","pmil","0","55.700","deg","20.000","°C","100.000","%a.s.","22.210","deg","20.000","°C","971.000","hPa","0.826","-0.01532","0.000401","-0.00012","0","11.08","Humid","30.45","0","49.40","252187.45","SABD0002000012","AAV2.0.0.13","4.0.0.2323","PSt7-10","171027-008","9/15/2022 2:43:31 PM","0000-00","0","no battery","V","","µV","","µV"
"11/15/2022","17:44:15","7","default","171425599","OXY_CH7","23.980","min","187.680","μmol/L","Humid","21.065","deg","89851","µV","28.824","°C","1025.000","hPa","36.0","pmil","0","55.700","deg","20.000","°C","100.000","%a.s.","22.210","deg","20.000","°C","971.000","hPa","0.826","-0.01532","0.000401","-0.00012","0","11.08","Humid","30.45","0","49.40","252184.12","SABD0002000012","AAV2.0.0.13","4.0.0.2323","PSt7-10","171027-008","9/15/2022 2:43:31 PM","0000-00","0","no battery","V","","µV","","µV"
"11/15/2022","17:44:16","7","default","171425599","OXY_CH7","23.997","min","187.664","μmol/L","Humid","21.066","deg","89849","µV","28.824","°C","1025.000","hPa","36.0","pmil","0","55.700","deg","20.000","°C","100.000","%a.s.","22.210","deg","20.000","°C","971.000","hPa","0.826","-0.01532","0.000401","-0.00012","0","11.08","Humid","30.45","0","49.40","252201.69","SABD0002000012","AAV2.0.0.13","4.0.0.2323","PSt7-10","171027-008","9/15/2022 2:43:31 PM","0000-00","0","no battery","V","","µV","","µV"
"11/15/2022","17:44:17","7","default","171425599","OXY_CH7","24.014","min","187.630","μmol/L","Humid","21.068","deg","89851","µV","28.824","°C","1025.000","hPa","36.0","pmil","0","55.700","deg","20.000","°C","100.000","%a.s.","22.210","deg","20.000","°C","971.000","hPa","0.826","-0.01532","0.000401","-0.00012","0","11.08","Humid","30.45","0","49.40","252189.22","SABD0002000012","AAV2.0.0.13","4.0.0.2323","PSt7-10","171027-008","9/15/2022 2:43:31 PM","0000-00","0","no battery","V","","µV","","µV"
"11/15/2022","17:44:18","7","default","171425599","OXY_CH7","24.031","min","187.613","μmol/L","Humid","21.069","deg","89845","µV","28.824","°C","1025.000","hPa","36.0","pmil","0","55.700","deg","20.000","°C","100.000","%a.s.","22.210","deg","20.000","°C","971.000","hPa","0.826","-0.01532","0.000401","-0.00012","0","11.08","Humid","30.45","0","49.40","252189.22","SABD0002000012","AAV2.0.0.13","4.0.0.2323","PSt7-10","171027-008","9/15/2022 2:43:31 PM","0000-00","0","no battery","V","","µV","","µV"
"11/15/2022","17:44:19","7","default","171425599","OXY_CH7","24.047","min","187.595","μmol/L","Humid","21.068","deg","89852","µV","28.830","°C","1025.000","hPa","36.0","pmil","0","55.700","deg","20.000","°C","100.000","%a.s.","22.210","deg","20.000","°C","971.000","hPa","0.826","-0.01532","0.000401","-0.00012","0","11.08","Humid","30.45","0","49.40","252195.89","SABD0002000012","AAV2.0.0.13","4.0.0.2323","PSt7-10","171027-008","9/15/2022 2:43:31 PM","0000-00","0","no battery","V","","µV","","µV"
"11/15/2022","17:44:20","7","default","171425599","OXY_CH7","24.064","min","187.632","μmol/L","Humid","21.070","deg","89857","µV","28.817","°C","1025.000","hPa","36.0","pmil","0","55.700","deg","20.000","°C","100.000","%a.s.","22.210","deg","20.000","°C","971.000","hPa","0.826","-0.01532","0.000401","-0.00012","0","11.08","Humid","30.45","0","49.40","252191.15","SABD0002000012","AAV2.0.0.13","4.0.0.2323","PSt7-10","171027-008","9/15/2022 2:43:31 PM","0000-00","0","no battery","V","","µV","","µV"
"11/15/2022","17:44:21","7","default","171425599","OXY_CH7","24.080","min","187.595","μmol/L","Humid","21.068","deg","89853","µV","28.830","°C","1025.000","hPa","36.0","pmil","0","55.700","deg","20.000","°C","100.000","%a.s.","22.210","deg","20.000","°C","971.000","hPa","0.826","-0.01532","0.000401","-0.00012","0","11.08","Humid","30.45","0","49.40","252183.30","SABD0002000012","AAV2.0.0.13","4.0.0.2323","PSt7-10","171027-008","9/15/2022 2:43:31 PM","0000-00","0","no battery","V","","µV","","µV"
"11/15/2022","17:44:22","7","default","171425599","OXY_CH7","24.097","min","187.716","μmol/L","Humid","21.065","deg","89862","µV","28.817","°C","1025.000","hPa","36.0","pmil","0","55.700","deg","20.000","°C","100.000","%a.s.","22.210","deg","20.000","°C","971.000","hPa","0.826","-0.01532","0.000401","-0.00012","0","11.08","Humid","30.45","0","49.40","252189.46","SABD0002000012","AAV2.0.0.13","4.0.0.2323","PSt7-10","171027-008","9/15/2022 2:43:31 PM","0000-00","0","no battery","V","","µV","","µV"
"11/15/2022","17:44:23","7","default","171425599","OXY_CH7","24.114","min","187.611","μmol/L","Humid","21.067","deg","89850","µV","28.830","°C","1025.000","hPa","36.0","pmil","0","55.700","deg","20.000","°C","100.000","%a.s.","22.210","deg","20.000","°C","971.000","hPa","0.826","-0.01532","0.000401","-0.00012","0","11.08","Humid","30.45","0","49.40","252188.36","SABD0002000012","AAV2.0.0.13","4.0.0.2323","PSt7-10","171027-008","9/15/2022 2:43:31 PM","0000-00","0","no battery","V","","µV","","µV"
"11/15/2022","17:44:24","7","default","171425599","OXY_CH7","24.130","min","187.664","μmol/L","Humid","21.066","deg","89849","µV","28.824","°C","1025.000","hPa","36.0","pmil","0","55.700","deg","20.000","°C","100.000","%a.s.","22.210","deg","20.000","°C","971.000","hPa","0.826","-0.01532","0.000401","-0.00012","0","11.08","Humid","30.45","0","49.40","252186.13","SABD0002000012","AAV2.0.0.13","4.0.0.2323","PSt7-10","171027-008","9/15/2022 2:43:31 PM","0000-00","0","no battery","V","","µV","","µV"
"11/15/2022","17:44:25","7","default","171425599","OXY_CH7","24.147","min","187.716","μmol/L","Humid","21.065","deg","89856","µV","28.817","°C","1025.000","hPa","36.0","pmil","0","55.700","deg","20.000","°C","100.000","%a.s.","22.210","deg","20.000","°C","971.000","hPa","0.826","-0.01532","0.000401","-0.00012","0","11.08","Humid","30.45","0","49.40","252195.92","SABD0002000012","AAV2.0.0.13","4.0.0.2323","PSt7-10","171027-008","9/15/2022 2:43:31 PM","0000-00","0","no battery","V","","µV","","µV"
"11/15/2022","17:44:26","7","default","171425599","OXY_CH7","24.164","min","187.595","μmol/L","Humid","21.068","deg","89849","µV","28.830","°C","1025.000","hPa","36.0","pmil","0","55.700","deg","20.000","°C","100.000","%a.s.","22.210","deg","20.000","°C","971.000","hPa","0.826","-0.01532","0.000401","-0.00012","0","11.08","Humid","30.45","0","49.40","252181.03","SABD0002000012","AAV2.0.0.13","4.0.0.2323","PSt7-10","171027-008","9/15/2022 2:43:31 PM","0000-00","0","no battery","V","","µV","","µV"
"11/15/2022","17:44:27","7","default","171425599","OXY_CH7","24.181","min","187.647","μmol/L","Humid","21.067","deg","89852","µV","28.824","°C","1025.000","hPa","36.0","pmil","0","55.700","deg","20.000","°C","100.000","%a.s.","22.210","deg","20.000","°C","971.000","hPa","0.826","-0.01532","0.000401","-0.00012","0","11.08","Humid","30.45","0","49.40","252195.12","SABD0002000012","AAV2.0.0.13","4.0.0.2323","PSt7-10","171027-008","9/15/2022 2:43:31 PM","0000-00","0","no battery","V","","µV","","µV"
"11/15/2022","17:44:28","7","default","171425599","OXY_CH7","24.198","min","187.697","μmol/L","Humid","21.064","deg","89855","µV","28.824","°C","1025.000","hPa","36.0","pmil","0","55.700","deg","20.000","°C","100.000","%a.s.","22.210","deg","20.000","°C","971.000","hPa","0.826","-0.01532","0.000401","-0.00012","0","11.08","Humid","30.45","0","49.40","252184.29","SABD0002000012","AAV2.0.0.13","4.0.0.2323","PSt7-10","171027-008","9/15/2022 2:43:31 PM","0000-00","0","no battery","V","","µV","","µV"
"11/15/2022","17:44:29","7","default","171425599","OXY_CH7","24.214","min","187.699","μmol/L","Humid","21.066","deg","89850","µV","28.817","°C","1025.000","hPa","36.0","pmil","0","55.700","deg","20.000","°C","100.000","%a.s.","22.210","deg","20.000","°C","971.000","hPa","0.826","-0.01532","0.000401","-0.00012","0","11.08","Humid","30.45","0","49.40","252181.31","SABD0002000012","AAV2.0.0.13","4.0.0.2323","PSt7-10","171027-008","9/15/2022 2:43:31 PM","0000-00","0","no battery","V","","µV","","µV"
"11/15/2022","17:44:30","7","default","171425599","OXY_CH7","24.230","min","187.580","μmol/L","Humid","21.071","deg","89861","µV","28.824","°C","1025.000","hPa","36.0","pmil","0","55.700","deg","20.000","°C","100.000","%a.s.","22.210","deg","20.000","°C","971.000","hPa","0.826","-0.01532","0.000401","-0.00012","0","11.08","Humid","30.45","0","49.40","252178.32","SABD0002000012","AAV2.0.0.13","4.0.0.2323","PSt7-10","171027-008","9/15/2022 2:43:31 PM","0000-00","0","no battery","V","","µV","","µV"
"11/15/2022","17:44:31","7","default","171425599","OXY_CH7","24.247","min","187.649","μmol/L","Humid","21.069","deg","89855","µV","28.817","°C","1025.000","hPa","36.0","pmil","0","55.700","deg","20.000","°C","100.000","%a.s.","22.210","deg","20.000","°C","971.000","hPa","0.826","-0.01532","0.000401","-0.00012","0","11.08","Humid","30.45","0","49.40","252175.80","SABD0002000012","AAV2.0.0.13","4.0.0.2323","PSt7-10","171027-008","9/15/2022 2:43:31 PM","0000-00","0","no battery","V","","µV","","µV"
"11/15/2022","17:44:32","7","default","171425599","OXY_CH7","24.264","min","187.630","μmol/L","Humid","21.068","deg","89854","µV","28.824","°C","1025.000","hPa","36.0","pmil","0","55.700","deg","20.000","°C","100.000","%a.s.","22.210","deg","20.000","°C","971.000","hPa","0.826","-0.01532","0.000401","-0.00012","0","11.08","Humid","30.45","0","49.40","252163.69","SABD0002000012","AAV2.0.0.13","4.0.0.2323","PSt7-10","171027-008","9/15/2022 2:43:31 PM","0000-00","0","no battery","V","","µV","","µV"
"11/15/2022","17:44:33","7","default","171425599","OXY_CH7","24.281","min","187.649","μmol/L","Humid","21.069","deg","89854","µV","28.817","°C","1025.000","hPa","36.0","pmil","0","55.700","deg","20.000","°C","100.000","%a.s.","22.210","deg","20.000","°C","971.000","hPa","0.826","-0.01532","0.000401","-0.00012","0","11.08","Humid","30.45","0","49.40","252165.57","SABD0002000012","AAV2.0.0.13","4.0.0.2323","PSt7-10","171027-008","9/15/2022 2:43:31 PM","0000-00","0","no battery","V","","µV","","µV"
"11/15/2022","17:44:34","7","default","171425599","OXY_CH7","24.297","min","187.613","μmol/L","Humid","21.069","deg","89849","µV","28.824","°C","1025.000","hPa","36.0","pmil","0","55.700","deg","20.000","°C","100.000","%a.s.","22.210","deg","20.000","°C","971.000","hPa","0.826","-0.01532","0.000401","-0.00012","0","11.08","Humid","30.45","0","49.40","252161.11","SABD0002000012","AAV2.0.0.13","4.0.0.2323","PSt7-10","171027-008","9/15/2022 2:43:31 PM","0000-00","0","no battery","V","","µV","","µV"
"11/15/2022","17:44:35","7","default","171425599","OXY_CH7","24.314","min","187.699","μmol/L","Humid","21.066","deg","89853","µV","28.817","°C","1025.000","hPa","36.0","pmil","0","55.700","deg","20.000","°C","100.000","%a.s.","22.210","deg","20.000","°C","971.000","hPa","0.826","-0.01532","0.000401","-0.00012","0","11.08","Humid","30.45","0","49.40","252169.94","SABD0002000012","AAV2.0.0.13","4.0.0.2323","PSt7-10","171027-008","9/15/2022 2:43:31 PM","0000-00","0","no battery","V","","µV","","µV"
"11/15/2022","17:44:36","7","default","171425599","OXY_CH7","24.331","min","187.664","μmol/L","Humid","21.066","deg","89857","µV","28.824","°C","1025.000","hPa","36.0","pmil","0","55.700","deg","20.000","°C","100.000","%a.s.","22.210","deg","20.000","°C","971.000","hPa","0.826","-0.01532","0.000401","-0.00012","0","11.08","Humid","30.45","0","49.40","252166.64","SABD0002000012","AAV2.0.0.13","4.0.0.2323","PSt7-10","171027-008","9/15/2022 2:43:31 PM","0000-00","0","no battery","V","","µV","","µV"
"11/15/2022","17:44:37","7","default","171425599","OXY_CH7","24.347","min","187.666","μmol/L","Humid","21.068","deg","89845","µV","28.817","°C","1025.000","hPa","36.0","pmil","0","55.700","deg","20.000","°C","100.000","%a.s.","22.210","deg","20.000","°C","971.000","hPa","0.826","-0.01532","0.000401","-0.00012","0","11.08","Humid","30.45","0","49.40","252156.54","SABD0002000012","AAV2.0.0.13","4.0.0.2323","PSt7-10","171027-008","9/15/2022 2:43:31 PM","0000-00","0","no battery","V","","µV","","µV"
"11/15/2022","17:44:38","7","default","171425599","OXY_CH7","24.363","min","187.632","μmol/L","Humid","21.070","deg","89864","µV","28.817","°C","1025.000","hPa","36.0","pmil","0","55.700","deg","20.000","°C","100.000","%a.s.","22.210","deg","20.000","°C","971.000","hPa","0.826","-0.01532","0.000401","-0.00012","0","11.08","Humid","30.45","0","49.40","252173.88","SABD0002000012","AAV2.0.0.13","4.0.0.2323","PSt7-10","171027-008","9/15/2022 2:43:31 PM","0000-00","0","no battery","V","","µV","","µV"
"11/15/2022","17:44:39","7","default","171425599","OXY_CH7","24.380","min","187.616","μmol/L","Humid","21.071","deg","89853","µV","28.817","°C","1025.000","hPa","36.0","pmil","0","55.700","deg","20.000","°C","100.000","%a.s.","22.210","deg","20.000","°C","971.000","hPa","0.826","-0.01532","0.000401","-0.00012","0","11.08","Humid","30.45","0","49.40","252165.97","SABD0002000012","AAV2.0.0.13","4.0.0.2323","PSt7-10","171027-008","9/15/2022 2:43:31 PM","0000-00","0","no battery","V","","µV","","µV"
"11/15/2022","17:44:40","7","default","171425599","OXY_CH7","24.397","min","187.716","μmol/L","Humid","21.065","deg","89855","µV","28.817","°C","1025.000","hPa","36.0","pmil","0","55.700","deg","20.000","°C","100.000","%a.s.","22.210","deg","20.000","°C","971.000","hPa","0.826","-0.01532","0.000401","-0.00012","0","11.08","Humid","30.45","0","49.40","252163.38","SABD0002000012","AAV2.0.0.13","4.0.0.2323","PSt7-10","171027-008","9/15/2022 2:43:31 PM","0000-00","0","no battery","V","","µV","","µV"
"11/15/2022","17:44:41","7","default","171425599","OXY_CH7","24.414","min","187.682","μmol/L","Humid","21.067","deg","89850","µV","28.817","°C","1025.000","hPa","36.0","pmil","0","55.700","deg","20.000","°C","100.000","%a.s.","22.210","deg","20.000","°C","971.000","hPa","0.826","-0.01532","0.000401","-0.00012","0","11.08","Humid","30.45","0","49.40","252161.74","SABD0002000012","AAV2.0.0.13","4.0.0.2323","PSt7-10","171027-008","9/15/2022 2:43:31 PM","0000-00","0","no battery","V","","µV","","µV"
"11/15/2022","17:44:42","7","default","171425599","OXY_CH7","24.431","min","187.630","μmol/L","Humid","21.068","deg","89853","µV","28.824","°C","1025.000","hPa","36.0","pmil","0","55.700","deg","20.000","°C","100.000","%a.s.","22.210","deg","20.000","°C","971.000","hPa","0.826","-0.01532","0.000401","-0.00012","0","11.08","Humid","30.45","0","49.40","252152.31","SABD0002000012","AAV2.0.0.13","4.0.0.2323","PSt7-10","171027-008","9/15/2022 2:43:31 PM","0000-00","0","no battery","V","","µV","","µV"
"11/15/2022","17:44:43","7","default","171425599","OXY_CH7","24.447","min","187.566","μmol/L","Humid","21.074","deg","89856","µV","28.817","°C","1025.000","hPa","36.0","pmil","0","55.700","deg","20.000","°C","100.000","%a.s.","22.210","deg","20.000","°C","971.000","hPa","0.826","-0.01532","0.000401","-0.00012","0","11.08","Humid","30.45","0","49.40","252151.22","SABD0002000012","AAV2.0.0.13","4.0.0.2323","PSt7-10","171027-008","9/15/2022 2:43:31 PM","0000-00","0","no battery","V","","µV","","µV"
"11/15/2022","17:44:44","7","default","171425599","OXY_CH7","24.464","min","187.647","μmol/L","Humid","21.067","deg","89860","µV","28.824","°C","1025.000","hPa","36.0","pmil","0","55.700","deg","20.000","°C","100.000","%a.s.","22.210","deg","20.000","°C","971.000","hPa","0.826","-0.01532","0.000401","-0.00012","0","11.08","Humid","30.45","0","49.40","252161.36","SABD0002000012","AAV2.0.0.13","4.0.0.2323","PSt7-10","171027-008","9/15/2022 2:43:31 PM","0000-00","0","no battery","V","","µV","","µV"
"11/15/2022","17:44:45","7","default","171425599","OXY_CH7","24.481","min","187.632","μmol/L","Humid","21.070","deg","89857","µV","28.817","°C","1025.000","hPa","36.0","pmil","0","55.700","deg","20.000","°C","100.000","%a.s.","22.210","deg","20.000","°C","971.000","hPa","0.826","-0.01532","0.000401","-0.00012","0","11.08","Humid","30.45","0","49.40","252160.87","SABD0002000012","AAV2.0.0.13","4.0.0.2323","PSt7-10","171027-008","9/15/2022 2:43:31 PM","0000-00","0","no battery","V","","µV","","µV"
"11/15/2022","17:44:46","7","default","171425599","OXY_CH7","24.497","min","187.584","μmol/L","Humid","21.075","deg","89868","µV","28.811","°C","1025.000","hPa","36.0","pmil","0","55.700","deg","20.000","°C","100.000","%a.s.","22.210","deg","20.000","°C","971.000","hPa","0.826","-0.01532","0.000401","-0.00012","0","11.08","Humid","30.45","0","49.40","252166.21","SABD0002000012","AAV2.0.0.13","4.0.0.2323","PSt7-10","171027-008","9/15/2022 2:43:31 PM","0000-00","0","no battery","V","","µV","","µV"
"11/15/2022","17:44:47","7","default","171425599","OXY_CH7","24.513","min","187.616","μmol/L","Humid","21.071","deg","89862","µV","28.817","°C","1025.000","hPa","36.0","pmil","0","55.700","deg","20.000","°C","100.000","%a.s.","22.210","deg","20.000","°C","971.000","hPa","0.826","-0.01532","0.000401","-0.00012","0","11.08","Humid","30.45","0","49.40","252169.17","SABD0002000012","AAV2.0.0.13","4.0.0.2323","PSt7-10","171027-008","9/15/2022 2:43:31 PM","0000-00","0","no battery","V","","µV","","µV"
"11/15/2022","17:44:48","7","default","171425599","OXY_CH7","24.530","min","187.530","μmol/L","Humid","21.074","deg","89861","µV","28.824","°C","1025.000","hPa","36.0","pmil","0","55.700","deg","20.000","°C","100.000","%a.s.","22.210","deg","20.000","°C","971.000","hPa","0.826","-0.01532","0.000401","-0.00012","0","11.08","Humid","30.45","0","49.40","252172.74","SABD0002000012","AAV2.0.0.13","4.0.0.2323","PSt7-10","171027-008","9/15/2022 2:43:31 PM","0000-00","0","no battery","V","","µV","","µV"
"11/15/2022","17:44:49","7","default","171425599","OXY_CH7","24.547","min","187.649","μmol/L","Humid","21.069","deg","89858","µV","28.817","°C","1025.000","hPa","36.0","pmil","0","55.700","deg","20.000","°C","100.000","%a.s.","22.210","deg","20.000","°C","971.000","hPa","0.826","-0.01532","0.000401","-0.00012","0","11.08","Humid","30.45","0","49.40","252172.03","SABD0002000012","AAV2.0.0.13","4.0.0.2323","PSt7-10","171027-008","9/15/2022 2:43:31 PM","0000-00","0","no battery","V","","µV","","µV"
"11/15/2022","17:44:50","7","default","171425599","OXY_CH7","24.564","min","187.666","μmol/L","Humid","21.068","deg","89867","µV","28.817","°C","1025.000","hPa","36.0","pmil","0","55.700","deg","20.000","°C","100.000","%a.s.","22.210","deg","20.000","°C","971.000","hPa","0.826","-0.01532","0.000401","-0.00012","0","11.08","Humid","30.45","0","49.40","252164.17","SABD0002000012","AAV2.0.0.13","4.0.0.2323","PSt7-10","171027-008","9/15/2022 2:43:31 PM","0000-00","0","no battery","V","","µV","","µV"
"11/15/2022","17:44:51","7","default","171425599","OXY_CH7","24.581","min","187.599","μmol/L","Humid","21.072","deg","89862","µV","28.817","°C","1025.000","hPa","36.0","pmil","0","55.700","deg","20.000","°C","100.000","%a.s.","22.210","deg","20.000","°C","971.000","hPa","0.826","-0.01532","0.000401","-0.00012","0","11.08","Humid","30.45","0","49.40","252174.07","SABD0002000012","AAV2.0.0.13","4.0.0.2323","PSt7-10","171027-008","9/15/2022 2:43:31 PM","0000-00","0","no battery","V","","µV","","µV"
"11/15/2022","17:44:52","7","default","171425599","OXY_CH7","24.597","min","187.582","μmol/L","Humid","21.073","deg","89866","µV","28.817","°C","1025.000","hPa","36.0","pmil","0","55.700","deg","20.000","°C","100.000","%a.s.","22.210","deg","20.000","°C","971.000","hPa","0.826","-0.01532","0.000401","-0.00012","0","11.08","Humid","30.45","0","49.40","252156.80","SABD0002000012","AAV2.0.0.13","4.0.0.2323","PSt7-10","171027-008","9/15/2022 2:43:31 PM","0000-00","0","no battery","V","","µV","","µV"
"11/15/2022","17:44:53","7","default","171425599","OXY_CH7","24.614","min","187.599","μmol/L","Humid","21.072","deg","89863","µV","28.817","°C","1025.000","hPa","36.0","pmil","0","55.700","deg","20.000","°C","100.000","%a.s.","22.210","deg","20.000","°C","971.000","hPa","0.826","-0.01532","0.000401","-0.00012","0","11.08","Humid","30.45","0","49.40","252149.16","SABD0002000012","AAV2.0.0.13","4.0.0.2323","PSt7-10","171027-008","9/15/2022 2:43:31 PM","0000-00","0","no battery","V","","µV","","µV"
"11/15/2022","17:44:54","7","default","171425599","OXY_CH7","24.631","min","187.530","μmol/L","Humid","21.074","deg","89856","µV","28.824","°C","1025.000","hPa","36.0","pmil","0","55.700","deg","20.000","°C","100.000","%a.s.","22.210","deg","20.000","°C","971.000","hPa","0.826","-0.01532","0.000401","-0.00012","0","11.08","Humid","30.45","0","49.40","252157.12","SABD0002000012","AAV2.0.0.13","4.0.0.2323","PSt7-10","171027-008","9/15/2022 2:43:31 PM","0000-00","0","no battery","V","","µV","","µV"
"11/15/2022","17:44:55","7","default","171425599","OXY_CH7","24.647","min","187.601","μmol/L","Humid","21.074","deg","89860","µV","28.811","°C","1025.000","hPa","36.0","pmil","0","55.700","deg","20.000","°C","100.000","%a.s.","22.210","deg","20.000","°C","971.000","hPa","0.826","-0.01532","0.000401","-0.00012","0","11.08","Humid","30.45","0","49.40","252148.75","SABD0002000012","AAV2.0.0.13","4.0.0.2323","PSt7-10","171027-008","9/15/2022 2:43:31 PM","0000-00","0","no battery","V","","µV","","µV"
"11/15/2022","17:44:56","7","default","171425599","OXY_CH7","24.664","min","187.616","μmol/L","Humid","21.071","deg","89864","µV","28.817","°C","1025.000","hPa","36.0","pmil","0","55.700","deg","20.000","°C","100.000","%a.s.","22.210","deg","20.000","°C","971.000","hPa","0.826","-0.01532","0.000401","-0.00012","0","11.08","Humid","30.45","0","49.40","252166.74","SABD0002000012","AAV2.0.0.13","4.0.0.2323","PSt7-10","171027-008","9/15/2022 2:43:31 PM","0000-00","0","no battery","V","","µV","","µV"
"11/15/2022","17:44:57","7","default","171425599","OXY_CH7","24.680","min","187.547","μmol/L","Humid","21.073","deg","89861","µV","28.824","°C","1025.000","hPa","36.0","pmil","0","55.700","deg","20.000","°C","100.000","%a.s.","22.210","deg","20.000","°C","971.000","hPa","0.826","-0.01532","0.000401","-0.00012","0","11.08","Humid","30.45","0","49.40","252155.27","SABD0002000012","AAV2.0.0.13","4.0.0.2323","PSt7-10","171027-008","9/15/2022 2:43:31 PM","0000-00","0","no battery","V","","µV","","µV"
"11/15/2022","17:44:58","7","default","171425599","OXY_CH7","24.697","min","187.634","μmol/L","Humid","21.072","deg","89867","µV","28.811","°C","1025.000","hPa","36.0","pmil","0","55.700","deg","20.000","°C","100.000","%a.s.","22.210","deg","20.000","°C","971.000","hPa","0.826","-0.01532","0.000401","-0.00012","0","11.08","Humid","30.45","0","49.40","252142.69","SABD0002000012","AAV2.0.0.13","4.0.0.2323","PSt7-10","171027-008","9/15/2022 2:43:31 PM","0000-00","0","no battery","V","","µV","","µV"
"11/15/2022","17:44:59","7","default","171425599","OXY_CH7","24.714","min","187.530","μmol/L","Humid","21.074","deg","89868","µV","28.824","°C","1025.000","hPa","36.0","pmil","0","55.700","deg","20.000","°C","100.000","%a.s.","22.210","deg","20.000","°C","971.000","hPa","0.826","-0.01532","0.000401","-0.00012","0","11.08","Humid","30.45","0","49.40","252152.41","SABD0002000012","AAV2.0.0.13","4.0.0.2323","PSt7-10","171027-008","9/15/2022 2:43:31 PM","0000-00","0","no battery","V","","µV","","µV"
"11/15/2022","17:45:00","7","default","171425599","OXY_CH7","24.731","min","187.516","μmol/L","Humid","21.077","deg","89875","µV","28.817","°C","1025.000","hPa","36.0","pmil","0","55.700","deg","20.000","°C","100.000","%a.s.","22.210","deg","20.000","°C","971.000","hPa","0.826","-0.01532","0.000401","-0.00012","0","11.08","Humid","30.45","0","49.40","252155.63","SABD0002000012","AAV2.0.0.13","4.0.0.2323","PSt7-10","171027-008","9/15/2022 2:43:31 PM","0000-00","0","no battery","V","","µV","","µV"
"11/15/2022","17:45:01","7","default","171425599","OXY_CH7","24.747","min","187.549","μmol/L","Humid","21.075","deg","89869","µV","28.817","°C","1025.000","hPa","36.0","pmil","0","55.700","deg","20.000","°C","100.000","%a.s.","22.210","deg","20.000","°C","971.000","hPa","0.826","-0.01532","0.000401","-0.00012","0","11.08","Humid","30.45","0","49.40","252152.75","SABD0002000012","AAV2.0.0.13","4.0.0.2323","PSt7-10","171027-008","9/15/2022 2:43:31 PM","0000-00","0","no battery","V","","µV","","µV"
"11/15/2022","17:45:02","7","default","171425599","OXY_CH7","24.763","min","187.516","μmol/L","Humid","21.077","deg","89859","µV","28.817","°C","1025.000","hPa","36.0","pmil","0","55.700","deg","20.000","°C","100.000","%a.s.","22.210","deg","20.000","°C","971.000","hPa","0.826","-0.01532","0.000401","-0.00012","0","11.08","Humid","30.45","0","49.40","252146.80","SABD0002000012","AAV2.0.0.13","4.0.0.2323","PSt7-10","171027-008","9/15/2022 2:43:31 PM","0000-00","0","no battery","V","","µV","","µV"
"11/15/2022","17:45:03","7","default","171425599","OXY_CH7","24.780","min","187.566","μmol/L","Humid","21.074","deg","89866","µV","28.817","°C","1025.000","hPa","36.0","pmil","0","55.700","deg","20.000","°C","100.000","%a.s.","22.210","deg","20.000","°C","971.000","hPa","0.826","-0.01532","0.000401","-0.00012","0","11.08","Humid","30.45","0","49.40","252145.16","SABD0002000012","AAV2.0.0.13","4.0.0.2323","PSt7-10","171027-008","9/15/2022 2:43:31 PM","0000-00","0","no battery","V","","µV","","µV"
"11/15/2022","17:45:04","7","default","171425599","OXY_CH7","24.797","min","187.532","μmol/L","Humid","21.076","deg","89859","µV","28.817","°C","1025.000","hPa","36.0","pmil","0","55.700","deg","20.000","°C","100.000","%a.s.","22.210","deg","20.000","°C","971.000","hPa","0.826","-0.01532","0.000401","-0.00012","0","11.08","Humid","30.45","0","49.40","252147.17","SABD0002000012","AAV2.0.0.13","4.0.0.2323","PSt7-10","171027-008","9/15/2022 2:43:31 PM","0000-00","0","no battery","V","","µV","","µV"
"11/15/2022","17:45:05","7","default","171425599","OXY_CH7","24.814","min","187.549","μmol/L","Humid","21.075","deg","89875","µV","28.817","°C","1025.000","hPa","36.0","pmil","0","55.700","deg","20.000","°C","100.000","%a.s.","22.210","deg","20.000","°C","971.000","hPa","0.826","-0.01532","0.000401","-0.00012","0","11.08","Humid","30.45","0","49.40","252146.36","SABD0002000012","AAV2.0.0.13","4.0.0.2323","PSt7-10","171027-008","9/15/2022 2:43:31 PM","0000-00","0","no battery","V","","µV","","µV"
"11/15/2022","17:45:06","7","default","171425599","OXY_CH7","24.830","min","187.516","μmol/L","Humid","21.077","deg","89873","µV","28.817","°C","1025.000","hPa","36.0","pmil","0","55.700","deg","20.000","°C","100.000","%a.s.","22.210","deg","20.000","°C","971.000","hPa","0.826","-0.01532","0.000401","-0.00012","0","11.08","Humid","30.45","0","49.40","252135.90","SABD0002000012","AAV2.0.0.13","4.0.0.2323","PSt7-10","171027-008","9/15/2022 2:43:31 PM","0000-00","0","no battery","V","","µV","","µV"
"11/15/2022","17:45:07","7","default","171425599","OXY_CH7","24.847","min","187.551","μmol/L","Humid","21.077","deg","89870","µV","28.811","°C","1025.000","hPa","36.0","pmil","0","55.700","deg","20.000","°C","100.000","%a.s.","22.210","deg","20.000","°C","971.000","hPa","0.826","-0.01532","0.000401","-0.00012","0","11.08","Humid","30.45","0","49.40","252142.20","SABD0002000012","AAV2.0.0.13","4.0.0.2323","PSt7-10","171027-008","9/15/2022 2:43:31 PM","0000-00","0","no battery","V","","µV","","µV"
"11/15/2022","17:45:08","7","default","171425599","OXY_CH7","24.864","min","187.618","μmol/L","Humid","21.073","deg","89869","µV","28.811","°C","1025.000","hPa","36.0","pmil","0","55.700","deg","20.000","°C","100.000","%a.s.","22.210","deg","20.000","°C","971.000","hPa","0.826","-0.01532","0.000401","-0.00012","0","11.08","Humid","30.45","0","49.40","252146.81","SABD0002000012","AAV2.0.0.13","4.0.0.2323","PSt7-10","171027-008","9/15/2022 2:43:31 PM","0000-00","0","no battery","V","","µV","","µV"
"11/15/2022","17:45:09","7","default","171425599","OXY_CH7","24.881","min","187.601","μmol/L","Humid","21.074","deg","89866","µV","28.811","°C","1025.000","hPa","36.0","pmil","0","55.700","deg","20.000","°C","100.000","%a.s.","22.210","deg","20.000","°C","971.000","hPa","0.826","-0.01532","0.000401","-0.00012","0","11.08","Humid","30.45","0","49.40","252150.84","SABD0002000012","AAV2.0.0.13","4.0.0.2323","PSt7-10","171027-008","9/15/2022 2:43:31 PM","0000-00","0","no battery","V","","µV","","µV"
"11/15/2022","17:45:10","7","default","171425599","OXY_CH7","24.897","min","187.599","μmol/L","Humid","21.072","deg","89872","µV","28.817","°C","1025.000","hPa","36.0","pmil","0","55.700","deg","20.000","°C","100.000","%a.s.","22.210","deg","20.000","°C","971.000","hPa","0.826","-0.01532","0.000401","-0.00012","0","11.08","Humid","30.45","0","49.40","252150.11","SABD0002000012","AAV2.0.0.13","4.0.0.2323","PSt7-10","171027-008","9/15/2022 2:43:31 PM","0000-00","0","no battery","V","","µV","","µV"
"11/15/2022","17:45:11","7","default","171425599","OXY_CH7","24.914","min","187.549","μmol/L","Humid","21.075","deg","89880","µV","28.817","°C","1025.000","hPa","36.0","pmil","0","55.700","deg","20.000","°C","100.000","%a.s.","22.210","deg","20.000","°C","971.000","hPa","0.826","-0.01532","0.000401","-0.00012","0","11.08","Humid","30.45","0","49.40","252155.01","SABD0002000012","AAV2.0.0.13","4.0.0.2323","PSt7-10","171027-008","9/15/2022 2:43:31 PM","0000-00","0","no battery","V","","µV","","µV"
"11/15/2022","17:45:12","7","default","171425599","OXY_CH7","24.930","min","187.534","μmol/L","Humid","21.078","deg","89874","µV","28.811","°C","1025.000","hPa","36.0","pmil","0","55.700","deg","20.000","°C","100.000","%a.s.","22.210","deg","20.000","°C","971.000","hPa","0.826","-0.01532","0.000401","-0.00012","0","11.08","Humid","30.45","0","49.40","252140.66","SABD0002000012","AAV2.0.0.13","4.0.0.2323","PSt7-10","171027-008","9/15/2022 2:43:31 PM","0000-00","0","no battery","V","","µV","","µV"
"11/15/2022","17:45:13","7","default","171425599","OXY_CH7","24.947","min","187.499","μmol/L","Humid","21.078","deg","89872","µV","28.817","°C","1025.000","hPa","36.0","pmil","0","55.700","deg","20.000","°C","100.000","%a.s.","22.210","deg","20.000","°C","971.000","hPa","0.826","-0.01532","0.000401","-0.00012","0","11.08","Humid","30.45","0","49.40","252141.77","SABD0002000012","AAV2.0.0.13","4.0.0.2323","PSt7-10","171027-008","9/15/2022 2:43:31 PM","0000-00","0","no battery","V","","µV","","µV"
"11/15/2022","17:45:14","7","default","171425599","OXY_CH7","24.964","min","187.549","μmol/L","Humid","21.075","deg","89868","µV","28.817","°C","1025.000","hPa","36.0","pmil","0","55.700","deg","20.000","°C","100.000","%a.s.","22.210","deg","20.000","°C","971.000","hPa","0.826","-0.01532","0.000401","-0.00012","0","11.08","Humid","30.45","0","49.40","252133.50","SABD0002000012","AAV2.0.0.13","4.0.0.2323","PSt7-10","171027-008","9/15/2022 2:43:31 PM","0000-00","0","no battery","V","","µV","","µV"
"11/15/2022","17:45:15","7","default","171425599","OXY_CH7","24.981","min","187.482","μmol/L","Humid","21.079","deg","89871","µV","28.817","°C","1025.000","hPa","36.0","pmil","0","55.700","deg","20.000","°C","100.000","%a.s.","22.210","deg","20.000","°C","971.000","hPa","0.826","-0.01532","0.000401","-0.00012","0","11.08","Humid","30.45","0","49.40","252130.86","SABD0002000012","AAV2.0.0.13","4.0.0.2323","PSt7-10","171027-008","9/15/2022 2:43:31 PM","0000-00","0","no battery","V","","µV","","µV"
"11/15/2022","17:45:16","7","default","171425599","OXY_CH7","24.997","min","187.516","μmol/L","Humid","21.077","deg","89868","µV","28.817","°C","1025.000","hPa","36.0","pmil","0","55.700","deg","20.000","°C","100.000","%a.s.","22.210","deg","20.000","°C","971.000","hPa","0.826","-0.01532","0.000401","-0.00012","0","11.08","Humid","30.45","0","49.40","252133.63","SABD0002000012","AAV2.0.0.13","4.0.0.2323","PSt7-10","171027-008","9/15/2022 2:43:31 PM","0000-00","0","no battery","V","","µV","","µV"
"11/15/2022","17:45:17","7","default","171425599","OXY_CH7","25.014","min","187.549","μmol/L","Humid","21.075","deg","89873","µV","28.817","°C","1025.000","hPa","36.0","pmil","0","55.700","deg","20.000","°C","100.000","%a.s.","22.210","deg","20.000","°C","971.000","hPa","0.826","-0.01532","0.000401","-0.00012","0","11.08","Humid","30.45","0","49.40","252143.08","SABD0002000012","AAV2.0.0.13","4.0.0.2323","PSt7-10","171027-008","9/15/2022 2:43:31 PM","0000-00","0","no battery","V","","µV","","µV"
"11/15/2022","17:45:18","7","default","171425599","OXY_CH7","25.030","min","187.499","μmol/L","Humid","21.078","deg","89869","µV","28.817","°C","1025.000","hPa","36.0","pmil","0","55.700","deg","20.000","°C","100.000","%a.s.","22.210","deg","20.000","°C","971.000","hPa","0.826","-0.01532","0.000401","-0.00012","0","11.08","Humid","30.45","0","49.40","252137.88","SABD0002000012","AAV2.0.0.13","4.0.0.2323","PSt7-10","171027-008","9/15/2022 2:43:31 PM","0000-00","0","no battery","V","","µV","","µV"
"11/15/2022","17:45:19","7","default","171425599","OXY_CH7","25.047","min","187.518","μmol/L","Humid","21.079","deg","89878","µV","28.811","°C","1025.000","hPa","36.0","pmil","0","55.700","deg","20.000","°C","100.000","%a.s.","22.210","deg","20.000","°C","971.000","hPa","0.826","-0.01532","0.000401","-0.00012","0","11.08","Humid","30.45","0","49.40","252135.01","SABD0002000012","AAV2.0.0.13","4.0.0.2323","PSt7-10","171027-008","9/15/2022 2:43:31 PM","0000-00","0","no battery","V","","µV","","µV"
"11/15/2022","17:45:20","7","default","171425599","OXY_CH7","25.064","min","187.430","μmol/L","Humid","21.080","deg","89877","µV","28.824","°C","1025.000","hPa","36.0","pmil","0","55.700","deg","20.000","°C","100.000","%a.s.","22.210","deg","20.000","°C","971.000","hPa","0.826","-0.01532","0.000401","-0.00012","0","11.08","Humid","30.45","0","49.40","252139.31","SABD0002000012","AAV2.0.0.13","4.0.0.2323","PSt7-10","171027-008","9/15/2022 2:43:31 PM","0000-00","0","no battery","V","","µV","","µV"
"11/15/2022","17:45:21","7","default","171425599","OXY_CH7","25.080","min","187.566","μmol/L","Humid","21.074","deg","89874","µV","28.817","°C","1025.000","hPa","36.0","pmil","0","55.700","deg","20.000","°C","100.000","%a.s.","22.210","deg","20.000","°C","971.000","hPa","0.826","-0.01532","0.000401","-0.00012","0","11.08","Humid","30.45","0","49.40","252125.49","SABD0002000012","AAV2.0.0.13","4.0.0.2323","PSt7-10","171027-008","9/15/2022 2:43:31 PM","0000-00","0","no battery","V","","µV","","µV"
"11/15/2022","17:45:22","7","default","171425599","OXY_CH7","25.097","min","187.516","μmol/L","Humid","21.077","deg","89877","µV","28.817","°C","1025.000","hPa","36.0","pmil","0","55.700","deg","20.000","°C","100.000","%a.s.","22.210","deg","20.000","°C","971.000","hPa","0.826","-0.01532","0.000401","-0.00012","0","11.08","Humid","30.45","0","49.40","252140.13","SABD0002000012","AAV2.0.0.13","4.0.0.2323","PSt7-10","171027-008","9/15/2022 2:43:31 PM","0000-00","0","no battery","V","","µV","","µV"
"11/15/2022","17:45:23","7","default","171425599","OXY_CH7","25.114","min","187.516","μmol/L","Humid","21.077","deg","89878","µV","28.817","°C","1025.000","hPa","36.0","pmil","0","55.700","deg","20.000","°C","100.000","%a.s.","22.210","deg","20.000","°C","971.000","hPa","0.826","-0.01532","0.000401","-0.00012","0","11.08","Humid","30.45","0","49.40","252138.60","SABD0002000012","AAV2.0.0.13","4.0.0.2323","PSt7-10","171027-008","9/15/2022 2:43:31 PM","0000-00","0","no battery","V","","µV","","µV"
"11/15/2022","17:45:24","7","default","171425599","OXY_CH7","25.131","min","187.482","μmol/L","Humid","21.079","deg","89873","µV","28.817","°C","1025.000","hPa","36.0","pmil","0","55.700","deg","20.000","°C","100.000","%a.s.","22.210","deg","20.000","°C","971.000","hPa","0.826","-0.01532","0.000401","-0.00012","0","11.08","Humid","30.45","0","49.40","252141.02","SABD0002000012","AAV2.0.0.13","4.0.0.2323","PSt7-10","171027-008","9/15/2022 2:43:31 PM","0000-00","0","no battery","V","","µV","","µV"
"11/15/2022","17:45:25","7","default","171425599","OXY_CH7","25.148","min","187.532","μmol/L","Humid","21.076","deg","89882","µV","28.817","°C","1025.000","hPa","36.0","pmil","0","55.700","deg","20.000","°C","100.000","%a.s.","22.210","deg","20.000","°C","971.000","hPa","0.826","-0.01532","0.000401","-0.00012","0","11.08","Humid","30.45","0","49.40","252121.47","SABD0002000012","AAV2.0.0.13","4.0.0.2323","PSt7-10","171027-008","9/15/2022 2:43:31 PM","0000-00","0","no battery","V","","µV","","µV"
"11/15/2022","17:45:26","7","default","171425599","OXY_CH7","25.164","min","187.449","μmol/L","Humid","21.081","deg","89885","µV","28.817","°C","1025.000","hPa","36.0","pmil","0","55.700","deg","20.000","°C","100.000","%a.s.","22.210","deg","20.000","°C","971.000","hPa","0.826","-0.01532","0.000401","-0.00012","0","11.08","Humid","30.45","0","49.40","252136.79","SABD0002000012","AAV2.0.0.13","4.0.0.2323","PSt7-10","171027-008","9/15/2022 2:43:31 PM","0000-00","0","no battery","V","","µV","","µV"
"11/15/2022","17:45:27","7","default","171425599","OXY_CH7","25.180","min","187.551","μmol/L","Humid","21.077","deg","89885","µV","28.811","°C","1025.000","hPa","36.0","pmil","0","55.700","deg","20.000","°C","100.000","%a.s.","22.210","deg","20.000","°C","971.000","hPa","0.826","-0.01532","0.000401","-0.00012","0","11.08","Humid","30.45","0","49.40","252140.60","SABD0002000012","AAV2.0.0.13","4.0.0.2323","PSt7-10","171027-008","9/15/2022 2:43:31 PM","0000-00","0","no battery","V","","µV","","µV"
"11/15/2022","17:45:28","7","default","171425599","OXY_CH7","25.197","min","187.468","μmol/L","Humid","21.082","deg","89875","µV","28.811","°C","1025.000","hPa","36.0","pmil","0","55.700","deg","20.000","°C","100.000","%a.s.","22.210","deg","20.000","°C","971.000","hPa","0.826","-0.01532","0.000401","-0.00012","0","11.08","Humid","30.45","0","49.40","252140.56","SABD0002000012","AAV2.0.0.13","4.0.0.2323","PSt7-10","171027-008","9/15/2022 2:43:31 PM","0000-00","0","no battery","V","","µV","","µV"
"11/15/2022","17:45:29","7","default","171425599","OXY_CH7","25.214","min","187.536","μmol/L","Humid","21.080","deg","89887","µV","28.805","°C","1025.000","hPa","36.0","pmil","0","55.700","deg","20.000","°C","100.000","%a.s.","22.210","deg","20.000","°C","971.000","hPa","0.826","-0.01532","0.000401","-0.00012","0","11.08","Humid","30.45","0","49.40","252138.62","SABD0002000012","AAV2.0.0.13","4.0.0.2323","PSt7-10","171027-008","9/15/2022 2:43:31 PM","0000-00","0","no battery","V","","µV","","µV"
"11/15/2022","17:45:30","7","default","171425599","OXY_CH7","25.231","min","187.538","μmol/L","Humid","21.082","deg","89879","µV","28.799","°C","1025.000","hPa","36.0","pmil","0","55.700","deg","20.000","°C","100.000","%a.s.","22.210","deg","20.000","°C","971.000","hPa","0.826","-0.01532","0.000401","-0.00012","0","11.08","Humid","30.45","0","49.40","252128.22","SABD0002000012","AAV2.0.0.13","4.0.0.2323","PSt7-10","171027-008","9/15/2022 2:43:31 PM","0000-00","0","no battery","V","","µV","","µV"
"11/15/2022","17:45:31","7","default","171425599","OXY_CH7","25.247","min","187.536","μmol/L","Humid","21.080","deg","89874","µV","28.805","°C","1025.000","hPa","36.0","pmil","0","55.700","deg","20.000","°C","100.000","%a.s.","22.210","deg","20.000","°C","971.000","hPa","0.826","-0.01532","0.000401","-0.00012","0","11.08","Humid","30.45","0","49.40","252131.39","SABD0002000012","AAV2.0.0.13","4.0.0.2323","PSt7-10","171027-008","9/15/2022 2:43:31 PM","0000-00","0","no battery","V","","µV","","µV"
"11/15/2022","17:45:32","7","default","171425599","OXY_CH7","25.264","min","187.484","μmol/L","Humid","21.081","deg","89883","µV","28.811","°C","1025.000","hPa","36.0","pmil","0","55.700","deg","20.000","°C","100.000","%a.s.","22.210","deg","20.000","°C","971.000","hPa","0.826","-0.01532","0.000401","-0.00012","0","11.08","Humid","30.45","0","49.40","252123.15","SABD0002000012","AAV2.0.0.13","4.0.0.2323","PSt7-10","171027-008","9/15/2022 2:43:31 PM","0000-00","0","no battery","V","","µV","","µV"
"11/15/2022","17:45:33","7","default","171425599","OXY_CH7","25.281","min","187.399","μmol/L","Humid","21.084","deg","89882","µV","28.817","°C","1025.000","hPa","36.0","pmil","0","55.700","deg","20.000","°C","100.000","%a.s.","22.210","deg","20.000","°C","971.000","hPa","0.826","-0.01532","0.000401","-0.00012","0","11.08","Humid","30.45","0","49.40","252136.73","SABD0002000012","AAV2.0.0.13","4.0.0.2323","PSt7-10","171027-008","9/15/2022 2:43:31 PM","0000-00","0","no battery","V","","µV","","µV"
"11/15/2022","17:45:34","7","default","171425599","OXY_CH7","25.297","min","187.468","μmol/L","Humid","21.082","deg","89885","µV","28.811","°C","1025.000","hPa","36.0","pmil","0","55.700","deg","20.000","°C","100.000","%a.s.","22.210","deg","20.000","°C","971.000","hPa","0.826","-0.01532","0.000401","-0.00012","0","11.08","Humid","30.45","0","49.40","252132.35","SABD0002000012","AAV2.0.0.13","4.0.0.2323","PSt7-10","171027-008","9/15/2022 2:43:31 PM","0000-00","0","no battery","V","","µV","","µV"
"11/15/2022","17:45:35","7","default","171425599","OXY_CH7","25.313","min","187.482","μmol/L","Humid","21.079","deg","89885","µV","28.817","°C","1025.000","hPa","36.0","pmil","0","55.700","deg","20.000","°C","100.000","%a.s.","22.210","deg","20.000","°C","971.000","hPa","0.826","-0.01532","0.000401","-0.00012","0","11.08","Humid","30.45","0","49.40","252125.42","SABD0002000012","AAV2.0.0.13","4.0.0.2323","PSt7-10","171027-008","9/15/2022 2:43:31 PM","0000-00","0","no battery","V","","µV","","µV"
"11/15/2022","17:45:36","7","default","171425599","OXY_CH7","25.330","min","187.434","μmol/L","Humid","21.084","deg","89879","µV","28.811","°C","1025.000","hPa","36.0","pmil","0","55.700","deg","20.000","°C","100.000","%a.s.","22.210","deg","20.000","°C","971.000","hPa","0.826","-0.01532","0.000401","-0.00012","0","11.08","Humid","30.45","0","49.40","252124.94","SABD0002000012","AAV2.0.0.13","4.0.0.2323","PSt7-10","171027-008","9/15/2022 2:43:31 PM","0000-00","0","no battery","V","","µV","","µV"
"11/15/2022","17:45:37","7","default","171425599","OXY_CH7","25.347","min","187.486","μmol/L","Humid","21.083","deg","89886","µV","28.805","°C","1025.000","hPa","36.0","pmil","0","55.700","deg","20.000","°C","100.000","%a.s.","22.210","deg","20.000","°C","971.000","hPa","0.826","-0.01532","0.000401","-0.00012","0","11.08","Humid","30.45","0","49.40","252136.10","SABD0002000012","AAV2.0.0.13","4.0.0.2323","PSt7-10","171027-008","9/15/2022 2:43:31 PM","0000-00","0","no battery","V","","µV","","µV"
"11/15/2022","17:45:38","7","default","171425599","OXY_CH7","25.364","min","187.468","μmol/L","Humid","21.082","deg","89885","µV","28.811","°C","1025.000","hPa","36.0","pmil","0","55.700","deg","20.000","°C","100.000","%a.s.","22.210","deg","20.000","°C","971.000","hPa","0.826","-0.01532","0.000401","-0.00012","0","11.08","Humid","30.45","0","49.40","252127.65","SABD0002000012","AAV2.0.0.13","4.0.0.2323","PSt7-10","171027-008","9/15/2022 2:43:31 PM","0000-00","0","no battery","V","","µV","","µV"
"11/15/2022","17:45:39","7","default","171425599","OXY_CH7","25.381","min","187.501","μmol/L","Humid","21.080","deg","89889","µV","28.811","°C","1025.000","hPa","36.0","pmil","0","55.700","deg","20.000","°C","100.000","%a.s.","22.210","deg","20.000","°C","971.000","hPa","0.826","-0.01532","0.000401","-0.00012","0","11.08","Humid","30.45","0","49.40","252137.19","SABD0002000012","AAV2.0.0.13","4.0.0.2323","PSt7-10","171027-008","9/15/2022 2:43:31 PM","0000-00","0","no battery","V","","µV","","µV"
"11/15/2022","17:45:40","7","default","171425599","OXY_CH7","25.397","min","187.466","μmol/L","Humid","21.080","deg","89882","µV","28.817","°C","1025.000","hPa","36.0","pmil","0","55.700","deg","20.000","°C","100.000","%a.s.","22.210","deg","20.000","°C","971.000","hPa","0.826","-0.01532","0.000401","-0.00012","0","11.08","Humid","30.45","0","49.40","252119.66","SABD0002000012","AAV2.0.0.13","4.0.0.2323","PSt7-10","171027-008","9/15/2022 2:43:31 PM","0000-00","0","no battery","V","","µV","","µV"
"11/15/2022","17:45:41","7","default","171425599","OXY_CH7","25.414","min","187.432","μmol/L","Humid","21.082","deg","89886","µV","28.817","°C","1025.000","hPa","36.0","pmil","0","55.700","deg","20.000","°C","100.000","%a.s.","22.210","deg","20.000","°C","971.000","hPa","0.826","-0.01532","0.000401","-0.00012","0","11.08","Humid","30.45","0","49.40","252122.27","SABD0002000012","AAV2.0.0.13","4.0.0.2323","PSt7-10","171027-008","9/15/2022 2:43:31 PM","0000-00","0","no battery","V","","µV","","µV"
"11/15/2022","17:45:42","7","default","171425599","OXY_CH7","25.430","min","187.432","μmol/L","Humid","21.082","deg","89887","µV","28.817","°C","1025.000","hPa","36.0","pmil","0","55.700","deg","20.000","°C","100.000","%a.s.","22.210","deg","20.000","°C","971.000","hPa","0.826","-0.01532","0.000401","-0.00012","0","11.08","Humid","30.45","0","49.40","252125.77","SABD0002000012","AAV2.0.0.13","4.0.0.2323","PSt7-10","171027-008","9/15/2022 2:43:31 PM","0000-00","0","no battery","V","","µV","","µV"
"11/15/2022","17:45:43","7","default","171425599","OXY_CH7","25.447","min","187.449","μmol/L","Humid","21.081","deg","89889","µV","28.817","°C","1025.000","hPa","36.0","pmil","0","55.700","deg","20.000","°C","100.000","%a.s.","22.210","deg","20.000","°C","971.000","hPa","0.826","-0.01532","0.000401","-0.00012","0","11.08","Humid","30.45","0","49.40","252111.40","SABD0002000012","AAV2.0.0.13","4.0.0.2323","PSt7-10","171027-008","9/15/2022 2:43:31 PM","0000-00","0","no battery","V","","µV","","µV"
"11/15/2022","17:45:44","7","default","171425599","OXY_CH7","25.464","min","187.484","μmol/L","Humid","21.081","deg","89894","µV","28.811","°C","1025.000","hPa","36.0","pmil","0","55.700","deg","20.000","°C","100.000","%a.s.","22.210","deg","20.000","°C","971.000","hPa","0.826","-0.01532","0.000401","-0.00012","0","11.08","Humid","30.45","0","49.40","252110.93","SABD0002000012","AAV2.0.0.13","4.0.0.2323","PSt7-10","171027-008","9/15/2022 2:43:31 PM","0000-00","0","no battery","V","","µV","","µV"
"11/15/2022","17:45:45","7","default","171425599","OXY_CH7","25.480","min","187.484","μmol/L","Humid","21.081","deg","89889","µV","28.811","°C","1025.000","hPa","36.0","pmil","0","55.700","deg","20.000","°C","100.000","%a.s.","22.210","deg","20.000","°C","971.000","hPa","0.826","-0.01532","0.000401","-0.00012","0","11.08","Humid","30.45","0","49.40","252104.81","SABD0002000012","AAV2.0.0.13","4.0.0.2323","PSt7-10","171027-008","9/15/2022 2:43:31 PM","0000-00","0","no battery","V","","µV","","µV"
"11/15/2022","17:45:46","7","default","171425599","OXY_CH7","25.497","min","187.418","μmol/L","Humid","21.085","deg","89891","µV","28.811","°C","1025.000","hPa","36.0","pmil","0","55.700","deg","20.000","°C","100.000","%a.s.","22.210","deg","20.000","°C","971.000","hPa","0.826","-0.01532","0.000401","-0.00012","0","11.08","Humid","30.45","0","49.40","252110.53","SABD0002000012","AAV2.0.0.13","4.0.0.2323","PSt7-10","171027-008","9/15/2022 2:43:31 PM","0000-00","0","no battery","V","","µV","","µV"
"11/15/2022","17:45:47","7","default","171425599","OXY_CH7","25.514","min","187.420","μmol/L","Humid","21.087","deg","89891","µV","28.805","°C","1025.000","hPa","36.0","pmil","0","55.700","deg","20.000","°C","100.000","%a.s.","22.210","deg","20.000","°C","971.000","hPa","0.826","-0.01532","0.000401","-0.00012","0","11.08","Humid","30.45","0","49.40","252119.75","SABD0002000012","AAV2.0.0.13","4.0.0.2323","PSt7-10","171027-008","9/15/2022 2:43:31 PM","0000-00","0","no battery","V","","µV","","µV"
"11/15/2022","17:45:48","7","default","171425599","OXY_CH7","25.531","min","187.503","μmol/L","Humid","21.082","deg","89887","µV","28.805","°C","1025.000","hPa","36.0","pmil","0","55.700","deg","20.000","°C","100.000","%a.s.","22.210","deg","20.000","°C","971.000","hPa","0.826","-0.01532","0.000401","-0.00012","0","11.08","Humid","30.45","0","49.40","252106.44","SABD0002000012","AAV2.0.0.13","4.0.0.2323","PSt7-10","171027-008","9/15/2022 2:43:31 PM","0000-00","0","no battery","V","","µV","","µV"
"11/15/2022","17:45:49","7","default","171425599","OXY_CH7","25.547","min","187.418","μmol/L","Humid","21.085","deg","89894","µV","28.811","°C","1025.000","hPa","36.0","pmil","0","55.700","deg","20.000","°C","100.000","%a.s.","22.210","deg","20.000","°C","971.000","hPa","0.826","-0.01532","0.000401","-0.00012","0","11.08","Humid","30.45","0","49.40","252093.26","SABD0002000012","AAV2.0.0.13","4.0.0.2323","PSt7-10","171027-008","9/15/2022 2:43:31 PM","0000-00","0","no battery","V","","µV","","µV"
"11/15/2022","17:45:50","7","default","171425599","OXY_CH7","25.564","min","187.401","μmol/L","Humid","21.086","deg","89891","µV","28.811","°C","1025.000","hPa","36.0","pmil","0","55.700","deg","20.000","°C","100.000","%a.s.","22.210","deg","20.000","°C","971.000","hPa","0.826","-0.01532","0.000401","-0.00012","0","11.08","Humid","30.45","0","49.40","252087.37","SABD0002000012","AAV2.0.0.13","4.0.0.2323","PSt7-10","171027-008","9/15/2022 2:43:31 PM","0000-00","0","no battery","V","","µV","","µV"
"11/15/2022","17:45:51","7","default","171425599","OXY_CH7","25.580","min","187.401","μmol/L","Humid","21.086","deg","89888","µV","28.811","°C","1025.000","hPa","36.0","pmil","0","55.700","deg","20.000","°C","100.000","%a.s.","22.210","deg","20.000","°C","971.000","hPa","0.826","-0.01532","0.000401","-0.00012","0","11.08","Humid","30.45","0","49.40","252088.74","SABD0002000012","AAV2.0.0.13","4.0.0.2323","PSt7-10","171027-008","9/15/2022 2:43:31 PM","0000-00","0","no battery","V","","µV","","µV"
"11/15/2022","17:45:52","7","default","171425599","OXY_CH7","25.597","min","187.418","μmol/L","Humid","21.085","deg","89887","µV","28.811","°C","1025.000","hPa","36.0","pmil","0","55.700","deg","20.000","°C","100.000","%a.s.","22.210","deg","20.000","°C","971.000","hPa","0.826","-0.01532","0.000401","-0.00012","0","11.08","Humid","30.45","0","49.40","252089.84","SABD0002000012","AAV2.0.0.13","4.0.0.2323","PSt7-10","171027-008","9/15/2022 2:43:31 PM","0000-00","0","no battery","V","","µV","","µV"
"11/15/2022","17:45:53","7","default","171425599","OXY_CH7","25.614","min","187.418","μmol/L","Humid","21.085","deg","89893","µV","28.811","°C","1025.000","hPa","36.0","pmil","0","55.700","deg","20.000","°C","100.000","%a.s.","22.210","deg","20.000","°C","971.000","hPa","0.826","-0.01532","0.000401","-0.00012","0","11.08","Humid","30.45","0","49.40","252102.42","SABD0002000012","AAV2.0.0.13","4.0.0.2323","PSt7-10","171027-008","9/15/2022 2:43:31 PM","0000-00","0","no battery","V","","µV","","µV"
"11/15/2022","17:45:54","7","default","171425599","OXY_CH7","25.631","min","187.366","μmol/L","Humid","21.086","deg","89894","µV","28.817","°C","1025.000","hPa","36.0","pmil","0","55.700","deg","20.000","°C","100.000","%a.s.","22.210","deg","20.000","°C","971.000","hPa","0.826","-0.01532","0.000401","-0.00012","0","11.08","Humid","30.45","0","49.40","252099.22","SABD0002000012","AAV2.0.0.13","4.0.0.2323","PSt7-10","171027-008","9/15/2022 2:43:31 PM","0000-00","0","no battery","V","","µV","","µV"
"11/15/2022","17:45:55","7","default","171425599","OXY_CH7","25.647","min","187.470","μmol/L","Humid","21.084","deg","89900","µV","28.805","°C","1025.000","hPa","36.0","pmil","0","55.700","deg","20.000","°C","100.000","%a.s.","22.210","deg","20.000","°C","971.000","hPa","0.826","-0.01532","0.000401","-0.00012","0","11.08","Humid","30.45","0","49.40","252105.12","SABD0002000012","AAV2.0.0.13","4.0.0.2323","PSt7-10","171027-008","9/15/2022 2:43:31 PM","0000-00","0","no battery","V","","µV","","µV"
"11/15/2022","17:45:56","7","default","171425599","OXY_CH7","25.664","min","187.434","μmol/L","Humid","21.084","deg","89895","µV","28.811","°C","1025.000","hPa","36.0","pmil","0","55.700","deg","20.000","°C","100.000","%a.s.","22.210","deg","20.000","°C","971.000","hPa","0.826","-0.01532","0.000401","-0.00012","0","11.08","Humid","30.45","0","49.40","252120.83","SABD0002000012","AAV2.0.0.13","4.0.0.2323","PSt7-10","171027-008","9/15/2022 2:43:31 PM","0000-00","0","no battery","V","","µV","","µV"
"11/15/2022","17:45:57","7","default","171425599","OXY_CH7","25.681","min","187.403","μmol/L","Humid","21.088","deg","89889","µV","28.805","°C","1025.000","hPa","36.0","pmil","0","55.700","deg","20.000","°C","100.000","%a.s.","22.210","deg","20.000","°C","971.000","hPa","0.826","-0.01532","0.000401","-0.00012","0","11.08","Humid","30.45","0","49.40","252098.82","SABD0002000012","AAV2.0.0.13","4.0.0.2323","PSt7-10","171027-008","9/15/2022 2:43:31 PM","0000-00","0","no battery","V","","µV","","µV"
"11/15/2022","17:45:58","7","default","171425599","OXY_CH7","25.697","min","187.401","μmol/L","Humid","21.086","deg","89898","µV","28.811","°C","1025.000","hPa","36.0","pmil","0","55.700","deg","20.000","°C","100.000","%a.s.","22.210","deg","20.000","°C","971.000","hPa","0.826","-0.01532","0.000401","-0.00012","0","11.08","Humid","30.45","0","49.40","252107.02","SABD0002000012","AAV2.0.0.13","4.0.0.2323","PSt7-10","171027-008","9/15/2022 2:43:31 PM","0000-00","0","no battery","V","","µV","","µV"
"11/15/2022","17:45:59","7","default","171425599","OXY_CH7","25.713","min","187.418","μmol/L","Humid","21.085","deg","89902","µV","28.811","°C","1025.000","hPa","36.0","pmil","0","55.700","deg","20.000","°C","100.000","%a.s.","22.210","deg","20.000","°C","971.000","hPa","0.826","-0.01532","0.000401","-0.00012","0","11.08","Humid","30.45","0","49.40","252103.03","SABD0002000012","AAV2.0.0.13","4.0.0.2323","PSt7-10","171027-008","9/15/2022 2:43:31 PM","0000-00","0","no battery","V","","µV","","µV"
"11/15/2022","17:46:00","7","default","171425599","OXY_CH7","25.730","min","187.420","μmol/L","Humid","21.087","deg","89897","µV","28.805","°C","1025.000","hPa","36.0","pmil","0","55.700","deg","20.000","°C","100.000","%a.s.","22.210","deg","20.000","°C","971.000","hPa","0.826","-0.01532","0.000401","-0.00012","0","11.08","Humid","30.45","0","49.40","252106.42","SABD0002000012","AAV2.0.0.13","4.0.0.2323","PSt7-10","171027-008","9/15/2022 2:43:31 PM","0000-00","0","no battery","V","","µV","","µV"
"11/15/2022","17:46:01","7","default","171425599","OXY_CH7","25.747","min","187.418","μmol/L","Humid","21.085","deg","89903","µV","28.811","°C","1025.000","hPa","36.0","pmil","0","55.700","deg","20.000","°C","100.000","%a.s.","22.210","deg","20.000","°C","971.000","hPa","0.826","-0.01532","0.000401","-0.00012","0","11.08","Humid","30.45","0","49.40","252102.12","SABD0002000012","AAV2.0.0.13","4.0.0.2323","PSt7-10","171027-008","9/15/2022 2:43:31 PM","0000-00","0","no battery","V","","µV","","µV"
"11/15/2022","17:46:02","7","default","171425599","OXY_CH7","25.764","min","187.422","μmol/L","Humid","21.089","deg","89903","µV","28.799","°C","1025.000","hPa","36.0","pmil","0","55.700","deg","20.000","°C","100.000","%a.s.","22.210","deg","20.000","°C","971.000","hPa","0.826","-0.01532","0.000401","-0.00012","0","11.08","Humid","30.45","0","49.40","252096.94","SABD0002000012","AAV2.0.0.13","4.0.0.2323","PSt7-10","171027-008","9/15/2022 2:43:31 PM","0000-00","0","no battery","V","","µV","","µV"
"11/15/2022","17:46:03","7","default","171425599","OXY_CH7","25.780","min","187.470","μmol/L","Humid","21.084","deg","89899","µV","28.805","°C","1025.000","hPa","36.0","pmil","0","55.700","deg","20.000","°C","100.000","%a.s.","22.210","deg","20.000","°C","971.000","hPa","0.826","-0.01532","0.000401","-0.00012","0","11.08","Humid","30.45","0","49.40","252100.39","SABD0002000012","AAV2.0.0.13","4.0.0.2323","PSt7-10","171027-008","9/15/2022 2:43:31 PM","0000-00","0","no battery","V","","µV","","µV"
"11/15/2022","17:46:04","7","default","171425599","OXY_CH7","25.797","min","187.353","μmol/L","Humid","21.091","deg","89899","µV","28.805","°C","1025.000","hPa","36.0","pmil","0","55.700","deg","20.000","°C","100.000","%a.s.","22.210","deg","20.000","°C","971.000","hPa","0.826","-0.01532","0.000401","-0.00012","0","11.08","Humid","30.45","0","49.40","252095.29","SABD0002000012","AAV2.0.0.13","4.0.0.2323","PSt7-10","171027-008","9/15/2022 2:43:31 PM","0000-00","0","no battery","V","","µV","","µV"
"11/15/2022","17:46:05","7","default","171425599","OXY_CH7","25.814","min","187.301","μmol/L","Humid","21.092","deg","89904","µV","28.811","°C","1025.000","hPa","36.0","pmil","0","55.700","deg","20.000","°C","100.000","%a.s.","22.210","deg","20.000","°C","971.000","hPa","0.826","-0.01532","0.000401","-0.00012","0","11.08","Humid","30.45","0","49.40","252089.79","SABD0002000012","AAV2.0.0.13","4.0.0.2323","PSt7-10","171027-008","9/15/2022 2:43:31 PM","0000-00","0","no battery","V","","µV","","µV"
"11/15/2022","17:46:06","7","default","171425599","OXY_CH7","25.831","min","187.420","μmol/L","Humid","21.087","deg","89896","µV","28.805","°C","1025.000","hPa","36.0","pmil","0","55.700","deg","20.000","°C","100.000","%a.s.","22.210","deg","20.000","°C","971.000","hPa","0.826","-0.01532","0.000401","-0.00012","0","11.08","Humid","30.45","0","49.40","252089.66","SABD0002000012","AAV2.0.0.13","4.0.0.2323","PSt7-10","171027-008","9/15/2022 2:43:31 PM","0000-00","0","no battery","V","","µV","","µV"
"11/15/2022","17:46:07","7","default","171425599","OXY_CH7","25.847","min","187.386","μmol/L","Humid","21.089","deg","89904","µV","28.805","°C","1025.000","hPa","36.0","pmil","0","55.700","deg","20.000","°C","100.000","%a.s.","22.210","deg","20.000","°C","971.000","hPa","0.826","-0.01532","0.000401","-0.00012","0","11.08","Humid","30.45","0","49.40","252088.02","SABD0002000012","AAV2.0.0.13","4.0.0.2323","PSt7-10","171027-008","9/15/2022 2:43:31 PM","0000-00","0","no battery","V","","µV","","µV"
"11/15/2022","17:46:08","7","default","171425599","OXY_CH7","25.863","min","187.420","μmol/L","Humid","21.087","deg","89907","µV","28.805","°C","1025.000","hPa","36.0","pmil","0","55.700","deg","20.000","°C","100.000","%a.s.","22.210","deg","20.000","°C","971.000","hPa","0.826","-0.01532","0.000401","-0.00012","0","11.08","Humid","30.45","0","49.40","252080.92","SABD0002000012","AAV2.0.0.13","4.0.0.2323","PSt7-10","171027-008","9/15/2022 2:43:31 PM","0000-00","0","no battery","V","","µV","","µV"
"11/15/2022","17:46:09","7","default","171425599","OXY_CH7","25.880","min","187.351","μmol/L","Humid","21.089","deg","89903","µV","28.811","°C","1025.000","hPa","36.0","pmil","0","55.700","deg","20.000","°C","100.000","%a.s.","22.210","deg","20.000","°C","971.000","hPa","0.826","-0.01532","0.000401","-0.00012","0","11.08","Humid","30.45","0","49.40","252082.23","SABD0002000012","AAV2.0.0.13","4.0.0.2323","PSt7-10","171027-008","9/15/2022 2:43:31 PM","0000-00","0","no battery","V","","µV","","µV"
"11/15/2022","17:46:10","7","default","171425599","OXY_CH7","25.897","min","187.384","μmol/L","Humid","21.087","deg","89899","µV","28.811","°C","1025.000","hPa","36.0","pmil","0","55.700","deg","20.000","°C","100.000","%a.s.","22.210","deg","20.000","°C","971.000","hPa","0.826","-0.01532","0.000401","-0.00012","0","11.08","Humid","30.45","0","49.40","252088.82","SABD0002000012","AAV2.0.0.13","4.0.0.2323","PSt7-10","171027-008","9/15/2022 2:43:31 PM","0000-00","0","no battery","V","","µV","","µV"
"11/15/2022","17:46:11","7","default","171425599","OXY_CH7","25.914","min","187.418","μmol/L","Humid","21.085","deg","89904","µV","28.811","°C","1025.000","hPa","36.0","pmil","0","55.700","deg","20.000","°C","100.000","%a.s.","22.210","deg","20.000","°C","971.000","hPa","0.826","-0.01532","0.000401","-0.00012","0","11.08","Humid","30.45","0","49.40","252092.04","SABD0002000012","AAV2.0.0.13","4.0.0.2323","PSt7-10","171027-008","9/15/2022 2:43:31 PM","0000-00","0","no battery","V","","µV","","µV"
"11/15/2022","17:46:12","7","default","171425599","OXY_CH7","25.931","min","187.268","μmol/L","Humid","21.094","deg","89912","µV","28.811","°C","1025.000","hPa","36.0","pmil","0","55.700","deg","20.000","°C","100.000","%a.s.","22.210","deg","20.000","°C","971.000","hPa","0.826","-0.01532","0.000401","-0.00012","0","11.08","Humid","30.45","0","49.40","252081.13","SABD0002000012","AAV2.0.0.13","4.0.0.2323","PSt7-10","171027-008","9/15/2022 2:43:31 PM","0000-00","0","no battery","V","","µV","","µV"
"11/15/2022","17:46:13","7","default","171425599","OXY_CH7","25.947","min","187.436","μmol/L","Humid","21.086","deg","89907","µV","28.805","°C","1025.000","hPa","36.0","pmil","0","55.700","deg","20.000","°C","100.000","%a.s.","22.210","deg","20.000","°C","971.000","hPa","0.826","-0.01532","0.000401","-0.00012","0","11.08","Humid","30.45","0","49.40","252075.36","SABD0002000012","AAV2.0.0.13","4.0.0.2323","PSt7-10","171027-008","9/15/2022 2:43:31 PM","0000-00","0","no battery","V","","µV","","µV"
"11/15/2022","17:46:14","7","default","171425599","OXY_CH7","25.964","min","187.386","μmol/L","Humid","21.089","deg","89914","µV","28.805","°C","1025.000","hPa","36.0","pmil","0","55.700","deg","20.000","°C","100.000","%a.s.","22.210","deg","20.000","°C","971.000","hPa","0.826","-0.01532","0.000401","-0.00012","0","11.08","Humid","30.45","0","49.40","252081.69","SABD0002000012","AAV2.0.0.13","4.0.0.2323","PSt7-10","171027-008","9/15/2022 2:43:31 PM","0000-00","0","no battery","V","","µV","","µV"
"11/15/2022","17:46:15","7","default","171425599","OXY_CH7","25.981","min","187.434","μmol/L","Humid","21.084","deg","89912","µV","28.811","°C","1025.000","hPa","36.0","pmil","0","55.700","deg","20.000","°C","100.000","%a.s.","22.210","deg","20.000","°C","971.000","hPa","0.826","-0.01532","0.000401","-0.00012","0","11.08","Humid","30.45","0","49.40","252077.54","SABD0002000012","AAV2.0.0.13","4.0.0.2323","PSt7-10","171027-008","9/15/2022 2:43:31 PM","0000-00","0","no battery","V","","µV","","µV"
"11/15/2022","17:46:16","7","default","171425599","OXY_CH7","25.997","min","187.351","μmol/L","Humid","21.089","deg","89920","µV","28.811","°C","1025.000","hPa","36.0","pmil","0","55.700","deg","20.000","°C","100.000","%a.s.","22.210","deg","20.000","°C","971.000","hPa","0.826","-0.01532","0.000401","-0.00012","0","11.08","Humid","30.45","0","49.40","252084.62","SABD0002000012","AAV2.0.0.13","4.0.0.2323","PSt7-10","171027-008","9/15/2022 2:43:31 PM","0000-00","0","no battery","V","","µV","","µV"
"11/15/2022","17:46:17","7","default","171425599","OXY_CH7","26.014","min","187.370","μmol/L","Humid","21.090","deg","89911","µV","28.805","°C","1025.000","hPa","36.0","pmil","0","55.700","deg","20.000","°C","100.000","%a.s.","22.210","deg","20.000","°C","971.000","hPa","0.826","-0.01532","0.000401","-0.00012","0","11.08","Humid","30.45","0","49.40","252071.91","SABD0002000012","AAV2.0.0.13","4.0.0.2323","PSt7-10","171027-008","9/15/2022 2:43:31 PM","0000-00","0","no battery","V","","µV","","µV"
"11/15/2022","17:46:18","7","default","171425599","OXY_CH7","26.030","min","187.318","μmol/L","Humid","21.091","deg","89903","µV","28.811","°C","1025.000","hPa","36.0","pmil","0","55.700","deg","20.000","°C","100.000","%a.s.","22.210","deg","20.000","°C","971.000","hPa","0.826","-0.01532","0.000401","-0.00012","0","11.08","Humid","30.45","0","49.40","252073.06","SABD0002000012","AAV2.0.0.13","4.0.0.2323","PSt7-10","171027-008","9/15/2022 2:43:31 PM","0000-00","0","no battery","V","","µV","","µV"
"11/15/2022","17:46:19","7","default","171425599","OXY_CH7","26.047","min","187.320","μmol/L","Humid","21.093","deg","89906","µV","28.805","°C","1025.000","hPa","36.0","pmil","0","55.700","deg","20.000","°C","100.000","%a.s.","22.210","deg","20.000","°C","971.000","hPa","0.826","-0.01532","0.000401","-0.00012","0","11.08","Humid","30.45","0","49.40","252068.91","SABD0002000012","AAV2.0.0.13","4.0.0.2323","PSt7-10","171027-008","9/15/2022 2:43:31 PM","0000-00","0","no battery","V","","µV","","µV"
"11/15/2022","17:46:20","7","default","171425599","OXY_CH7","26.064","min","187.282","μmol/L","Humid","21.091","deg","89911","µV","28.817","°C","1025.000","hPa","36.0","pmil","0","55.700","deg","20.000","°C","100.000","%a.s.","22.210","deg","20.000","°C","971.000","hPa","0.826","-0.01532","0.000401","-0.00012","0","11.08","Humid","30.45","0","49.40","252067.84","SABD0002000012","AAV2.0.0.13","4.0.0.2323","PSt7-10","171027-008","9/15/2022 2:43:31 PM","0000-00","0","no battery","V","","µV","","µV"
"11/15/2022","17:46:21","7","default","171425599","OXY_CH7","26.081","min","187.388","μmol/L","Humid","21.091","deg","89915","µV","28.799","°C","1025.000","hPa","36.0","pmil","0","55.700","deg","20.000","°C","100.000","%a.s.","22.210","deg","20.000","°C","971.000","hPa","0.826","-0.01532","0.000401","-0.00012","0","11.08","Humid","30.45","0","49.40","252078.84","SABD0002000012","AAV2.0.0.13","4.0.0.2323","PSt7-10","171027-008","9/15/2022 2:43:31 PM","0000-00","0","no battery","V","","µV","","µV"
"11/15/2022","17:46:22","7","default","171425599","OXY_CH7","26.097","min","187.301","μmol/L","Humid","21.092","deg","89913","µV","28.811","°C","1025.000","hPa","36.0","pmil","0","55.700","deg","20.000","°C","100.000","%a.s.","22.210","deg","20.000","°C","971.000","hPa","0.826","-0.01532","0.000401","-0.00012","0","11.08","Humid","30.45","0","49.40","252070.50","SABD0002000012","AAV2.0.0.13","4.0.0.2323","PSt7-10","171027-008","9/15/2022 2:43:31 PM","0000-00","0","no battery","V","","µV","","µV"
"11/15/2022","17:46:23","7","default","171425599","OXY_CH7","26.114","min","187.320","μmol/L","Humid","21.093","deg","89917","µV","28.805","°C","1025.000","hPa","36.0","pmil","0","55.700","deg","20.000","°C","100.000","%a.s.","22.210","deg","20.000","°C","971.000","hPa","0.826","-0.01532","0.000401","-0.00012","0","11.08","Humid","30.45","0","49.40","252073.50","SABD0002000012","AAV2.0.0.13","4.0.0.2323","PSt7-10","171027-008","9/15/2022 2:43:31 PM","0000-00","0","no battery","V","","µV","","µV"
"11/15/2022","17:46:24","7","default","171425599","OXY_CH7","26.131","min","187.401","μmol/L","Humid","21.086","deg","89913","µV","28.811","°C","1025.000","hPa","36.0","pmil","0","55.700","deg","20.000","°C","100.000","%a.s.","22.210","deg","20.000","°C","971.000","hPa","0.826","-0.01532","0.000401","-0.00012","0","11.08","Humid","30.45","0","49.40","252090.32","SABD0002000012","AAV2.0.0.13","4.0.0.2323","PSt7-10","171027-008","9/15/2022 2:43:31 PM","0000-00","0","no battery","V","","µV","","µV"
"11/15/2022","17:46:25","7","default","171425599","OXY_CH7","26.147","min","187.336","μmol/L","Humid","21.092","deg","89910","µV","28.805","°C","1025.000","hPa","36.0","pmil","0","55.700","deg","20.000","°C","100.000","%a.s.","22.210","deg","20.000","°C","971.000","hPa","0.826","-0.01532","0.000401","-0.00012","0","11.08","Humid","30.45","0","49.40","252067.84","SABD0002000012","AAV2.0.0.13","4.0.0.2323","PSt7-10","171027-008","9/15/2022 2:43:31 PM","0000-00","0","no battery","V","","µV","","µV"
"11/15/2022","17:46:26","7","default","171425599","OXY_CH7","26.163","min","187.436","μmol/L","Humid","21.086","deg","89917","µV","28.805","°C","1025.000","hPa","36.0","pmil","0","55.700","deg","20.000","°C","100.000","%a.s.","22.210","deg","20.000","°C","971.000","hPa","0.826","-0.01532","0.000401","-0.00012","0","11.08","Humid","30.45","0","49.40","252067.15","SABD0002000012","AAV2.0.0.13","4.0.0.2323","PSt7-10","171027-008","9/15/2022 2:43:31 PM","0000-00","0","no battery","V","","µV","","µV"
"11/15/2022","17:46:27","7","default","171425599","OXY_CH7","26.180","min","187.268","μmol/L","Humid","21.094","deg","89922","µV","28.811","°C","1025.000","hPa","36.0","pmil","0","55.700","deg","20.000","°C","100.000","%a.s.","22.210","deg","20.000","°C","971.000","hPa","0.826","-0.01532","0.000401","-0.00012","0","11.08","Humid","30.45","0","49.40","252078.69","SABD0002000012","AAV2.0.0.13","4.0.0.2323","PSt7-10","171027-008","9/15/2022 2:43:31 PM","0000-00","0","no battery","V","","µV","","µV"
"11/15/2022","17:46:28","7","default","171425599","OXY_CH7","26.197","min","187.372","μmol/L","Humid","21.092","deg","89922","µV","28.799","°C","1025.000","hPa","36.0","pmil","0","55.700","deg","20.000","°C","100.000","%a.s.","22.210","deg","20.000","°C","971.000","hPa","0.826","-0.01532","0.000401","-0.00012","0","11.08","Humid","30.45","0","49.40","252089.35","SABD0002000012","AAV2.0.0.13","4.0.0.2323","PSt7-10","171027-008","9/15/2022 2:43:31 PM","0000-00","0","no battery","V","","µV","","µV"
"11/15/2022","17:46:29","7","default","171425599","OXY_CH7","26.214","min","187.370","μmol/L","Humid","21.090","deg","89921","µV","28.805","°C","1025.000","hPa","36.0","pmil","0","55.700","deg","20.000","°C","100.000","%a.s.","22.210","deg","20.000","°C","971.000","hPa","0.826","-0.01532","0.000401","-0.00012","0","11.08","Humid","30.45","0","49.40","252076.07","SABD0002000012","AAV2.0.0.13","4.0.0.2323","PSt7-10","171027-008","9/15/2022 2:43:31 PM","0000-00","0","no battery","V","","µV","","µV"
"11/15/2022","17:46:30","7","default","171425599","OXY_CH7","26.231","min","187.372","μmol/L","Humid","21.092","deg","89925","µV","28.799","°C","1025.000","hPa","36.0","pmil","0","55.700","deg","20.000","°C","100.000","%a.s.","22.210","deg","20.000","°C","971.000","hPa","0.826","-0.01532","0.000401","-0.00012","0","11.08","Humid","30.45","0","49.40","252074.40","SABD0002000012","AAV2.0.0.13","4.0.0.2323","PSt7-10","171027-008","9/15/2022 2:43:31 PM","0000-00","0","no battery","V","","µV","","µV"
"11/15/2022","17:46:31","7","default","171425599","OXY_CH7","26.247","min","187.320","μmol/L","Humid","21.093","deg","89924","µV","28.805","°C","1025.000","hPa","36.0","pmil","0","55.700","deg","20.000","°C","100.000","%a.s.","22.210","deg","20.000","°C","971.000","hPa","0.826","-0.01532","0.000401","-0.00012","0","11.08","Humid","30.45","0","49.40","252068.94","SABD0002000012","AAV2.0.0.13","4.0.0.2323","PSt7-10","171027-008","9/15/2022 2:43:31 PM","0000-00","0","no battery","V","","µV","","µV"
"11/15/2022","17:46:32","7","default","171425599","OXY_CH7","26.264","min","187.284","μmol/L","Humid","21.093","deg","89919","µV","28.811","°C","1025.000","hPa","36.0","pmil","0","55.700","deg","20.000","°C","100.000","%a.s.","22.210","deg","20.000","°C","971.000","hPa","0.826","-0.01532","0.000401","-0.00012","0","11.08","Humid","30.45","0","49.40","252068.44","SABD0002000012","AAV2.0.0.13","4.0.0.2323","PSt7-10","171027-008","9/15/2022 2:43:31 PM","0000-00","0","no battery","V","","µV","","µV"
"11/15/2022","17:46:33","7","default","171425599","OXY_CH7","26.281","min","187.320","μmol/L","Humid","21.093","deg","89922","µV","28.805","°C","1025.000","hPa","36.0","pmil","0","55.700","deg","20.000","°C","100.000","%a.s.","22.210","deg","20.000","°C","971.000","hPa","0.826","-0.01532","0.000401","-0.00012","0","11.08","Humid","30.45","0","49.40","252068.74","SABD0002000012","AAV2.0.0.13","4.0.0.2323","PSt7-10","171027-008","9/15/2022 2:43:31 PM","0000-00","0","no battery","V","","µV","","µV"
"11/15/2022","17:46:34","7","default","171425599","OXY_CH7","26.297","min","187.353","μmol/L","Humid","21.091","deg","89920","µV","28.805","°C","1025.000","hPa","36.0","pmil","0","55.700","deg","20.000","°C","100.000","%a.s.","22.210","deg","20.000","°C","971.000","hPa","0.826","-0.01532","0.000401","-0.00012","0","11.08","Humid","30.45","0","49.40","252056.33","SABD0002000012","AAV2.0.0.13","4.0.0.2323","PSt7-10","171027-008","9/15/2022 2:43:31 PM","0000-00","0","no battery","V","","µV","","µV"
"11/15/2022","17:46:35","7","default","171425599","OXY_CH7","26.313","min","187.270","μmol/L","Humid","21.096","deg","89918","µV","28.805","°C","1025.000","hPa","36.0","pmil","0","55.700","deg","20.000","°C","100.000","%a.s.","22.210","deg","20.000","°C","971.000","hPa","0.826","-0.01532","0.000401","-0.00012","0","11.08","Humid","30.45","0","49.40","252062.53","SABD0002000012","AAV2.0.0.13","4.0.0.2323","PSt7-10","171027-008","9/15/2022 2:43:31 PM","0000-00","0","no battery","V","","µV","","µV"
"11/15/2022","17:46:36","7","default","171425599","OXY_CH7","26.330","min","187.270","μmol/L","Humid","21.096","deg","89928","µV","28.805","°C","1025.000","hPa","36.0","pmil","0","55.700","deg","20.000","°C","100.000","%a.s.","22.210","deg","20.000","°C","971.000","hPa","0.826","-0.01532","0.000401","-0.00012","0","11.08","Humid","30.45","0","49.40","252052.40","SABD0002000012","AAV2.0.0.13","4.0.0.2323","PSt7-10","171027-008","9/15/2022 2:43:31 PM","0000-00","0","no battery","V","","µV","","µV"
"11/15/2022","17:46:37","7","default","171425599","OXY_CH7","26.347","min","187.303","μmol/L","Humid","21.094","deg","89926","µV","28.805","°C","1025.000","hPa","36.0","pmil","0","55.700","deg","20.000","°C","100.000","%a.s.","22.210","deg","20.000","°C","971.000","hPa","0.826","-0.01532","0.000401","-0.00012","0","11.08","Humid","30.45","0","49.40","252063.37","SABD0002000012","AAV2.0.0.13","4.0.0.2323","PSt7-10","171027-008","9/15/2022 2:43:31 PM","0000-00","0","no battery","V","","µV","","µV"
"11/15/2022","17:46:38","7","default","171425599","OXY_CH7","26.364","min","187.251","μmol/L","Humid","21.095","deg","89923","µV","28.811","°C","1025.000","hPa","36.0","pmil","0","55.700","deg","20.000","°C","100.000","%a.s.","22.210","deg","20.000","°C","971.000","hPa","0.826","-0.01532","0.000401","-0.00012","0","11.08","Humid","30.45","0","49.40","252062.86","SABD0002000012","AAV2.0.0.13","4.0.0.2323","PSt7-10","171027-008","9/15/2022 2:43:31 PM","0000-00","0","no battery","V","","µV","","µV"
"11/15/2022","17:46:39","7","default","171425599","OXY_CH7","26.381","min","187.253","μmol/L","Humid","21.097","deg","89920","µV","28.805","°C","1025.000","hPa","36.0","pmil","0","55.700","deg","20.000","°C","100.000","%a.s.","22.210","deg","20.000","°C","971.000","hPa","0.826","-0.01532","0.000401","-0.00012","0","11.08","Humid","30.45","0","49.40","252052.02","SABD0002000012","AAV2.0.0.13","4.0.0.2323","PSt7-10","171027-008","9/15/2022 2:43:31 PM","0000-00","0","no battery","V","","µV","","µV"
"11/15/2022","17:46:40","7","default","171425599","OXY_CH7","26.397","min","187.336","μmol/L","Humid","21.092","deg","89916","µV","28.805","°C","1025.000","hPa","36.0","pmil","0","55.700","deg","20.000","°C","100.000","%a.s.","22.210","deg","20.000","°C","971.000","hPa","0.826","-0.01532","0.000401","-0.00012","0","11.08","Humid","30.45","0","49.40","252058.92","SABD0002000012","AAV2.0.0.13","4.0.0.2323","PSt7-10","171027-008","9/15/2022 2:43:31 PM","0000-00","0","no battery","V","","µV","","µV"
"11/15/2022","17:46:41","7","default","171425599","OXY_CH7","26.414","min","187.374","μmol/L","Humid","21.094","deg","89928","µV","28.793","°C","1025.000","hPa","36.0","pmil","0","55.700","deg","20.000","°C","100.000","%a.s.","22.210","deg","20.000","°C","971.000","hPa","0.826","-0.01532","0.000401","-0.00012","0","11.08","Humid","30.45","0","49.40","252061.43","SABD0002000012","AAV2.0.0.13","4.0.0.2323","PSt7-10","171027-008","9/15/2022 2:43:31 PM","0000-00","0","no battery","V","","µV","","µV"
"11/15/2022","17:46:42","7","default","171425599","OXY_CH7","26.431","min","187.303","μmol/L","Humid","21.094","deg","89922","µV","28.805","°C","1025.000","hPa","36.0","pmil","0","55.700","deg","20.000","°C","100.000","%a.s.","22.210","deg","20.000","°C","971.000","hPa","0.826","-0.01532","0.000401","-0.00012","0","11.08","Humid","30.45","0","49.40","252061.68","SABD0002000012","AAV2.0.0.13","4.0.0.2323","PSt7-10","171027-008","9/15/2022 2:43:31 PM","0000-00","0","no battery","V","","µV","","µV"
"11/15/2022","17:46:43","7","default","171425599","OXY_CH7","26.447","min","187.303","μmol/L","Humid","21.094","deg","89930","µV","28.805","°C","1025.000","hPa","36.0","pmil","0","55.700","deg","20.000","°C","100.000","%a.s.","22.210","deg","20.000","°C","971.000","hPa","0.826","-0.01532","0.000401","-0.00012","0","11.08","Humid","30.45","0","49.40","252064.69","SABD0002000012","AAV2.0.0.13","4.0.0.2323","PSt7-10","171027-008","9/15/2022 2:43:31 PM","0000-00","0","no battery","V","","µV","","µV"
"11/15/2022","17:46:44","7","default","171425599","OXY_CH7","26.464","min","187.220","μmol/L","Humid","21.099","deg","89931","µV","28.805","°C","1025.000","hPa","36.0","pmil","0","55.700","deg","20.000","°C","100.000","%a.s.","22.210","deg","20.000","°C","971.000","hPa","0.826","-0.01532","0.000401","-0.00012","0","11.08","Humid","30.45","0","49.40","252062.78","SABD0002000012","AAV2.0.0.13","4.0.0.2323","PSt7-10","171027-008","9/15/2022 2:43:31 PM","0000-00","0","no battery","V","","µV","","µV"
"11/15/2022","17:46:45","7","default","171425599","OXY_CH7","26.480","min","187.307","μmol/L","Humid","21.098","deg","89929","µV","28.793","°C","1025.000","hPa","36.0","pmil","0","55.700","deg","20.000","°C","100.000","%a.s.","22.210","deg","20.000","°C","971.000","hPa","0.826","-0.01532","0.000401","-0.00012","0","11.08","Humid","30.45","0","49.40","252052.76","SABD0002000012","AAV2.0.0.13","4.0.0.2323","PSt7-10","171027-008","9/15/2022 2:43:31 PM","0000-00","0","no battery","V","","µV","","µV"
"11/15/2022","17:46:46","7","default","171425599","OXY_CH7","26.497","min","187.253","μmol/L","Humid","21.097","deg","89930","µV","28.805","°C","1025.000","hPa","36.0","pmil","0","55.700","deg","20.000","°C","100.000","%a.s.","22.210","deg","20.000","°C","971.000","hPa","0.826","-0.01532","0.000401","-0.00012","0","11.08","Humid","30.45","0","49.40","252049.16","SABD0002000012","AAV2.0.0.13","4.0.0.2323","PSt7-10","171027-008","9/15/2022 2:43:31 PM","0000-00","0","no battery","V","","µV","","µV"
"11/15/2022","17:46:47","7","default","171425599","OXY_CH7","26.514","min","187.220","μmol/L","Humid","21.099","deg","89937","µV","28.805","°C","1025.000","hPa","36.0","pmil","0","55.700","deg","20.000","°C","100.000","%a.s.","22.210","deg","20.000","°C","971.000","hPa","0.826","-0.01532","0.000401","-0.00012","0","11.08","Humid","30.45","0","49.40","252053.78","SABD0002000012","AAV2.0.0.13","4.0.0.2323","PSt7-10","171027-008","9/15/2022 2:43:31 PM","0000-00","0","no battery","V","","µV","","µV"
"11/15/2022","17:46:48","7","default","171425599","OXY_CH7","26.531","min","187.253","μmol/L","Humid","21.097","deg","89937","µV","28.805","°C","1025.000","hPa","36.0","pmil","0","55.700","deg","20.000","°C","100.000","%a.s.","22.210","deg","20.000","°C","971.000","hPa","0.826","-0.01532","0.000401","-0.00012","0","11.08","Humid","30.45","0","49.40","252054.17","SABD0002000012","AAV2.0.0.13","4.0.0.2323","PSt7-10","171027-008","9/15/2022 2:43:31 PM","0000-00","0","no battery","V","","µV","","µV"
"11/15/2022","17:46:49","7","default","171425599","OXY_CH7","26.548","min","187.341","μmol/L","Humid","21.096","deg","89928","µV","28.793","°C","1025.000","hPa","36.0","pmil","0","55.700","deg","20.000","°C","100.000","%a.s.","22.210","deg","20.000","°C","971.000","hPa","0.826","-0.01532","0.000401","-0.00012","0","11.08","Humid","30.45","0","49.40","252050.64","SABD0002000012","AAV2.0.0.13","4.0.0.2323","PSt7-10","171027-008","9/15/2022 2:43:31 PM","0000-00","0","no battery","V","","µV","","µV"
"11/15/2022","17:46:50","7","default","171425599","OXY_CH7","26.564","min","187.203","μmol/L","Humid","21.100","deg","89931","µV","28.805","°C","1025.000","hPa","36.0","pmil","0","55.700","deg","20.000","°C","100.000","%a.s.","22.210","deg","20.000","°C","971.000","hPa","0.826","-0.01532","0.000401","-0.00012","0","11.08","Humid","30.45","0","49.40","252045.71","SABD0002000012","AAV2.0.0.13","4.0.0.2323","PSt7-10","171027-008","9/15/2022 2:43:31 PM","0000-00","0","no battery","V","","µV","","µV"
"11/15/2022","17:46:51","7","default","171425599","OXY_CH7","26.580","min","187.239","μmol/L","Humid","21.100","deg","89934","µV","28.799","°C","1025.000","hPa","36.0","pmil","0","55.700","deg","20.000","°C","100.000","%a.s.","22.210","deg","20.000","°C","971.000","hPa","0.826","-0.01532","0.000401","-0.00012","0","11.08","Humid","30.45","0","49.40","252039.25","SABD0002000012","AAV2.0.0.13","4.0.0.2323","PSt7-10","171027-008","9/15/2022 2:43:31 PM","0000-00","0","no battery","V","","µV","","µV"
"11/15/2022","17:46:52","7","default","171425599","OXY_CH7","26.597","min","187.305","μmol/L","Humid","21.096","deg","89948","µV","28.799","°C","1025.000","hPa","36.0","pmil","0","55.700","deg","20.000","°C","100.000","%a.s.","22.210","deg","20.000","°C","971.000","hPa","0.826","-0.01532","0.000401","-0.00012","0","11.08","Humid","30.45","0","49.40","252041.98","SABD0002000012","AAV2.0.0.13","4.0.0.2323","PSt7-10","171027-008","9/15/2022 2:43:31 PM","0000-00","0","no battery","V","","µV","","µV"
"11/15/2022","17:46:53","7","default","171425599","OXY_CH7","26.614","min","187.201","μmol/L","Humid","21.098","deg","89940","µV","28.811","°C","1025.000","hPa","36.0","pmil","0","55.700","deg","20.000","°C","100.000","%a.s.","22.210","deg","20.000","°C","971.000","hPa","0.826","-0.01532","0.000401","-0.00012","0","11.08","Humid","30.45","0","49.40","252040.92","SABD0002000012","AAV2.0.0.13","4.0.0.2323","PSt7-10","171027-008","9/15/2022 2:43:31 PM","0000-00","0","no battery","V","","µV","","µV"
"11/15/2022","17:46:54","7","default","171425599","OXY_CH7","26.631","min","187.289","μmol/L","Humid","21.097","deg","89938","µV","28.799","°C","1025.000","hPa","36.0","pmil","0","55.700","deg","20.000","°C","100.000","%a.s.","22.210","deg","20.000","°C","971.000","hPa","0.826","-0.01532","0.000401","-0.00012","0","11.08","Humid","30.45","0","49.40","252033.15","SABD0002000012","AAV2.0.0.13","4.0.0.2323","PSt7-10","171027-008","9/15/2022 2:43:31 PM","0000-00","0","no battery","V","","µV","","µV"
"11/15/2022","17:46:55","7","default","171425599","OXY_CH7","26.647","min","187.289","μmol/L","Humid","21.097","deg","89939","µV","28.799","°C","1025.000","hPa","36.0","pmil","0","55.700","deg","20.000","°C","100.000","%a.s.","22.210","deg","20.000","°C","971.000","hPa","0.826","-0.01532","0.000401","-0.00012","0","11.08","Humid","30.45","0","49.40","252038.46","SABD0002000012","AAV2.0.0.13","4.0.0.2323","PSt7-10","171027-008","9/15/2022 2:43:31 PM","0000-00","0","no battery","V","","µV","","µV"
"11/15/2022","17:46:56","7","default","171425599","OXY_CH7","26.664","min","187.289","μmol/L","Humid","21.097","deg","89941","µV","28.799","°C","1025.000","hPa","36.0","pmil","0","55.700","deg","20.000","°C","100.000","%a.s.","22.210","deg","20.000","°C","971.000","hPa","0.826","-0.01532","0.000401","-0.00012","0","11.08","Humid","30.45","0","49.40","252043.66","SABD0002000012","AAV2.0.0.13","4.0.0.2323","PSt7-10","171027-008","9/15/2022 2:43:31 PM","0000-00","0","no battery","V","","µV","","µV"
"11/15/2022","17:46:57","7","default","171425599","OXY_CH7","26.681","min","187.270","μmol/L","Humid","21.096","deg","89946","µV","28.805","°C","1025.000","hPa","36.0","pmil","0","55.700","deg","20.000","°C","100.000","%a.s.","22.210","deg","20.000","°C","971.000","hPa","0.826","-0.01532","0.000401","-0.00012","0","11.08","Humid","30.45","0","49.40","252037.36","SABD0002000012","AAV2.0.0.13","4.0.0.2323","PSt7-10","171027-008","9/15/2022 2:43:31 PM","0000-00","0","no battery","V","","µV","","µV"
"11/15/2022","17:46:58","7","default","171425599","OXY_CH7","26.697","min","187.270","μmol/L","Humid","21.096","deg","89948","µV","28.805","°C","1025.000","hPa","36.0","pmil","0","55.700","deg","20.000","°C","100.000","%a.s.","22.210","deg","20.000","°C","971.000","hPa","0.826","-0.01532","0.000401","-0.00012","0","11.08","Humid","30.45","0","49.40","252042.49","SABD0002000012","AAV2.0.0.13","4.0.0.2323","PSt7-10","171027-008","9/15/2022 2:43:31 PM","0000-00","0","no battery","V","","µV","","µV"
"11/15/2022","17:46:59","7","default","171425599","OXY_CH7","26.714","min","187.272","μmol/L","Humid","21.098","deg","89946","µV","28.799","°C","1025.000","hPa","36.0","pmil","0","55.700","deg","20.000","°C","100.000","%a.s.","22.210","deg","20.000","°C","971.000","hPa","0.826","-0.01532","0.000401","-0.00012","0","11.08","Humid","30.45","0","49.40","252040.80","SABD0002000012","AAV2.0.0.13","4.0.0.2323","PSt7-10","171027-008","9/15/2022 2:43:31 PM","0000-00","0","no battery","V","","µV","","µV"
"11/15/2022","17:47:00","7","default","171425599","OXY_CH7","26.731","min","187.322","μmol/L","Humid","21.095","deg","89948","µV","28.799","°C","1025.000","hPa","36.0","pmil","0","55.700","deg","20.000","°C","100.000","%a.s.","22.210","deg","20.000","°C","971.000","hPa","0.826","-0.01532","0.000401","-0.00012","0","11.08","Humid","30.45","0","49.40","252055.56","SABD0002000012","AAV2.0.0.13","4.0.0.2323","PSt7-10","171027-008","9/15/2022 2:43:31 PM","0000-00","0","no battery","V","","µV","","µV"
"11/15/2022","17:47:01","7","default","171425599","OXY_CH7","26.747","min","187.272","μmol/L","Humid","21.098","deg","89946","µV","28.799","°C","1025.000","hPa","36.0","pmil","0","55.700","deg","20.000","°C","100.000","%a.s.","22.210","deg","20.000","°C","971.000","hPa","0.826","-0.01532","0.000401","-0.00012","0","11.08","Humid","30.45","0","49.40","252051.03","SABD0002000012","AAV2.0.0.13","4.0.0.2323","PSt7-10","171027-008","9/15/2022 2:43:31 PM","0000-00","0","no battery","V","","µV","","µV"
"11/15/2022","17:47:02","7","default","171425599","OXY_CH7","26.764","min","187.205","μmol/L","Humid","21.102","deg","89946","µV","28.799","°C","1025.000","hPa","36.0","pmil","0","55.700","deg","20.000","°C","100.000","%a.s.","22.210","deg","20.000","°C","971.000","hPa","0.826","-0.01532","0.000401","-0.00012","0","11.08","Humid","30.45","0","49.40","252042.50","SABD0002000012","AAV2.0.0.13","4.0.0.2323","PSt7-10","171027-008","9/15/2022 2:43:31 PM","0000-00","0","no battery","V","","µV","","µV"
"11/15/2022","17:47:03","7","default","171425599","OXY_CH7","26.780","min","187.239","μmol/L","Humid","21.100","deg","89947","µV","28.799","°C","1025.000","hPa","36.0","pmil","0","55.700","deg","20.000","°C","100.000","%a.s.","22.210","deg","20.000","°C","971.000","hPa","0.826","-0.01532","0.000401","-0.00012","0","11.08","Humid","30.45","0","49.40","252035.94","SABD0002000012","AAV2.0.0.13","4.0.0.2323","PSt7-10","171027-008","9/15/2022 2:43:31 PM","0000-00","0","no battery","V","","µV","","µV"
"11/15/2022","17:47:04","7","default","171425599","OXY_CH7","26.797","min","187.239","μmol/L","Humid","21.100","deg","89950","µV","28.799","°C","1025.000","hPa","36.0","pmil","0","55.700","deg","20.000","°C","100.000","%a.s.","22.210","deg","20.000","°C","971.000","hPa","0.826","-0.01532","0.000401","-0.00012","0","11.08","Humid","30.45","0","49.40","252030.81","SABD0002000012","AAV2.0.0.13","4.0.0.2323","PSt7-10","171027-008","9/15/2022 2:43:31 PM","0000-00","0","no battery","V","","µV","","µV"
"11/15/2022","17:47:05","7","default","171425599","OXY_CH7","26.814","min","187.357","μmol/L","Humid","21.095","deg","89952","µV","28.793","°C","1025.000","hPa","36.0","pmil","0","55.700","deg","20.000","°C","100.000","%a.s.","22.210","deg","20.000","°C","971.000","hPa","0.826","-0.01532","0.000401","-0.00012","0","11.08","Humid","30.45","0","49.40","252049.90","SABD0002000012","AAV2.0.0.13","4.0.0.2323","PSt7-10","171027-008","9/15/2022 2:43:31 PM","0000-00","0","no battery","V","","µV","","µV"
"11/15/2022","17:47:06","7","default","171425599","OXY_CH7","26.831","min","187.255","μmol/L","Humid","21.099","deg","89953","µV","28.799","°C","1025.000","hPa","36.0","pmil","0","55.700","deg","20.000","°C","100.000","%a.s.","22.210","deg","20.000","°C","971.000","hPa","0.826","-0.01532","0.000401","-0.00012","0","11.08","Humid","30.45","0","49.40","252029.23","SABD0002000012","AAV2.0.0.13","4.0.0.2323","PSt7-10","171027-008","9/15/2022 2:43:31 PM","0000-00","0","no battery","V","","µV","","µV"
"11/15/2022","17:47:07","7","default","171425599","OXY_CH7","26.847","min","187.253","μmol/L","Humid","21.097","deg","89949","µV","28.805","°C","1025.000","hPa","36.0","pmil","0","55.700","deg","20.000","°C","100.000","%a.s.","22.210","deg","20.000","°C","971.000","hPa","0.826","-0.01532","0.000401","-0.00012","0","11.08","Humid","30.45","0","49.40","252023.73","SABD0002000012","AAV2.0.0.13","4.0.0.2323","PSt7-10","171027-008","9/15/2022 2:43:31 PM","0000-00","0","no battery","V","","µV","","µV"
"11/15/2022","17:47:08","7","default","171425599","OXY_CH7","26.864","min","187.187","μmol/L","Humid","21.101","deg","89947","µV","28.805","°C","1025.000","hPa","36.0","pmil","0","55.700","deg","20.000","°C","100.000","%a.s.","22.210","deg","20.000","°C","971.000","hPa","0.826","-0.01532","0.000401","-0.00012","0","11.08","Humid","30.45","0","49.40","252038.08","SABD0002000012","AAV2.0.0.13","4.0.0.2323","PSt7-10","171027-008","9/15/2022 2:43:31 PM","0000-00","0","no battery","V","","µV","","µV"
"11/15/2022","17:47:09","7","default","171425599","OXY_CH7","26.880","min","187.237","μmol/L","Humid","21.098","deg","89949","µV","28.805","°C","1025.000","hPa","36.0","pmil","0","55.700","deg","20.000","°C","100.000","%a.s.","22.210","deg","20.000","°C","971.000","hPa","0.826","-0.01532","0.000401","-0.00012","0","11.08","Humid","30.45","0","49.40","252036.98","SABD0002000012","AAV2.0.0.13","4.0.0.2323","PSt7-10","171027-008","9/15/2022 2:43:31 PM","0000-00","0","no battery","V","","µV","","µV"
"11/15/2022","17:47:10","7","default","171425599","OXY_CH7","26.897","min","187.170","μmol/L","Humid","21.102","deg","89956","µV","28.805","°C","1025.000","hPa","36.0","pmil","0","55.700","deg","20.000","°C","100.000","%a.s.","22.210","deg","20.000","°C","971.000","hPa","0.826","-0.01532","0.000401","-0.00012","0","11.08","Humid","30.45","0","49.40","252032.03","SABD0002000012","AAV2.0.0.13","4.0.0.2323","PSt7-10","171027-008","9/15/2022 2:43:31 PM","0000-00","0","no battery","V","","µV","","µV"
"11/15/2022","17:47:11","7","default","171425599","OXY_CH7","26.914","min","187.220","μmol/L","Humid","21.099","deg","89964","µV","28.805","°C","1025.000","hPa","36.0","pmil","0","55.700","deg","20.000","°C","100.000","%a.s.","22.210","deg","20.000","°C","971.000","hPa","0.826","-0.01532","0.000401","-0.00012","0","11.08","Humid","30.45","0","49.40","252035.27","SABD0002000012","AAV2.0.0.13","4.0.0.2323","PSt7-10","171027-008","9/15/2022 2:43:31 PM","0000-00","0","no battery","V","","µV","","µV"
"11/15/2022","17:47:12","7","default","171425599","OXY_CH7","26.930","min","187.137","μmol/L","Humid","21.104","deg","89963","µV","28.805","°C","1025.000","hPa","36.0","pmil","0","55.700","deg","20.000","°C","100.000","%a.s.","22.210","deg","20.000","°C","971.000","hPa","0.826","-0.01532","0.000401","-0.00012","0","11.08","Humid","30.45","0","49.40","252030.25","SABD0002000012","AAV2.0.0.13","4.0.0.2323","PSt7-10","171027-008","9/15/2022 2:43:31 PM","0000-00","0","no battery","V","","µV","","µV"
"11/15/2022","17:47:13","7","default","171425599","OXY_CH7","26.947","min","187.203","μmol/L","Humid","21.100","deg","89954","µV","28.805","°C","1025.000","hPa","36.0","pmil","0","55.700","deg","20.000","°C","100.000","%a.s.","22.210","deg","20.000","°C","971.000","hPa","0.826","-0.01532","0.000401","-0.00012","0","11.08","Humid","30.45","0","49.40","252021.16","SABD0002000012","AAV2.0.0.13","4.0.0.2323","PSt7-10","171027-008","9/15/2022 2:43:31 PM","0000-00","0","no battery","V","","µV","","µV"
"11/15/2022","17:47:14","7","default","171425599","OXY_CH7","26.964","min","187.205","μmol/L","Humid","21.102","deg","89956","µV","28.799","°C","1025.000","hPa","36.0","pmil","0","55.700","deg","20.000","°C","100.000","%a.s.","22.210","deg","20.000","°C","971.000","hPa","0.826","-0.01532","0.000401","-0.00012","0","11.08","Humid","30.45","0","49.40","252017.19","SABD0002000012","AAV2.0.0.13","4.0.0.2323","PSt7-10","171027-008","9/15/2022 2:43:31 PM","0000-00","0","no battery","V","","µV","","µV"
"11/15/2022","17:47:15","7","default","171425599","OXY_CH7","26.981","min","187.205","μmol/L","Humid","21.102","deg","89966","µV","28.799","°C","1025.000","hPa","36.0","pmil","0","55.700","deg","20.000","°C","100.000","%a.s.","22.210","deg","20.000","°C","971.000","hPa","0.826","-0.01532","0.000401","-0.00012","0","11.08","Humid","30.45","0","49.40","252018.87","SABD0002000012","AAV2.0.0.13","4.0.0.2323","PSt7-10","171027-008","9/15/2022 2:43:31 PM","0000-00","0","no battery","V","","µV","","µV"
"11/15/2022","17:47:16","7","default","171425599","OXY_CH7","26.997","min","187.156","μmol/L","Humid","21.105","deg","89962","µV","28.799","°C","1025.000","hPa","36.0","pmil","0","55.700","deg","20.000","°C","100.000","%a.s.","22.210","deg","20.000","°C","971.000","hPa","0.826","-0.01532","0.000401","-0.00012","0","11.08","Humid","30.45","0","49.40","252016.21","SABD0002000012","AAV2.0.0.13","4.0.0.2323","PSt7-10","171027-008","9/15/2022 2:43:31 PM","0000-00","0","no battery","V","","µV","","µV"
"11/15/2022","17:47:17","7","default","171425599","OXY_CH7","27.014","min","187.241","μmol/L","Humid","21.102","deg","89965","µV","28.793","°C","1025.000","hPa","36.0","pmil","0","55.700","deg","20.000","°C","100.000","%a.s.","22.210","deg","20.000","°C","971.000","hPa","0.826","-0.01532","0.000401","-0.00012","0","11.08","Humid","30.45","0","49.40","252017.01","SABD0002000012","AAV2.0.0.13","4.0.0.2323","PSt7-10","171027-008","9/15/2022 2:43:31 PM","0000-00","0","no battery","V","","µV","","µV"
"11/15/2022","17:47:18","7","default","171425599","OXY_CH7","27.030","min","187.156","μmol/L","Humid","21.105","deg","89964","µV","28.799","°C","1025.000","hPa","36.0","pmil","0","55.700","deg","20.000","°C","100.000","%a.s.","22.210","deg","20.000","°C","971.000","hPa","0.826","-0.01532","0.000401","-0.00012","0","11.08","Humid","30.45","0","49.40","252017.36","SABD0002000012","AAV2.0.0.13","4.0.0.2323","PSt7-10","171027-008","9/15/2022 2:43:31 PM","0000-00","0","no battery","V","","µV","","µV"
"11/15/2022","17:47:19","7","default","171425599","OXY_CH7","27.047","min","187.087","μmol/L","Humid","21.107","deg","89966","µV","28.805","°C","1025.000","hPa","36.0","pmil","0","55.700","deg","20.000","°C","100.000","%a.s.","22.210","deg","20.000","°C","971.000","hPa","0.826","-0.01532","0.000401","-0.00012","0","11.08","Humid","30.45","0","49.40","252014.46","SABD0002000012","AAV2.0.0.13","4.0.0.2323","PSt7-10","171027-008","9/15/2022 2:43:31 PM","0000-00","0","no battery","V","","µV","","µV"
"11/15/2022","17:47:20","7","default","171425599","OXY_CH7","27.064","min","187.153","μmol/L","Humid","21.103","deg","89964","µV","28.805","°C","1025.000","hPa","36.0","pmil","0","55.700","deg","20.000","°C","100.000","%a.s.","22.210","deg","20.000","°C","971.000","hPa","0.826","-0.01532","0.000401","-0.00012","0","11.08","Humid","30.45","0","49.40","252015.03","SABD0002000012","AAV2.0.0.13","4.0.0.2323","PSt7-10","171027-008","9/15/2022 2:43:31 PM","0000-00","0","no battery","V","","µV","","µV"
"11/15/2022","17:47:21","7","default","171425599","OXY_CH7","27.080","min","187.224","μmol/L","Humid","21.103","deg","89969","µV","28.793","°C","1025.000","hPa","36.0","pmil","0","55.700","deg","20.000","°C","100.000","%a.s.","22.210","deg","20.000","°C","971.000","hPa","0.826","-0.01532","0.000401","-0.00012","0","11.08","Humid","30.45","0","49.40","252016.94","SABD0002000012","AAV2.0.0.13","4.0.0.2323","PSt7-10","171027-008","9/15/2022 2:43:31 PM","0000-00","0","no battery","V","","µV","","µV"
"11/15/2022","17:47:22","7","default","171425599","OXY_CH7","27.097","min","187.122","μmol/L","Humid","21.107","deg","89969","µV","28.799","°C","1025.000","hPa","36.0","pmil","0","55.700","deg","20.000","°C","100.000","%a.s.","22.210","deg","20.000","°C","971.000","hPa","0.826","-0.01532","0.000401","-0.00012","0","11.08","Humid","30.45","0","49.40","252022.46","SABD0002000012","AAV2.0.0.13","4.0.0.2323","PSt7-10","171027-008","9/15/2022 2:43:31 PM","0000-00","0","no battery","V","","µV","","µV"
"11/15/2022","17:47:23","7","default","171425599","OXY_CH7","27.114","min","187.122","μmol/L","Humid","21.107","deg","89970","µV","28.799","°C","1025.000","hPa","36.0","pmil","0","55.700","deg","20.000","°C","100.000","%a.s.","22.210","deg","20.000","°C","971.000","hPa","0.826","-0.01532","0.000401","-0.00012","0","11.08","Humid","30.45","0","49.40","252010.45","SABD0002000012","AAV2.0.0.13","4.0.0.2323","PSt7-10","171027-008","9/15/2022 2:43:31 PM","0000-00","0","no battery","V","","µV","","µV"
"11/15/2022","17:47:24","7","default","171425599","OXY_CH7","27.131","min","187.170","μmol/L","Humid","21.102","deg","89968","µV","28.805","°C","1025.000","hPa","36.0","pmil","0","55.700","deg","20.000","°C","100.000","%a.s.","22.210","deg","20.000","°C","971.000","hPa","0.826","-0.01532","0.000401","-0.00012","0","11.08","Humid","30.45","0","49.40","252018.60","SABD0002000012","AAV2.0.0.13","4.0.0.2323","PSt7-10","171027-008","9/15/2022 2:43:31 PM","0000-00","0","no battery","V","","µV","","µV"
"11/15/2022","17:47:25","7","default","171425599","OXY_CH7","27.147","min","187.124","μmol/L","Humid","21.109","deg","89969","µV","28.793","°C","1025.000","hPa","36.0","pmil","0","55.700","deg","20.000","°C","100.000","%a.s.","22.210","deg","20.000","°C","971.000","hPa","0.826","-0.01532","0.000401","-0.00012","0","11.08","Humid","30.45","0","49.40","252023.77","SABD0002000012","AAV2.0.0.13","4.0.0.2323","PSt7-10","171027-008","9/15/2022 2:43:31 PM","0000-00","0","no battery","V","","µV","","µV"
"11/15/2022","17:47:26","7","default","171425599","OXY_CH7","27.163","min","187.191","μmol/L","Humid","21.105","deg","89968","µV","28.793","°C","1025.000","hPa","36.0","pmil","0","55.700","deg","20.000","°C","100.000","%a.s.","22.210","deg","20.000","°C","971.000","hPa","0.826","-0.01532","0.000401","-0.00012","0","11.08","Humid","30.45","0","49.40","252019.48","SABD0002000012","AAV2.0.0.13","4.0.0.2323","PSt7-10","171027-008","9/15/2022 2:43:31 PM","0000-00","0","no battery","V","","µV","","µV"
"11/15/2022","17:47:27","7","default","171425599","OXY_CH7","27.180","min","187.124","μmol/L","Humid","21.109","deg","89976","µV","28.793","°C","1025.000","hPa","36.0","pmil","0","55.700","deg","20.000","°C","100.000","%a.s.","22.210","deg","20.000","°C","971.000","hPa","0.826","-0.01532","0.000401","-0.00012","0","11.08","Humid","30.45","0","49.40","252011.92","SABD0002000012","AAV2.0.0.13","4.0.0.2323","PSt7-10","171027-008","9/15/2022 2:43:31 PM","0000-00","0","no battery","V","","µV","","µV"
"11/15/2022","17:47:28","7","default","171425599","OXY_CH7","27.197","min","187.156","μmol/L","Humid","21.105","deg","89982","µV","28.799","°C","1025.000","hPa","36.0","pmil","0","55.700","deg","20.000","°C","100.000","%a.s.","22.210","deg","20.000","°C","971.000","hPa","0.826","-0.01532","0.000401","-0.00012","0","11.08","Humid","30.45","0","49.40","252017.66","SABD0002000012","AAV2.0.0.13","4.0.0.2323","PSt7-10","171027-008","9/15/2022 2:43:31 PM","0000-00","0","no battery","V","","µV","","µV"
"11/15/2022","17:47:29","7","default","171425599","OXY_CH7","27.214","min","187.072","μmol/L","Humid","21.110","deg","89981","µV","28.799","°C","1025.000","hPa","36.0","pmil","0","55.700","deg","20.000","°C","100.000","%a.s.","22.210","deg","20.000","°C","971.000","hPa","0.826","-0.01532","0.000401","-0.00012","0","11.08","Humid","30.45","0","49.40","252024.90","SABD0002000012","AAV2.0.0.13","4.0.0.2323","PSt7-10","171027-008","9/15/2022 2:43:31 PM","0000-00","0","no battery","V","","µV","","µV"
"11/15/2022","17:47:30","7","default","171425599","OXY_CH7","27.230","min","187.108","μmol/L","Humid","21.110","deg","89972","µV","28.793","°C","1025.000","hPa","36.0","pmil","0","55.700","deg","20.000","°C","100.000","%a.s.","22.210","deg","20.000","°C","971.000","hPa","0.826","-0.01532","0.000401","-0.00012","0","11.08","Humid","30.45","0","49.40","252015.48","SABD0002000012","AAV2.0.0.13","4.0.0.2323","PSt7-10","171027-008","9/15/2022 2:43:31 PM","0000-00","0","no battery","V","","µV","","µV"
"11/15/2022","17:47:31","7","default","171425599","OXY_CH7","27.247","min","187.072","μmol/L","Humid","21.110","deg","89977","µV","28.799","°C","1025.000","hPa","36.0","pmil","0","55.700","deg","20.000","°C","100.000","%a.s.","22.210","deg","20.000","°C","971.000","hPa","0.826","-0.01532","0.000401","-0.00012","0","11.08","Humid","30.45","0","49.40","252006.70","SABD0002000012","AAV2.0.0.13","4.0.0.2323","PSt7-10","171027-008","9/15/2022 2:43:31 PM","0000-00","0","no battery","V","","µV","","µV"
"11/15/2022","17:47:32","7","default","171425599","OXY_CH7","27.264","min","187.224","μmol/L","Humid","21.103","deg","89986","µV","28.793","°C","1025.000","hPa","36.0","pmil","0","55.700","deg","20.000","°C","100.000","%a.s.","22.210","deg","20.000","°C","971.000","hPa","0.826","-0.01532","0.000401","-0.00012","0","11.08","Humid","30.45","0","49.40","252025.25","SABD0002000012","AAV2.0.0.13","4.0.0.2323","PSt7-10","171027-008","9/15/2022 2:43:31 PM","0000-00","0","no battery","V","","µV","","µV"
"11/15/2022","17:47:33","7","default","171425599","OXY_CH7","27.281","min","187.172","μmol/L","Humid","21.104","deg","89987","µV","28.799","°C","1025.000","hPa","36.0","pmil","0","55.700","deg","20.000","°C","100.000","%a.s.","22.210","deg","20.000","°C","971.000","hPa","0.826","-0.01532","0.000401","-0.00012","0","11.08","Humid","30.45","0","49.40","252006.11","SABD0002000012","AAV2.0.0.13","4.0.0.2323","PSt7-10","171027-008","9/15/2022 2:43:31 PM","0000-00","0","no battery","V","","µV","","µV"
"11/15/2022","17:47:34","7","default","171425599","OXY_CH7","27.297","min","187.091","μmol/L","Humid","21.111","deg","89986","µV","28.793","°C","1025.000","hPa","36.0","pmil","0","55.700","deg","20.000","°C","100.000","%a.s.","22.210","deg","20.000","°C","971.000","hPa","0.826","-0.01532","0.000401","-0.00012","0","11.08","Humid","30.45","0","49.40","252021.99","SABD0002000012","AAV2.0.0.13","4.0.0.2323","PSt7-10","171027-008","9/15/2022 2:43:31 PM","0000-00","0","no battery","V","","µV","","µV"
"11/15/2022","17:47:35","7","default","171425599","OXY_CH7","27.313","min","187.158","μmol/L","Humid","21.107","deg","89980","µV","28.793","°C","1025.000","hPa","36.0","pmil","0","55.700","deg","20.000","°C","100.000","%a.s.","22.210","deg","20.000","°C","971.000","hPa","0.826","-0.01532","0.000401","-0.00012","0","11.08","Humid","30.45","0","49.40","252009.09","SABD0002000012","AAV2.0.0.13","4.0.0.2323","PSt7-10","171027-008","9/15/2022 2:43:31 PM","0000-00","0","no battery","V","","µV","","µV"
"11/15/2022","17:47:36","7","default","171425599","OXY_CH7","27.330","min","187.108","μmol/L","Humid","21.110","deg","89982","µV","28.793","°C","1025.000","hPa","36.0","pmil","0","55.700","deg","20.000","°C","100.000","%a.s.","22.210","deg","20.000","°C","971.000","hPa","0.826","-0.01532","0.000401","-0.00012","0","11.08","Humid","30.45","0","49.40","252009.43","SABD0002000012","AAV2.0.0.13","4.0.0.2323","PSt7-10","171027-008","9/15/2022 2:43:31 PM","0000-00","0","no battery","V","","µV","","µV"
"11/15/2022","17:47:37","7","default","171425599","OXY_CH7","27.347","min","187.141","μmol/L","Humid","21.108","deg","89986","µV","28.793","°C","1025.000","hPa","36.0","pmil","0","55.700","deg","20.000","°C","100.000","%a.s.","22.210","deg","20.000","°C","971.000","hPa","0.826","-0.01532","0.000401","-0.00012","0","11.08","Humid","30.45","0","49.40","252004.71","SABD0002000012","AAV2.0.0.13","4.0.0.2323","PSt7-10","171027-008","9/15/2022 2:43:31 PM","0000-00","0","no battery","V","","µV","","µV"
"11/15/2022","17:47:38","7","default","171425599","OXY_CH7","27.364","min","187.158","μmol/L","Humid","21.107","deg","89993","µV","28.793","°C","1025.000","hPa","36.0","pmil","0","55.700","deg","20.000","°C","100.000","%a.s.","22.210","deg","20.000","°C","971.000","hPa","0.826","-0.01532","0.000401","-0.00012","0","11.08","Humid","30.45","0","49.40","252008.79","SABD0002000012","AAV2.0.0.13","4.0.0.2323","PSt7-10","171027-008","9/15/2022 2:43:31 PM","0000-00","0","no battery","V","","µV","","µV"
"11/15/2022","17:47:39","7","default","171425599","OXY_CH7","27.381","min","187.106","μmol/L","Humid","21.108","deg","89986","µV","28.799","°C","1025.000","hPa","36.0","pmil","0","55.700","deg","20.000","°C","100.000","%a.s.","22.210","deg","20.000","°C","971.000","hPa","0.826","-0.01532","0.000401","-0.00012","0","11.08","Humid","30.45","0","49.40","251999.27","SABD0002000012","AAV2.0.0.13","4.0.0.2323","PSt7-10","171027-008","9/15/2022 2:43:31 PM","0000-00","0","no battery","V","","µV","","µV"
"11/15/2022","17:47:40","7","default","171425599","OXY_CH7","27.397","min","187.108","μmol/L","Humid","21.110","deg","89990","µV","28.793","°C","1025.000","hPa","36.0","pmil","0","55.700","deg","20.000","°C","100.000","%a.s.","22.210","deg","20.000","°C","971.000","hPa","0.826","-0.01532","0.000401","-0.00012","0","11.08","Humid","30.45","0","49.40","252001.08","SABD0002000012","AAV2.0.0.13","4.0.0.2323","PSt7-10","171027-008","9/15/2022 2:43:31 PM","0000-00","0","no battery","V","","µV","","µV"
"11/15/2022","17:47:41","7","default","171425599","OXY_CH7","27.414","min","187.087","μmol/L","Humid","21.107","deg","89990","µV","28.805","°C","1025.000","hPa","36.0","pmil","0","55.700","deg","20.000","°C","100.000","%a.s.","22.210","deg","20.000","°C","971.000","hPa","0.826","-0.01532","0.000401","-0.00012","0","11.08","Humid","30.45","0","49.40","251999.45","SABD0002000012","AAV2.0.0.13","4.0.0.2323","PSt7-10","171027-008","9/15/2022 2:43:31 PM","0000-00","0","no battery","V","","µV","","µV"
"11/15/2022","17:47:42","7","default","171425599","OXY_CH7","27.431","min","187.191","μmol/L","Humid","21.105","deg","89993","µV","28.793","°C","1025.000","hPa","36.0","pmil","0","55.700","deg","20.000","°C","100.000","%a.s.","22.210","deg","20.000","°C","971.000","hPa","0.826","-0.01532","0.000401","-0.00012","0","11.08","Humid","30.45","0","49.40","252001.33","SABD0002000012","AAV2.0.0.13","4.0.0.2323","PSt7-10","171027-008","9/15/2022 2:43:31 PM","0000-00","0","no battery","V","","µV","","µV"
"11/15/2022","17:47:43","7","default","171425599","OXY_CH7","27.447","min","187.106","μmol/L","Humid","21.108","deg","89992","µV","28.799","°C","1025.000","hPa","36.0","pmil","0","55.700","deg","20.000","°C","100.000","%a.s.","22.210","deg","20.000","°C","971.000","hPa","0.826","-0.01532","0.000401","-0.00012","0","11.08","Humid","30.45","0","49.40","252007.76","SABD0002000012","AAV2.0.0.13","4.0.0.2323","PSt7-10","171027-008","9/15/2022 2:43:31 PM","0000-00","0","no battery","V","","µV","","µV"
"11/15/2022","17:47:44","7","default","171425599","OXY_CH7","27.464","min","187.139","μmol/L","Humid","21.106","deg","89997","µV","28.799","°C","1025.000","hPa","36.0","pmil","0","55.700","deg","20.000","°C","100.000","%a.s.","22.210","deg","20.000","°C","971.000","hPa","0.826","-0.01532","0.000401","-0.00012","0","11.08","Humid","30.45","0","49.40","252008.36","SABD0002000012","AAV2.0.0.13","4.0.0.2323","PSt7-10","171027-008","9/15/2022 2:43:31 PM","0000-00","0","no battery","V","","µV","","µV"
"11/15/2022","17:47:45","7","default","171425599","OXY_CH7","27.480","min","187.023","μmol/L","Humid","21.113","deg","90000","µV","28.799","°C","1025.000","hPa","36.0","pmil","0","55.700","deg","20.000","°C","100.000","%a.s.","22.210","deg","20.000","°C","971.000","hPa","0.826","-0.01532","0.000401","-0.00012","0","11.08","Humid","30.45","0","49.40","252009.11","SABD0002000012","AAV2.0.0.13","4.0.0.2323","PSt7-10","171027-008","9/15/2022 2:43:31 PM","0000-00","0","no battery","V","","µV","","µV"
"11/15/2022","17:47:46","7","default","171425599","OXY_CH7","27.497","min","187.089","μmol/L","Humid","21.109","deg","90000","µV","28.799","°C","1025.000","hPa","36.0","pmil","0","55.700","deg","20.000","°C","100.000","%a.s.","22.210","deg","20.000","°C","971.000","hPa","0.826","-0.01532","0.000401","-0.00012","0","11.08","Humid","30.45","0","49.40","252010.76","SABD0002000012","AAV2.0.0.13","4.0.0.2323","PSt7-10","171027-008","9/15/2022 2:43:31 PM","0000-00","0","no battery","V","","µV","","µV"
"11/15/2022","17:47:47","7","default","171425599","OXY_CH7","27.514","min","187.058","μmol/L","Humid","21.113","deg","90009","µV","28.793","°C","1025.000","hPa","36.0","pmil","0","55.700","deg","20.000","°C","100.000","%a.s.","22.210","deg","20.000","°C","971.000","hPa","0.826","-0.01532","0.000401","-0.00012","0","11.08","Humid","30.45","0","49.40","252010.13","SABD0002000012","AAV2.0.0.13","4.0.0.2323","PSt7-10","171027-008","9/15/2022 2:43:31 PM","0000-00","0","no battery","V","","µV","","µV"
"11/15/2022","17:47:48","7","default","171425599","OXY_CH7","27.530","min","187.124","μmol/L","Humid","21.109","deg","90005","µV","28.793","°C","1025.000","hPa","36.0","pmil","0","55.700","deg","20.000","°C","100.000","%a.s.","22.210","deg","20.000","°C","971.000","hPa","0.826","-0.01532","0.000401","-0.00012","0","11.08","Humid","30.45","0","49.40","252000.60","SABD0002000012","AAV2.0.0.13","4.0.0.2323","PSt7-10","171027-008","9/15/2022 2:43:31 PM","0000-00","0","no battery","V","","µV","","µV"
"11/15/2022","17:47:49","7","default","171425599","OXY_CH7","27.547","min","187.072","μmol/L","Humid","21.110","deg","90000","µV","28.799","°C","1025.000","hPa","36.0","pmil","0","55.700","deg","20.000","°C","100.000","%a.s.","22.210","deg","20.000","°C","971.000","hPa","0.826","-0.01532","0.000401","-0.00012","0","11.08","Humid","30.45","0","49.40","251999.96","SABD0002000012","AAV2.0.0.13","4.0.0.2323","PSt7-10","171027-008","9/15/2022 2:43:31 PM","0000-00","0","no battery","V","","µV","","µV"
"11/15/2022","17:47:50","7","default","171425599","OXY_CH7","27.564","min","187.124","μmol/L","Humid","21.109","deg","90005","µV","28.793","°C","1025.000","hPa","36.0","pmil","0","55.700","deg","20.000","°C","100.000","%a.s.","22.210","deg","20.000","°C","971.000","hPa","0.826","-0.01532","0.000401","-0.00012","0","11.08","Humid","30.45","0","49.40","251999.86","SABD0002000012","AAV2.0.0.13","4.0.0.2323","PSt7-10","171027-008","9/15/2022 2:43:31 PM","0000-00","0","no battery","V","","µV","","µV"
"11/15/2022","17:47:51","7","default","171425599","OXY_CH7","27.581","min","187.060","μmol/L","Humid","21.115","deg","90011","µV","28.786","°C","1025.000","hPa","36.0","pmil","0","55.700","deg","20.000","°C","100.000","%a.s.","22.210","deg","20.000","°C","971.000","hPa","0.826","-0.01532","0.000401","-0.00012","0","11.08","Humid","30.45","0","49.40","251996.02","SABD0002000012","AAV2.0.0.13","4.0.0.2323","PSt7-10","171027-008","9/15/2022 2:43:31 PM","0000-00","0","no battery","V","","µV","","µV"
"11/15/2022","17:47:52","7","default","171425599","OXY_CH7","27.597","min","187.108","μmol/L","Humid","21.110","deg","90009","µV","28.793","°C","1025.000","hPa","36.0","pmil","0","55.700","deg","20.000","°C","100.000","%a.s.","22.210","deg","20.000","°C","971.000","hPa","0.826","-0.01532","0.000401","-0.00012","0","11.08","Humid","30.45","0","49.40","251989.04","SABD0002000012","AAV2.0.0.13","4.0.0.2323","PSt7-10","171027-008","9/15/2022 2:43:31 PM","0000-00","0","no battery","V","","µV","","µV"
"11/15/2022","17:47:53","7","default","171425599","OXY_CH7","27.614","min","187.091","μmol/L","Humid","21.111","deg","90004","µV","28.793","°C","1025.000","hPa","36.0","pmil","0","55.700","deg","20.000","°C","100.000","%a.s.","22.210","deg","20.000","°C","971.000","hPa","0.826","-0.01532","0.000401","-0.00012","0","11.08","Humid","30.45","0","49.40","251980.05","SABD0002000012","AAV2.0.0.13","4.0.0.2323","PSt7-10","171027-008","9/15/2022 2:43:31 PM","0000-00","0","no battery","V","","µV","","µV"
"11/15/2022","17:47:54","7","default","171425599","OXY_CH7","27.631","min","187.074","μmol/L","Humid","21.112","deg","90005","µV","28.793","°C","1025.000","hPa","36.0","pmil","0","55.700","deg","20.000","°C","100.000","%a.s.","22.210","deg","20.000","°C","971.000","hPa","0.826","-0.01532","0.000401","-0.00012","0","11.08","Humid","30.45","0","49.40","251987.94","SABD0002000012","AAV2.0.0.13","4.0.0.2323","PSt7-10","171027-008","9/15/2022 2:43:31 PM","0000-00","0","no battery","V","","µV","","µV"
"11/15/2022","17:47:55","7","default","171425599","OXY_CH7","27.647","min","187.176","μmol/L","Humid","21.108","deg","90006","µV","28.786","°C","1025.000","hPa","36.0","pmil","0","55.700","deg","20.000","°C","100.000","%a.s.","22.210","deg","20.000","°C","971.000","hPa","0.826","-0.01532","0.000401","-0.00012","0","11.08","Humid","30.45","0","49.40","251986.87","SABD0002000012","AAV2.0.0.13","4.0.0.2323","PSt7-10","171027-008","9/15/2022 2:43:31 PM","0000-00","0","no battery","V","","µV","","µV"
"11/15/2022","17:47:56","7","default","171425599","OXY_CH7","27.664","min","187.039","μmol/L","Humid","21.112","deg","90005","µV","28.799","°C","1025.000","hPa","36.0","pmil","0","55.700","deg","20.000","°C","100.000","%a.s.","22.210","deg","20.000","°C","971.000","hPa","0.826","-0.01532","0.000401","-0.00012","0","11.08","Humid","30.45","0","49.40","251979.66","SABD0002000012","AAV2.0.0.13","4.0.0.2323","PSt7-10","171027-008","9/15/2022 2:43:31 PM","0000-00","0","no battery","V","","µV","","µV"
"11/15/2022","17:47:57","7","default","171425599","OXY_CH7","27.680","min","187.006","μmol/L","Humid","21.114","deg","90007","µV","28.799","°C","1025.000","hPa","36.0","pmil","0","55.700","deg","20.000","°C","100.000","%a.s.","22.210","deg","20.000","°C","971.000","hPa","0.826","-0.01532","0.000401","-0.00012","0","11.08","Humid","30.45","0","49.40","251985.56","SABD0002000012","AAV2.0.0.13","4.0.0.2323","PSt7-10","171027-008","9/15/2022 2:43:31 PM","0000-00","0","no battery","V","","µV","","µV"
"11/15/2022","17:47:58","7","default","171425599","OXY_CH7","27.697","min","187.124","μmol/L","Humid","21.109","deg","90007","µV","28.793","°C","1025.000","hPa","36.0","pmil","0","55.700","deg","20.000","°C","100.000","%a.s.","22.210","deg","20.000","°C","971.000","hPa","0.826","-0.01532","0.000401","-0.00012","0","11.08","Humid","30.45","0","49.40","251981.08","SABD0002000012","AAV2.0.0.13","4.0.0.2323","PSt7-10","171027-008","9/15/2022 2:43:31 PM","0000-00","0","no battery","V","","µV","","µV"
"11/15/2022","17:47:59","7","default","171425599","OXY_CH7","27.714","min","187.108","μmol/L","Humid","21.110","deg","90007","µV","28.793","°C","1025.000","hPa","36.0","pmil","0","55.700","deg","20.000","°C","100.000","%a.s.","22.210","deg","20.000","°C","971.000","hPa","0.826","-0.01532","0.000401","-0.00012","0","11.08","Humid","30.45","0","49.40","251968.00","SABD0002000012","AAV2.0.0.13","4.0.0.2323","PSt7-10","171027-008","9/15/2022 2:43:31 PM","0000-00","0","no battery","V","","µV","","µV"
"11/15/2022","17:48:00","7","default","171425599","OXY_CH7","27.731","min","187.106","μmol/L","Humid","21.108","deg","90011","µV","28.799","°C","1025.000","hPa","36.0","pmil","0","55.700","deg","20.000","°C","100.000","%a.s.","22.210","deg","20.000","°C","971.000","hPa","0.826","-0.01532","0.000401","-0.00012","0","11.08","Humid","30.45","0","49.40","251975.05","SABD0002000012","AAV2.0.0.13","4.0.0.2323","PSt7-10","171027-008","9/15/2022 2:43:31 PM","0000-00","0","no battery","V","","µV","","µV"
"11/15/2022","17:48:01","7","default","171425599","OXY_CH7","27.748","min","187.041","μmol/L","Humid","21.114","deg","90016","µV","28.793","°C","1025.000","hPa","36.0","pmil","0","55.700","deg","20.000","°C","100.000","%a.s.","22.210","deg","20.000","°C","971.000","hPa","0.826","-0.01532","0.000401","-0.00012","0","11.08","Humid","30.45","0","49.40","251983.03","SABD0002000012","AAV2.0.0.13","4.0.0.2323","PSt7-10","171027-008","9/15/2022 2:43:31 PM","0000-00","0","no battery","V","","µV","","µV"
"11/15/2022","17:48:02","7","default","171425599","OXY_CH7","27.763","min","187.108","μmol/L","Humid","21.110","deg","90016","µV","28.793","°C","1025.000","hPa","36.0","pmil","0","55.700","deg","20.000","°C","100.000","%a.s.","22.210","deg","20.000","°C","971.000","hPa","0.826","-0.01532","0.000401","-0.00012","0","11.08","Humid","30.45","0","49.40","251972.24","SABD0002000012","AAV2.0.0.13","4.0.0.2323","PSt7-10","171027-008","9/15/2022 2:43:31 PM","0000-00","0","no battery","V","","µV","","µV"
"11/15/2022","17:48:03","7","default","171425599","OXY_CH7","27.780","min","187.041","μmol/L","Humid","21.114","deg","90021","µV","28.793","°C","1025.000","hPa","36.0","pmil","0","55.700","deg","20.000","°C","100.000","%a.s.","22.210","deg","20.000","°C","971.000","hPa","0.826","-0.01532","0.000401","-0.00012","0","11.08","Humid","30.45","0","49.40","251977.65","SABD0002000012","AAV2.0.0.13","4.0.0.2323","PSt7-10","171027-008","9/15/2022 2:43:31 PM","0000-00","0","no battery","V","","µV","","µV"
"11/15/2022","17:48:04","7","default","171425599","OXY_CH7","27.797","min","187.041","μmol/L","Humid","21.114","deg","90020","µV","28.793","°C","1025.000","hPa","36.0","pmil","0","55.700","deg","20.000","°C","100.000","%a.s.","22.210","deg","20.000","°C","971.000","hPa","0.826","-0.01532","0.000401","-0.00012","0","11.08","Humid","30.45","0","49.40","251978.91","SABD0002000012","AAV2.0.0.13","4.0.0.2323","PSt7-10","171027-008","9/15/2022 2:43:31 PM","0000-00","0","no battery","V","","µV","","µV"
"11/15/2022","17:48:05","7","default","171425599","OXY_CH7","27.814","min","187.091","μmol/L","Humid","21.111","deg","90020","µV","28.793","°C","1025.000","hPa","36.0","pmil","0","55.700","deg","20.000","°C","100.000","%a.s.","22.210","deg","20.000","°C","971.000","hPa","0.826","-0.01532","0.000401","-0.00012","0","11.08","Humid","30.45","0","49.40","251983.80","SABD0002000012","AAV2.0.0.13","4.0.0.2323","PSt7-10","171027-008","9/15/2022 2:43:31 PM","0000-00","0","no battery","V","","µV","","µV"
"11/15/2022","17:48:06","7","default","171425599","OXY_CH7","27.831","min","187.074","μmol/L","Humid","21.112","deg","90027","µV","28.793","°C","1025.000","hPa","36.0","pmil","0","55.700","deg","20.000","°C","100.000","%a.s.","22.210","deg","20.000","°C","971.000","hPa","0.826","-0.01532","0.000401","-0.00012","0","11.08","Humid","30.45","0","49.40","251973.52","SABD0002000012","AAV2.0.0.13","4.0.0.2323","PSt7-10","171027-008","9/15/2022 2:43:31 PM","0000-00","0","no battery","V","","µV","","µV"
"11/15/2022","17:48:07","7","default","171425599","OXY_CH7","27.847","min","187.160","μmol/L","Humid","21.109","deg","90020","µV","28.786","°C","1025.000","hPa","36.0","pmil","0","55.700","deg","20.000","°C","100.000","%a.s.","22.210","deg","20.000","°C","971.000","hPa","0.826","-0.01532","0.000401","-0.00012","0","11.08","Humid","30.45","0","49.40","251981.64","SABD0002000012","AAV2.0.0.13","4.0.0.2323","PSt7-10","171027-008","9/15/2022 2:43:31 PM","0000-00","0","no battery","V","","µV","","µV"
"11/15/2022","17:48:08","7","default","171425599","OXY_CH7","27.864","min","187.058","μmol/L","Humid","21.113","deg","90019","µV","28.793","°C","1025.000","hPa","36.0","pmil","0","55.700","deg","20.000","°C","100.000","%a.s.","22.210","deg","20.000","°C","971.000","hPa","0.826","-0.01532","0.000401","-0.00012","0","11.08","Humid","30.45","0","49.40","251972.46","SABD0002000012","AAV2.0.0.13","4.0.0.2323","PSt7-10","171027-008","9/15/2022 2:43:31 PM","0000-00","0","no battery","V","","µV","","µV"
"11/15/2022","17:48:09","7","default","171425599","OXY_CH7","27.881","min","187.074","μmol/L","Humid","21.112","deg","90027","µV","28.793","°C","1025.000","hPa","36.0","pmil","0","55.700","deg","20.000","°C","100.000","%a.s.","22.210","deg","20.000","°C","971.000","hPa","0.826","-0.01532","0.000401","-0.00012","0","11.08","Humid","30.45","0","49.40","251976.42","SABD0002000012","AAV2.0.0.13","4.0.0.2323","PSt7-10","171027-008","9/15/2022 2:43:31 PM","0000-00","0","no battery","V","","µV","","µV"
"11/15/2022","17:48:10","7","default","171425599","OXY_CH7","27.897","min","187.025","μmol/L","Humid","21.115","deg","90026","µV","28.793","°C","1025.000","hPa","36.0","pmil","0","55.700","deg","20.000","°C","100.000","%a.s.","22.210","deg","20.000","°C","971.000","hPa","0.826","-0.01532","0.000401","-0.00012","0","11.08","Humid","30.45","0","49.40","251975.14","SABD0002000012","AAV2.0.0.13","4.0.0.2323","PSt7-10","171027-008","9/15/2022 2:43:31 PM","0000-00","0","no battery","V","","µV","","µV"
"11/15/2022","17:48:11","7","default","171425599","OXY_CH7","27.913","min","187.079","μmol/L","Humid","21.116","deg","90023","µV","28.780","°C","1025.000","hPa","36.0","pmil","0","55.700","deg","20.000","°C","100.000","%a.s.","22.210","deg","20.000","°C","971.000","hPa","0.826","-0.01532","0.000401","-0.00012","0","11.08","Humid","30.45","0","49.40","251983.47","SABD0002000012","AAV2.0.0.13","4.0.0.2323","PSt7-10","171027-008","9/15/2022 2:43:31 PM","0000-00","0","no battery","V","","µV","","µV"
"11/15/2022","17:48:12","7","default","171425599","OXY_CH7","27.930","min","186.942","μmol/L","Humid","21.120","deg","90018","µV","28.793","°C","1025.000","hPa","36.0","pmil","0","55.700","deg","20.000","°C","100.000","%a.s.","22.210","deg","20.000","°C","971.000","hPa","0.826","-0.01532","0.000401","-0.00012","0","11.08","Humid","30.45","0","49.40","251966.81","SABD0002000012","AAV2.0.0.13","4.0.0.2323","PSt7-10","171027-008","9/15/2022 2:43:31 PM","0000-00","0","no battery","V","","µV","","µV"
"11/15/2022","17:48:13","7","default","171425599","OXY_CH7","27.947","min","187.008","μmol/L","Humid","21.116","deg","90028","µV","28.793","°C","1025.000","hPa","36.0","pmil","0","55.700","deg","20.000","°C","100.000","%a.s.","22.210","deg","20.000","°C","971.000","hPa","0.826","-0.01532","0.000401","-0.00012","0","11.08","Humid","30.45","0","49.40","251977.54","SABD0002000012","AAV2.0.0.13","4.0.0.2323","PSt7-10","171027-008","9/15/2022 2:43:31 PM","0000-00","0","no battery","V","","µV","","µV"
"11/15/2022","17:48:14","7","default","171425599","OXY_CH7","27.964","min","187.025","μmol/L","Humid","21.115","deg","90022","µV","28.793","°C","1025.000","hPa","36.0","pmil","0","55.700","deg","20.000","°C","100.000","%a.s.","22.210","deg","20.000","°C","971.000","hPa","0.826","-0.01532","0.000401","-0.00012","0","11.08","Humid","30.45","0","49.40","251968.23","SABD0002000012","AAV2.0.0.13","4.0.0.2323","PSt7-10","171027-008","9/15/2022 2:43:31 PM","0000-00","0","no battery","V","","µV","","µV"
"11/15/2022","17:48:15","7","default","171425599","OXY_CH7","27.981","min","187.027","μmol/L","Humid","21.117","deg","90029","µV","28.786","°C","1025.000","hPa","36.0","pmil","0","55.700","deg","20.000","°C","100.000","%a.s.","22.210","deg","20.000","°C","971.000","hPa","0.826","-0.01532","0.000401","-0.00012","0","11.08","Humid","30.45","0","49.40","251978.32","SABD0002000012","AAV2.0.0.13","4.0.0.2323","PSt7-10","171027-008","9/15/2022 2:43:31 PM","0000-00","0","no battery","V","","µV","","µV"
"11/15/2022","17:48:16","7","default","171425599","OXY_CH7","27.997","min","186.975","μmol/L","Humid","21.118","deg","90022","µV","28.793","°C","1025.000","hPa","36.0","pmil","0","55.700","deg","20.000","°C","100.000","%a.s.","22.210","deg","20.000","°C","971.000","hPa","0.826","-0.01532","0.000401","-0.00012","0","11.08","Humid","30.45","0","49.40","251972.00","SABD0002000012","AAV2.0.0.13","4.0.0.2323","PSt7-10","171027-008","9/15/2022 2:43:31 PM","0000-00","0","no battery","V","","µV","","µV"
"11/15/2022","17:48:17","7","default","171425599","OXY_CH7","28.014","min","186.975","μmol/L","Humid","21.118","deg","90027","µV","28.793","°C","1025.000","hPa","36.0","pmil","0","55.700","deg","20.000","°C","100.000","%a.s.","22.210","deg","20.000","°C","971.000","hPa","0.826","-0.01532","0.000401","-0.00012","0","11.08","Humid","30.45","0","49.40","251968.25","SABD0002000012","AAV2.0.0.13","4.0.0.2323","PSt7-10","171027-008","9/15/2022 2:43:31 PM","0000-00","0","no battery","V","","µV","","µV"
"11/15/2022","17:48:18","7","default","171425599","OXY_CH7","28.031","min","187.041","μmol/L","Humid","21.114","deg","90029","µV","28.793","°C","1025.000","hPa","36.0","pmil","0","55.700","deg","20.000","°C","100.000","%a.s.","22.210","deg","20.000","°C","971.000","hPa","0.826","-0.01532","0.000401","-0.00012","0","11.08","Humid","30.45","0","49.40","251970.57","SABD0002000012","AAV2.0.0.13","4.0.0.2323","PSt7-10","171027-008","9/15/2022 2:43:31 PM","0000-00","0","no battery","V","","µV","","µV"
"11/15/2022","17:48:19","7","default","171425599","OXY_CH7","28.047","min","186.958","μmol/L","Humid","21.119","deg","90032","µV","28.793","°C","1025.000","hPa","36.0","pmil","0","55.700","deg","20.000","°C","100.000","%a.s.","22.210","deg","20.000","°C","971.000","hPa","0.826","-0.01532","0.000401","-0.00012","0","11.08","Humid","30.45","0","49.40","251970.19","SABD0002000012","AAV2.0.0.13","4.0.0.2323","PSt7-10","171027-008","9/15/2022 2:43:31 PM","0000-00","0","no battery","V","","µV","","µV"
"11/15/2022","17:48:20","7","default","171425599","OXY_CH7","28.063","min","187.093","μmol/L","Humid","21.113","deg","90034","µV","28.786","°C","1025.000","hPa","36.0","pmil","0","55.700","deg","20.000","°C","100.000","%a.s.","22.210","deg","20.000","°C","971.000","hPa","0.826","-0.01532","0.000401","-0.00012","0","11.08","Humid","30.45","0","49.40","251974.90","SABD0002000012","AAV2.0.0.13","4.0.0.2323","PSt7-10","171027-008","9/15/2022 2:43:31 PM","0000-00","0","no battery","V","","µV","","µV"
"11/15/2022","17:48:21","7","default","171425599","OXY_CH7","28.080","min","187.045","μmol/L","Humid","21.118","deg","90041","µV","28.780","°C","1025.000","hPa","36.0","pmil","0","55.700","deg","20.000","°C","100.000","%a.s.","22.210","deg","20.000","°C","971.000","hPa","0.826","-0.01532","0.000401","-0.00012","0","11.08","Humid","30.45","0","49.40","251967.12","SABD0002000012","AAV2.0.0.13","4.0.0.2323","PSt7-10","171027-008","9/15/2022 2:43:31 PM","0000-00","0","no battery","V","","µV","","µV"
"11/15/2022","17:48:22","7","default","171425599","OXY_CH7","28.097","min","187.077","μmol/L","Humid","21.114","deg","90038","µV","28.786","°C","1025.000","hPa","36.0","pmil","0","55.700","deg","20.000","°C","100.000","%a.s.","22.210","deg","20.000","°C","971.000","hPa","0.826","-0.01532","0.000401","-0.00012","0","11.08","Humid","30.45","0","49.40","251979.76","SABD0002000012","AAV2.0.0.13","4.0.0.2323","PSt7-10","171027-008","9/15/2022 2:43:31 PM","0000-00","0","no battery","V","","µV","","µV"
"11/15/2022","17:48:23","7","default","171425599","OXY_CH7","28.114","min","187.008","μmol/L","Humid","21.116","deg","90042","µV","28.793","°C","1025.000","hPa","36.0","pmil","0","55.700","deg","20.000","°C","100.000","%a.s.","22.210","deg","20.000","°C","971.000","hPa","0.826","-0.01532","0.000401","-0.00012","0","11.08","Humid","30.45","0","49.40","251969.08","SABD0002000012","AAV2.0.0.13","4.0.0.2323","PSt7-10","171027-008","9/15/2022 2:43:31 PM","0000-00","0","no battery","V","","µV","","µV"
"11/15/2022","17:48:24","7","default","171425599","OXY_CH7","28.130","min","187.074","μmol/L","Humid","21.112","deg","90044","µV","28.793","°C","1025.000","hPa","36.0","pmil","0","55.700","deg","20.000","°C","100.000","%a.s.","22.210","deg","20.000","°C","971.000","hPa","0.826","-0.01532","0.000401","-0.00012","0","11.08","Humid","30.45","0","49.40","251957.89","SABD0002000012","AAV2.0.0.13","4.0.0.2323","PSt7-10","171027-008","9/15/2022 2:43:31 PM","0000-00","0","no battery","V","","µV","","µV"
"11/15/2022","17:48:25","7","default","171425599","OXY_CH7","28.147","min","187.008","μmol/L","Humid","21.116","deg","90041","µV","28.793","°C","1025.000","hPa","36.0","pmil","0","55.700","deg","20.000","°C","100.000","%a.s.","22.210","deg","20.000","°C","971.000","hPa","0.826","-0.01532","0.000401","-0.00012","0","11.08","Humid","30.45","0","49.40","251963.74","SABD0002000012","AAV2.0.0.13","4.0.0.2323","PSt7-10","171027-008","9/15/2022 2:43:31 PM","0000-00","0","no battery","V","","µV","","µV"
"11/15/2022","17:48:26","7","default","171425599","OXY_CH7","28.164","min","186.975","μmol/L","Humid","21.118","deg","90045","µV","28.793","°C","1025.000","hPa","36.0","pmil","0","55.700","deg","20.000","°C","100.000","%a.s.","22.210","deg","20.000","°C","971.000","hPa","0.826","-0.01532","0.000401","-0.00012","0","11.08","Humid","30.45","0","49.40","251967.09","SABD0002000012","AAV2.0.0.13","4.0.0.2323","PSt7-10","171027-008","9/15/2022 2:43:31 PM","0000-00","0","no battery","V","","µV","","µV"
"11/15/2022","17:48:27","7","default","171425599","OXY_CH7","28.181","min","186.890","μmol/L","Humid","21.121","deg","90055","µV","28.799","°C","1025.000","hPa","36.0","pmil","0","55.700","deg","20.000","°C","100.000","%a.s.","22.210","deg","20.000","°C","971.000","hPa","0.826","-0.01532","0.000401","-0.00012","0","11.08","Humid","30.45","0","49.40","251962.68","SABD0002000012","AAV2.0.0.13","4.0.0.2323","PSt7-10","171027-008","9/15/2022 2:43:31 PM","0000-00","0","no battery","V","","µV","","µV"
"11/15/2022","17:48:28","7","default","171425599","OXY_CH7","28.197","min","186.977","μmol/L","Humid","21.120","deg","90045","µV","28.786","°C","1025.000","hPa","36.0","pmil","0","55.700","deg","20.000","°C","100.000","%a.s.","22.210","deg","20.000","°C","971.000","hPa","0.826","-0.01532","0.000401","-0.00012","0","11.08","Humid","30.45","0","49.40","251965.66","SABD0002000012","AAV2.0.0.13","4.0.0.2323","PSt7-10","171027-008","9/15/2022 2:43:31 PM","0000-00","0","no battery","V","","µV","","µV"
"11/15/2022","17:48:29","7","default","171425599","OXY_CH7","28.213","min","186.977","μmol/L","Humid","21.120","deg","90040","µV","28.786","°C","1025.000","hPa","36.0","pmil","0","55.700","deg","20.000","°C","100.000","%a.s.","22.210","deg","20.000","°C","971.000","hPa","0.826","-0.01532","0.000401","-0.00012","0","11.08","Humid","30.45","0","49.40","251964.53","SABD0002000012","AAV2.0.0.13","4.0.0.2323","PSt7-10","171027-008","9/15/2022 2:43:31 PM","0000-00","0","no battery","V","","µV","","µV"
"11/15/2022","17:48:30","7","default","171425599","OXY_CH7","28.230","min","186.960","μmol/L","Humid","21.121","deg","90052","µV","28.786","°C","1025.000","hPa","36.0","pmil","0","55.700","deg","20.000","°C","100.000","%a.s.","22.210","deg","20.000","°C","971.000","hPa","0.826","-0.01532","0.000401","-0.00012","0","11.08","Humid","30.45","0","49.40","251973.92","SABD0002000012","AAV2.0.0.13","4.0.0.2323","PSt7-10","171027-008","9/15/2022 2:43:31 PM","0000-00","0","no battery","V","","µV","","µV"
"11/15/2022","17:48:31","7","default","171425599","OXY_CH7","28.247","min","186.994","μmol/L","Humid","21.119","deg","90050","µV","28.786","°C","1025.000","hPa","36.0","pmil","0","55.700","deg","20.000","°C","100.000","%a.s.","22.210","deg","20.000","°C","971.000","hPa","0.826","-0.01532","0.000401","-0.00012","0","11.08","Humid","30.45","0","49.40","251964.67","SABD0002000012","AAV2.0.0.13","4.0.0.2323","PSt7-10","171027-008","9/15/2022 2:43:31 PM","0000-00","0","no battery","V","","µV","","µV"
"11/15/2022","17:48:32","7","default","171425599","OXY_CH7","28.264","min","187.060","μmol/L","Humid","21.115","deg","90052","µV","28.786","°C","1025.000","hPa","36.0","pmil","0","55.700","deg","20.000","°C","100.000","%a.s.","22.210","deg","20.000","°C","971.000","hPa","0.826","-0.01532","0.000401","-0.00012","0","11.08","Humid","30.45","0","49.40","251983.40","SABD0002000012","AAV2.0.0.13","4.0.0.2323","PSt7-10","171027-008","9/15/2022 2:43:31 PM","0000-00","0","no battery","V","","µV","","µV"
"11/15/2022","17:48:33","7","default","171425599","OXY_CH7","28.281","min","186.994","μmol/L","Humid","21.119","deg","90057","µV","28.786","°C","1025.000","hPa","36.0","pmil","0","55.700","deg","20.000","°C","100.000","%a.s.","22.210","deg","20.000","°C","971.000","hPa","0.826","-0.01532","0.000401","-0.00012","0","11.08","Humid","30.45","0","49.40","251967.65","SABD0002000012","AAV2.0.0.13","4.0.0.2323","PSt7-10","171027-008","9/15/2022 2:43:31 PM","0000-00","0","no battery","V","","µV","","µV"
"11/15/2022","17:48:34","7","default","171425599","OXY_CH7","28.297","min","186.942","μmol/L","Humid","21.120","deg","90058","µV","28.793","°C","1025.000","hPa","36.0","pmil","0","55.700","deg","20.000","°C","100.000","%a.s.","22.210","deg","20.000","°C","971.000","hPa","0.826","-0.01532","0.000401","-0.00012","0","11.08","Humid","30.45","0","49.40","251973.43","SABD0002000012","AAV2.0.0.13","4.0.0.2323","PSt7-10","171027-008","9/15/2022 2:43:31 PM","0000-00","0","no battery","V","","µV","","µV"
"11/15/2022","17:48:35","7","default","171425599","OXY_CH7","28.314","min","186.892","μmol/L","Humid","21.123","deg","90057","µV","28.793","°C","1025.000","hPa","36.0","pmil","0","55.700","deg","20.000","°C","100.000","%a.s.","22.210","deg","20.000","°C","971.000","hPa","0.826","-0.01532","0.000401","-0.00012","0","11.08","Humid","30.45","0","49.40","251961.64","SABD0002000012","AAV2.0.0.13","4.0.0.2323","PSt7-10","171027-008","9/15/2022 2:43:31 PM","0000-00","0","no battery","V","","µV","","µV"
"11/15/2022","17:48:36","7","default","171425599","OXY_CH7","28.331","min","186.994","μmol/L","Humid","21.119","deg","90060","µV","28.786","°C","1025.000","hPa","36.0","pmil","0","55.700","deg","20.000","°C","100.000","%a.s.","22.210","deg","20.000","°C","971.000","hPa","0.826","-0.01532","0.000401","-0.00012","0","11.08","Humid","30.45","0","49.40","251966.75","SABD0002000012","AAV2.0.0.13","4.0.0.2323","PSt7-10","171027-008","9/15/2022 2:43:31 PM","0000-00","0","no battery","V","","µV","","µV"
"11/15/2022","17:48:37","7","default","171425599","OXY_CH7","28.347","min","186.991","μmol/L","Humid","21.117","deg","90061","µV","28.793","°C","1025.000","hPa","36.0","pmil","0","55.700","deg","20.000","°C","100.000","%a.s.","22.210","deg","20.000","°C","971.000","hPa","0.826","-0.01532","0.000401","-0.00012","0","11.08","Humid","30.45","0","49.40","251963.51","SABD0002000012","AAV2.0.0.13","4.0.0.2323","PSt7-10","171027-008","9/15/2022 2:43:31 PM","0000-00","0","no battery","V","","µV","","µV"
"11/15/2022","17:48:38","7","default","171425599","OXY_CH7","28.363","min","186.859","μmol/L","Humid","21.125","deg","90068","µV","28.793","°C","1025.000","hPa","36.0","pmil","0","55.700","deg","20.000","°C","100.000","%a.s.","22.210","deg","20.000","°C","971.000","hPa","0.826","-0.01532","0.000401","-0.00012","0","11.08","Humid","30.45","0","49.40","251951.01","SABD0002000012","AAV2.0.0.13","4.0.0.2323","PSt7-10","171027-008","9/15/2022 2:43:31 PM","0000-00","0","no battery","V","","µV","","µV"
"11/15/2022","17:48:39","7","default","171425599","OXY_CH7","28.380","min","186.927","μmol/L","Humid","21.123","deg","90063","µV","28.786","°C","1025.000","hPa","36.0","pmil","0","55.700","deg","20.000","°C","100.000","%a.s.","22.210","deg","20.000","°C","971.000","hPa","0.826","-0.01532","0.000401","-0.00012","0","11.08","Humid","30.45","0","49.40","251949.99","SABD0002000012","AAV2.0.0.13","4.0.0.2323","PSt7-10","171027-008","9/15/2022 2:43:31 PM","0000-00","0","no battery","V","","µV","","µV"
"11/15/2022","17:48:40","7","default","171425599","OXY_CH7","28.397","min","186.929","μmol/L","Humid","21.125","deg","90066","µV","28.780","°C","1025.000","hPa","36.0","pmil","0","55.700","deg","20.000","°C","100.000","%a.s.","22.210","deg","20.000","°C","971.000","hPa","0.826","-0.01532","0.000401","-0.00012","0","11.08","Humid","30.45","0","49.40","251955.34","SABD0002000012","AAV2.0.0.13","4.0.0.2323","PSt7-10","171027-008","9/15/2022 2:43:31 PM","0000-00","0","no battery","V","","µV","","µV"
"11/15/2022","17:48:41","7","default","171425599","OXY_CH7","28.414","min","186.875","μmol/L","Humid","21.124","deg","90063","µV","28.793","°C","1025.000","hPa","36.0","pmil","0","55.700","deg","20.000","°C","100.000","%a.s.","22.210","deg","20.000","°C","971.000","hPa","0.826","-0.01532","0.000401","-0.00012","0","11.08","Humid","30.45","0","49.40","251941.54","SABD0002000012","AAV2.0.0.13","4.0.0.2323","PSt7-10","171027-008","9/15/2022 2:43:31 PM","0000-00","0","no battery","V","","µV","","µV"
"11/15/2022","17:48:42","7","default","171425599","OXY_CH7","28.431","min","186.927","μmol/L","Humid","21.123","deg","90065","µV","28.786","°C","1025.000","hPa","36.0","pmil","0","55.700","deg","20.000","°C","100.000","%a.s.","22.210","deg","20.000","°C","971.000","hPa","0.826","-0.01532","0.000401","-0.00012","0","11.08","Humid","30.45","0","49.40","251955.07","SABD0002000012","AAV2.0.0.13","4.0.0.2323","PSt7-10","171027-008","9/15/2022 2:43:31 PM","0000-00","0","no battery","V","","µV","","µV"
"11/15/2022","17:48:43","7","default","171425599","OXY_CH7","28.447","min","186.944","μmol/L","Humid","21.122","deg","90069","µV","28.786","°C","1025.000","hPa","36.0","pmil","0","55.700","deg","20.000","°C","100.000","%a.s.","22.210","deg","20.000","°C","971.000","hPa","0.826","-0.01532","0.000401","-0.00012","0","11.08","Humid","30.45","0","49.40","251946.63","SABD0002000012","AAV2.0.0.13","4.0.0.2323","PSt7-10","171027-008","9/15/2022 2:43:31 PM","0000-00","0","no battery","V","","µV","","µV"
"11/15/2022","17:48:44","7","default","171425599","OXY_CH7","28.463","min","186.925","μmol/L","Humid","21.121","deg","90065","µV","28.793","°C","1025.000","hPa","36.0","pmil","0","55.700","deg","20.000","°C","100.000","%a.s.","22.210","deg","20.000","°C","971.000","hPa","0.826","-0.01532","0.000401","-0.00012","0","11.08","Humid","30.45","0","49.40","251947.44","SABD0002000012","AAV2.0.0.13","4.0.0.2323","PSt7-10","171027-008","9/15/2022 2:43:31 PM","0000-00","0","no battery","V","","µV","","µV"
"11/15/2022","17:48:45","7","default","171425599","OXY_CH7","28.480","min","186.944","μmol/L","Humid","21.122","deg","90072","µV","28.786","°C","1025.000","hPa","36.0","pmil","0","55.700","deg","20.000","°C","100.000","%a.s.","22.210","deg","20.000","°C","971.000","hPa","0.826","-0.01532","0.000401","-0.00012","0","11.08","Humid","30.45","0","49.40","251949.05","SABD0002000012","AAV2.0.0.13","4.0.0.2323","PSt7-10","171027-008","9/15/2022 2:43:31 PM","0000-00","0","no battery","V","","µV","","µV"
"11/15/2022","17:48:46","7","default","171425599","OXY_CH7","28.497","min","186.925","μmol/L","Humid","21.121","deg","90072","µV","28.793","°C","1025.000","hPa","36.0","pmil","0","55.700","deg","20.000","°C","100.000","%a.s.","22.210","deg","20.000","°C","971.000","hPa","0.826","-0.01532","0.000401","-0.00012","0","11.08","Humid","30.45","0","49.40","251948.79","SABD0002000012","AAV2.0.0.13","4.0.0.2323","PSt7-10","171027-008","9/15/2022 2:43:31 PM","0000-00","0","no battery","V","","µV","","µV"
"11/15/2022","17:48:47","7","default","171425599","OXY_CH7","28.514","min","186.908","μmol/L","Humid","21.122","deg","90068","µV","28.793","°C","1025.000","hPa","36.0","pmil","0","55.700","deg","20.000","°C","100.000","%a.s.","22.210","deg","20.000","°C","971.000","hPa","0.826","-0.01532","0.000401","-0.00012","0","11.08","Humid","30.45","0","49.40","251953.21","SABD0002000012","AAV2.0.0.13","4.0.0.2323","PSt7-10","171027-008","9/15/2022 2:43:31 PM","0000-00","0","no battery","V","","µV","","µV"
"11/15/2022","17:48:48","7","default","171425599","OXY_CH7","28.531","min","186.946","μmol/L","Humid","21.124","deg","90079","µV","28.780","°C","1025.000","hPa","36.0","pmil","0","55.700","deg","20.000","°C","100.000","%a.s.","22.210","deg","20.000","°C","971.000","hPa","0.826","-0.01532","0.000401","-0.00012","0","11.08","Humid","30.45","0","49.40","251950.38","SABD0002000012","AAV2.0.0.13","4.0.0.2323","PSt7-10","171027-008","9/15/2022 2:43:31 PM","0000-00","0","no battery","V","","µV","","µV"
"11/15/2022","17:48:49","7","default","171425599","OXY_CH7","28.547","min","186.894","μmol/L","Humid","21.125","deg","90080","µV","28.786","°C","1025.000","hPa","36.0","pmil","0","55.700","deg","20.000","°C","100.000","%a.s.","22.210","deg","20.000","°C","971.000","hPa","0.826","-0.01532","0.000401","-0.00012","0","11.08","Humid","30.45","0","49.40","251947.12","SABD0002000012","AAV2.0.0.13","4.0.0.2323","PSt7-10","171027-008","9/15/2022 2:43:31 PM","0000-00","0","no battery","V","","µV","","µV"
"11/15/2022","17:48:50","7","default","171425599","OXY_CH7","28.564","min","186.861","μmol/L","Humid","21.127","deg","90077","µV","28.786","°C","1025.000","hPa","36.0","pmil","0","55.700","deg","20.000","°C","100.000","%a.s.","22.210","deg","20.000","°C","971.000","hPa","0.826","-0.01532","0.000401","-0.00012","0","11.08","Humid","30.45","0","49.40","251946.96","SABD0002000012","AAV2.0.0.13","4.0.0.2323","PSt7-10","171027-008","9/15/2022 2:43:31 PM","0000-00","0","no battery","V","","µV","","µV"
"11/15/2022","17:48:51","7","default","171425599","OXY_CH7","28.581","min","186.979","μmol/L","Humid","21.122","deg","90084","µV","28.780","°C","1025.000","hPa","36.0","pmil","0","55.700","deg","20.000","°C","100.000","%a.s.","22.210","deg","20.000","°C","971.000","hPa","0.826","-0.01532","0.000401","-0.00012","0","11.08","Humid","30.45","0","49.40","251941.76","SABD0002000012","AAV2.0.0.13","4.0.0.2323","PSt7-10","171027-008","9/15/2022 2:43:31 PM","0000-00","0","no battery","V","","µV","","µV"
"11/15/2022","17:48:52","7","default","171425599","OXY_CH7","28.597","min","186.877","μmol/L","Humid","21.126","deg","90080","µV","28.786","°C","1025.000","hPa","36.0","pmil","0","55.700","deg","20.000","°C","100.000","%a.s.","22.210","deg","20.000","°C","971.000","hPa","0.826","-0.01532","0.000401","-0.00012","0","11.08","Humid","30.45","0","49.40","251947.04","SABD0002000012","AAV2.0.0.13","4.0.0.2323","PSt7-10","171027-008","9/15/2022 2:43:31 PM","0000-00","0","no battery","V","","µV","","µV"
"11/15/2022","17:48:53","7","default","171425599","OXY_CH7","28.613","min","186.913","μmol/L","Humid","21.126","deg","90080","µV","28.780","°C","1025.000","hPa","36.0","pmil","0","55.700","deg","20.000","°C","100.000","%a.s.","22.210","deg","20.000","°C","971.000","hPa","0.826","-0.01532","0.000401","-0.00012","0","11.08","Humid","30.45","0","49.40","251949.21","SABD0002000012","AAV2.0.0.13","4.0.0.2323","PSt7-10","171027-008","9/15/2022 2:43:31 PM","0000-00","0","no battery","V","","µV","","µV"
"11/15/2022","17:48:54","7","default","171425599","OXY_CH7","28.630","min","186.927","μmol/L","Humid","21.123","deg","90079","µV","28.786","°C","1025.000","hPa","36.0","pmil","0","55.700","deg","20.000","°C","100.000","%a.s.","22.210","deg","20.000","°C","971.000","hPa","0.826","-0.01532","0.000401","-0.00012","0","11.08","Humid","30.45","0","49.40","251942.71","SABD0002000012","AAV2.0.0.13","4.0.0.2323","PSt7-10","171027-008","9/15/2022 2:43:31 PM","0000-00","0","no battery","V","","µV","","µV"
"11/15/2022","17:48:55","7","default","171425599","OXY_CH7","28.647","min","186.859","μmol/L","Humid","21.125","deg","90087","µV","28.793","°C","1025.000","hPa","36.0","pmil","0","55.700","deg","20.000","°C","100.000","%a.s.","22.210","deg","20.000","°C","971.000","hPa","0.826","-0.01532","0.000401","-0.00012","0","11.08","Humid","30.45","0","49.40","251947.44","SABD0002000012","AAV2.0.0.13","4.0.0.2323","PSt7-10","171027-008","9/15/2022 2:43:31 PM","0000-00","0","no battery","V","","µV","","µV"
"11/15/2022","17:48:56","7","default","171425599","OXY_CH7","28.664","min","186.842","μmol/L","Humid","21.126","deg","90081","µV","28.793","°C","1025.000","hPa","36.0","pmil","0","55.700","deg","20.000","°C","100.000","%a.s.","22.210","deg","20.000","°C","971.000","hPa","0.826","-0.01532","0.000401","-0.00012","0","11.08","Humid","30.45","0","49.40","251930.26","SABD0002000012","AAV2.0.0.13","4.0.0.2323","PSt7-10","171027-008","9/15/2022 2:43:31 PM","0000-00","0","no battery","V","","µV","","µV"
"11/15/2022","17:48:57","7","default","171425599","OXY_CH7","28.681","min","186.894","μmol/L","Humid","21.125","deg","90082","µV","28.786","°C","1025.000","hPa","36.0","pmil","0","55.700","deg","20.000","°C","100.000","%a.s.","22.210","deg","20.000","°C","971.000","hPa","0.826","-0.01532","0.000401","-0.00012","0","11.08","Humid","30.45","0","49.40","251943.24","SABD0002000012","AAV2.0.0.13","4.0.0.2323","PSt7-10","171027-008","9/15/2022 2:43:31 PM","0000-00","0","no battery","V","","µV","","µV"
"11/15/2022","17:48:58","7","default","171425599","OXY_CH7","28.697","min","186.929","μmol/L","Humid","21.125","deg","90085","µV","28.780","°C","1025.000","hPa","36.0","pmil","0","55.700","deg","20.000","°C","100.000","%a.s.","22.210","deg","20.000","°C","971.000","hPa","0.826","-0.01532","0.000401","-0.00012","0","11.08","Humid","30.45","0","49.40","251944.43","SABD0002000012","AAV2.0.0.13","4.0.0.2323","PSt7-10","171027-008","9/15/2022 2:43:31 PM","0000-00","0","no battery","V","","µV","","µV"
"11/15/2022","17:48:59","7","default","171425599","OXY_CH7","28.714","min","186.944","μmol/L","Humid","21.122","deg","90094","µV","28.786","°C","1025.000","hPa","36.0","pmil","0","55.700","deg","20.000","°C","100.000","%a.s.","22.210","deg","20.000","°C","971.000","hPa","0.826","-0.01532","0.000401","-0.00012","0","11.08","Humid","30.45","0","49.40","251935.98","SABD0002000012","AAV2.0.0.13","4.0.0.2323","PSt7-10","171027-008","9/15/2022 2:43:31 PM","0000-00","0","no battery","V","","µV","","µV"
"11/15/2022","17:49:00","7","default","171425599","OXY_CH7","28.730","min","186.894","μmol/L","Humid","21.125","deg","90082","µV","28.786","°C","1025.000","hPa","36.0","pmil","0","55.700","deg","20.000","°C","100.000","%a.s.","22.210","deg","20.000","°C","971.000","hPa","0.826","-0.01532","0.000401","-0.00012","0","11.08","Humid","30.45","0","49.40","251939.37","SABD0002000012","AAV2.0.0.13","4.0.0.2323","PSt7-10","171027-008","9/15/2022 2:43:31 PM","0000-00","0","no battery","V","","µV","","µV"
"11/15/2022","17:49:01","7","default","171425599","OXY_CH7","28.747","min","186.825","μmol/L","Humid","21.127","deg","90085","µV","28.793","°C","1025.000","hPa","36.0","pmil","0","55.700","deg","20.000","°C","100.000","%a.s.","22.210","deg","20.000","°C","971.000","hPa","0.826","-0.01532","0.000401","-0.00012","0","11.08","Humid","30.45","0","49.40","251937.97","SABD0002000012","AAV2.0.0.13","4.0.0.2323","PSt7-10","171027-008","9/15/2022 2:43:31 PM","0000-00","0","no battery","V","","µV","","µV"
"11/15/2022","17:49:02","7","default","171425599","OXY_CH7","28.764","min","186.946","μmol/L","Humid","21.124","deg","90094","µV","28.780","°C","1025.000","hPa","36.0","pmil","0","55.700","deg","20.000","°C","100.000","%a.s.","22.210","deg","20.000","°C","971.000","hPa","0.826","-0.01532","0.000401","-0.00012","0","11.08","Humid","30.45","0","49.40","251941.07","SABD0002000012","AAV2.0.0.13","4.0.0.2323","PSt7-10","171027-008","9/15/2022 2:43:31 PM","0000-00","0","no battery","V","","µV","","µV"
"11/15/2022","17:49:03","7","default","171425599","OXY_CH7","28.780","min","186.877","μmol/L","Humid","21.126","deg","90092","µV","28.786","°C","1025.000","hPa","36.0","pmil","0","55.700","deg","20.000","°C","100.000","%a.s.","22.210","deg","20.000","°C","971.000","hPa","0.826","-0.01532","0.000401","-0.00012","0","11.08","Humid","30.45","0","49.40","251932.85","SABD0002000012","AAV2.0.0.13","4.0.0.2323","PSt7-10","171027-008","9/15/2022 2:43:31 PM","0000-00","0","no battery","V","","µV","","µV"
"11/15/2022","17:49:04","7","default","171425599","OXY_CH7","28.797","min","186.792","μmol/L","Humid","21.129","deg","90095","µV","28.793","°C","1025.000","hPa","36.0","pmil","0","55.700","deg","20.000","°C","100.000","%a.s.","22.210","deg","20.000","°C","971.000","hPa","0.826","-0.01532","0.000401","-0.00012","0","11.08","Humid","30.45","0","49.40","251914.88","SABD0002000012","AAV2.0.0.13","4.0.0.2323","PSt7-10","171027-008","9/15/2022 2:43:31 PM","0000-00","0","no battery","V","","µV","","µV"
"11/15/2022","17:49:05","7","default","171425599","OXY_CH7","28.814","min","186.896","μmol/L","Humid","21.127","deg","90090","µV","28.780","°C","1025.000","hPa","36.0","pmil","0","55.700","deg","20.000","°C","100.000","%a.s.","22.210","deg","20.000","°C","971.000","hPa","0.826","-0.01532","0.000401","-0.00012","0","11.08","Humid","30.45","0","49.40","251932.82","SABD0002000012","AAV2.0.0.13","4.0.0.2323","PSt7-10","171027-008","9/15/2022 2:43:31 PM","0000-00","0","no battery","V","","µV","","µV"
"11/15/2022","17:49:06","7","default","171425599","OXY_CH7","28.831","min","186.877","μmol/L","Humid","21.126","deg","90102","µV","28.786","°C","1025.000","hPa","36.0","pmil","0","55.700","deg","20.000","°C","100.000","%a.s.","22.210","deg","20.000","°C","971.000","hPa","0.826","-0.01532","0.000401","-0.00012","0","11.08","Humid","30.45","0","49.40","251944.76","SABD0002000012","AAV2.0.0.13","4.0.0.2323","PSt7-10","171027-008","9/15/2022 2:43:31 PM","0000-00","0","no battery","V","","µV","","µV"
"11/15/2022","17:49:07","7","default","171425599","OXY_CH7","28.847","min","186.761","μmol/L","Humid","21.133","deg","90097","µV","28.786","°C","1025.000","hPa","36.0","pmil","0","55.700","deg","20.000","°C","100.000","%a.s.","22.210","deg","20.000","°C","971.000","hPa","0.826","-0.01532","0.000401","-0.00012","0","11.08","Humid","30.45","0","49.40","251939.49","SABD0002000012","AAV2.0.0.13","4.0.0.2323","PSt7-10","171027-008","9/15/2022 2:43:31 PM","0000-00","0","no battery","V","","µV","","µV"
"11/15/2022","17:49:08","7","default","171425599","OXY_CH7","28.864","min","186.894","μmol/L","Humid","21.125","deg","90099","µV","28.786","°C","1025.000","hPa","36.0","pmil","0","55.700","deg","20.000","°C","100.000","%a.s.","22.210","deg","20.000","°C","971.000","hPa","0.826","-0.01532","0.000401","-0.00012","0","11.08","Humid","30.45","0","49.40","251923.18","SABD0002000012","AAV2.0.0.13","4.0.0.2323","PSt7-10","171027-008","9/15/2022 2:43:31 PM","0000-00","0","no battery","V","","µV","","µV"
"11/15/2022","17:49:09","7","default","171425599","OXY_CH7","28.880","min","186.877","μmol/L","Humid","21.126","deg","90099","µV","28.786","°C","1025.000","hPa","36.0","pmil","0","55.700","deg","20.000","°C","100.000","%a.s.","22.210","deg","20.000","°C","971.000","hPa","0.826","-0.01532","0.000401","-0.00012","0","11.08","Humid","30.45","0","49.40","251924.29","SABD0002000012","AAV2.0.0.13","4.0.0.2323","PSt7-10","171027-008","9/15/2022 2:43:31 PM","0000-00","0","no battery","V","","µV","","µV"
"11/15/2022","17:49:10","7","default","171425599","OXY_CH7","28.897","min","186.759","μmol/L","Humid","21.131","deg","90112","µV","28.793","°C","1025.000","hPa","36.0","pmil","0","55.700","deg","20.000","°C","100.000","%a.s.","22.210","deg","20.000","°C","971.000","hPa","0.826","-0.01532","0.000401","-0.00012","0","11.08","Humid","30.45","0","49.40","251930.51","SABD0002000012","AAV2.0.0.13","4.0.0.2323","PSt7-10","171027-008","9/15/2022 2:43:31 PM","0000-00","0","no battery","V","","µV","","µV"
"11/15/2022","17:49:11","7","default","171425599","OXY_CH7","28.914","min","186.778","μmol/L","Humid","21.132","deg","90106","µV","28.786","°C","1025.000","hPa","36.0","pmil","0","55.700","deg","20.000","°C","100.000","%a.s.","22.210","deg","20.000","°C","971.000","hPa","0.826","-0.01532","0.000401","-0.00012","0","11.08","Humid","30.45","0","49.40","251930.90","SABD0002000012","AAV2.0.0.13","4.0.0.2323","PSt7-10","171027-008","9/15/2022 2:43:31 PM","0000-00","0","no battery","V","","µV","","µV"
"11/15/2022","17:49:12","7","default","171425599","OXY_CH7","28.930","min","186.778","μmol/L","Humid","21.132","deg","90106","µV","28.786","°C","1025.000","hPa","36.0","pmil","0","55.700","deg","20.000","°C","100.000","%a.s.","22.210","deg","20.000","°C","971.000","hPa","0.826","-0.01532","0.000401","-0.00012","0","11.08","Humid","30.45","0","49.40","251932.67","SABD0002000012","AAV2.0.0.13","4.0.0.2323","PSt7-10","171027-008","9/15/2022 2:43:31 PM","0000-00","0","no battery","V","","µV","","µV"
"11/15/2022","17:49:13","7","default","171425599","OXY_CH7","28.947","min","186.776","μmol/L","Humid","21.130","deg","90111","µV","28.793","°C","1025.000","hPa","36.0","pmil","0","55.700","deg","20.000","°C","100.000","%a.s.","22.210","deg","20.000","°C","971.000","hPa","0.826","-0.01532","0.000401","-0.00012","0","11.08","Humid","30.45","0","49.40","251924.36","SABD0002000012","AAV2.0.0.13","4.0.0.2323","PSt7-10","171027-008","9/15/2022 2:43:31 PM","0000-00","0","no battery","V","","µV","","µV"
"11/15/2022","17:49:14","7","default","171425599","OXY_CH7","28.964","min","186.877","μmol/L","Humid","21.126","deg","90112","µV","28.786","°C","1025.000","hPa","36.0","pmil","0","55.700","deg","20.000","°C","100.000","%a.s.","22.210","deg","20.000","°C","971.000","hPa","0.826","-0.01532","0.000401","-0.00012","0","11.08","Humid","30.45","0","49.40","251935.58","SABD0002000012","AAV2.0.0.13","4.0.0.2323","PSt7-10","171027-008","9/15/2022 2:43:31 PM","0000-00","0","no battery","V","","µV","","µV"
"11/15/2022","17:49:15","7","default","171425599","OXY_CH7","28.981","min","186.745","μmol/L","Humid","21.134","deg","90113","µV","28.786","°C","1025.000","hPa","36.0","pmil","0","55.700","deg","20.000","°C","100.000","%a.s.","22.210","deg","20.000","°C","971.000","hPa","0.826","-0.01532","0.000401","-0.00012","0","11.08","Humid","30.45","0","49.40","251924.18","SABD0002000012","AAV2.0.0.13","4.0.0.2323","PSt7-10","171027-008","9/15/2022 2:43:31 PM","0000-00","0","no battery","V","","µV","","µV"
"11/15/2022","17:49:16","7","default","171425599","OXY_CH7","28.997","min","186.846","μmol/L","Humid","21.130","deg","90115","µV","28.780","°C","1025.000","hPa","36.0","pmil","0","55.700","deg","20.000","°C","100.000","%a.s.","22.210","deg","20.000","°C","971.000","hPa","0.826","-0.01532","0.000401","-0.00012","0","11.08","Humid","30.45","0","49.40","251936.59","SABD0002000012","AAV2.0.0.13","4.0.0.2323","PSt7-10","171027-008","9/15/2022 2:43:31 PM","0000-00","0","no battery","V","","µV","","µV"
"11/15/2022","17:49:17","7","default","171425599","OXY_CH7","29.013","min","186.828","μmol/L","Humid","21.129","deg","90114","µV","28.786","°C","1025.000","hPa","36.0","pmil","0","55.700","deg","20.000","°C","100.000","%a.s.","22.210","deg","20.000","°C","971.000","hPa","0.826","-0.01532","0.000401","-0.00012","0","11.08","Humid","30.45","0","49.40","251927.04","SABD0002000012","AAV2.0.0.13","4.0.0.2323","PSt7-10","171027-008","9/15/2022 2:43:31 PM","0000-00","0","no battery","V","","µV","","µV"
"11/15/2022","17:49:18","7","default","171425599","OXY_CH7","29.030","min","186.761","μmol/L","Humid","21.133","deg","90109","µV","28.786","°C","1025.000","hPa","36.0","pmil","0","55.700","deg","20.000","°C","100.000","%a.s.","22.210","deg","20.000","°C","971.000","hPa","0.826","-0.01532","0.000401","-0.00012","0","11.08","Humid","30.45","0","49.40","251937.21","SABD0002000012","AAV2.0.0.13","4.0.0.2323","PSt7-10","171027-008","9/15/2022 2:43:31 PM","0000-00","0","no battery","V","","µV","","µV"
"11/15/2022","17:49:19","7","default","171425599","OXY_CH7","29.047","min","186.859","μmol/L","Humid","21.125","deg","90116","µV","28.793","°C","1025.000","hPa","36.0","pmil","0","55.700","deg","20.000","°C","100.000","%a.s.","22.210","deg","20.000","°C","971.000","hPa","0.826","-0.01532","0.000401","-0.00012","0","11.08","Humid","30.45","0","49.40","251932.41","SABD0002000012","AAV2.0.0.13","4.0.0.2323","PSt7-10","171027-008","9/15/2022 2:43:31 PM","0000-00","0","no battery","V","","µV","","µV"
"11/15/2022","17:49:20","7","default","171425599","OXY_CH7","29.064","min","186.846","μmol/L","Humid","21.130","deg","90115","µV","28.780","°C","1025.000","hPa","36.0","pmil","0","55.700","deg","20.000","°C","100.000","%a.s.","22.210","deg","20.000","°C","971.000","hPa","0.826","-0.01532","0.000401","-0.00012","0","11.08","Humid","30.45","0","49.40","251928.39","SABD0002000012","AAV2.0.0.13","4.0.0.2323","PSt7-10","171027-008","9/15/2022 2:43:31 PM","0000-00","0","no battery","V","","µV","","µV"
"11/15/2022","17:49:21","7","default","171425599","OXY_CH7","29.081","min","186.794","μmol/L","Humid","21.131","deg","90117","µV","28.786","°C","1025.000","hPa","36.0","pmil","0","55.700","deg","20.000","°C","100.000","%a.s.","22.210","deg","20.000","°C","971.000","hPa","0.826","-0.01532","0.000401","-0.00012","0","11.08","Humid","30.45","0","49.40","251922.52","SABD0002000012","AAV2.0.0.13","4.0.0.2323","PSt7-10","171027-008","9/15/2022 2:43:31 PM","0000-00","0","no battery","V","","µV","","µV"
"11/15/2022","17:49:22","7","default","171425599","OXY_CH7","29.097","min","186.761","μmol/L","Humid","21.133","deg","90125","µV","28.786","°C","1025.000","hPa","36.0","pmil","0","55.700","deg","20.000","°C","100.000","%a.s.","22.210","deg","20.000","°C","971.000","hPa","0.826","-0.01532","0.000401","-0.00012","0","11.08","Humid","30.45","0","49.40","251931.18","SABD0002000012","AAV2.0.0.13","4.0.0.2323","PSt7-10","171027-008","9/15/2022 2:43:31 PM","0000-00","0","no battery","V","","µV","","µV"
"11/15/2022","17:49:23","7","default","171425599","OXY_CH7","29.114","min","186.830","μmol/L","Humid","21.131","deg","90118","µV","28.780","°C","1025.000","hPa","36.0","pmil","0","55.700","deg","20.000","°C","100.000","%a.s.","22.210","deg","20.000","°C","971.000","hPa","0.826","-0.01532","0.000401","-0.00012","0","11.08","Humid","30.45","0","49.40","251941.91","SABD0002000012","AAV2.0.0.13","4.0.0.2323","PSt7-10","171027-008","9/15/2022 2:43:31 PM","0000-00","0","no battery","V","","µV","","µV"
"11/15/2022","17:49:24","7","default","171425599","OXY_CH7","29.131","min","186.778","μmol/L","Humid","21.132","deg","90120","µV","28.786","°C","1025.000","hPa","36.0","pmil","0","55.700","deg","20.000","°C","100.000","%a.s.","22.210","deg","20.000","°C","971.000","hPa","0.826","-0.01532","0.000401","-0.00012","0","11.08","Humid","30.45","0","49.40","251919.90","SABD0002000012","AAV2.0.0.13","4.0.0.2323","PSt7-10","171027-008","9/15/2022 2:43:31 PM","0000-00","0","no battery","V","","µV","","µV"
"11/15/2022","17:49:25","7","default","171425599","OXY_CH7","29.147","min","186.799","μmol/L","Humid","21.135","deg","90120","µV","28.774","°C","1025.000","hPa","36.0","pmil","0","55.700","deg","20.000","°C","100.000","%a.s.","22.210","deg","20.000","°C","971.000","hPa","0.826","-0.01532","0.000401","-0.00012","0","11.08","Humid","30.45","0","49.40","251929.17","SABD0002000012","AAV2.0.0.13","4.0.0.2323","PSt7-10","171027-008","9/15/2022 2:43:31 PM","0000-00","0","no battery","V","","µV","","µV"
"11/15/2022","17:49:26","7","default","171425599","OXY_CH7","29.163","min","186.846","μmol/L","Humid","21.130","deg","90121","µV","28.780","°C","1025.000","hPa","36.0","pmil","0","55.700","deg","20.000","°C","100.000","%a.s.","22.210","deg","20.000","°C","971.000","hPa","0.826","-0.01532","0.000401","-0.00012","0","11.08","Humid","30.45","0","49.40","251925.06","SABD0002000012","AAV2.0.0.13","4.0.0.2323","PSt7-10","171027-008","9/15/2022 2:43:31 PM","0000-00","0","no battery","V","","µV","","µV"
"11/15/2022","17:49:27","7","default","171425599","OXY_CH7","29.180","min","186.780","μmol/L","Humid","21.134","deg","90125","µV","28.780","°C","1025.000","hPa","36.0","pmil","0","55.700","deg","20.000","°C","100.000","%a.s.","22.210","deg","20.000","°C","971.000","hPa","0.826","-0.01532","0.000401","-0.00012","0","11.08","Humid","30.45","0","49.40","251915.83","SABD0002000012","AAV2.0.0.13","4.0.0.2323","PSt7-10","171027-008","9/15/2022 2:43:31 PM","0000-00","0","no battery","V","","µV","","µV"
"11/15/2022","17:49:28","7","default","171425599","OXY_CH7","29.197","min","186.761","μmol/L","Humid","21.133","deg","90124","µV","28.786","°C","1025.000","hPa","36.0","pmil","0","55.700","deg","20.000","°C","100.000","%a.s.","22.210","deg","20.000","°C","971.000","hPa","0.826","-0.01532","0.000401","-0.00012","0","11.08","Humid","30.45","0","49.40","251927.90","SABD0002000012","AAV2.0.0.13","4.0.0.2323","PSt7-10","171027-008","9/15/2022 2:43:31 PM","0000-00","0","no battery","V","","µV","","µV"
"11/15/2022","17:49:29","7","default","171425599","OXY_CH7","29.214","min","186.830","μmol/L","Humid","21.131","deg","90128","µV","28.780","°C","1025.000","hPa","36.0","pmil","0","55.700","deg","20.000","°C","100.000","%a.s.","22.210","deg","20.000","°C","971.000","hPa","0.826","-0.01532","0.000401","-0.00012","0","11.08","Humid","30.45","0","49.40","251930.65","SABD0002000012","AAV2.0.0.13","4.0.0.2323","PSt7-10","171027-008","9/15/2022 2:43:31 PM","0000-00","0","no battery","V","","µV","","µV"
"11/15/2022","17:49:30","7","default","171425599","OXY_CH7","29.230","min","186.813","μmol/L","Humid","21.132","deg","90126","µV","28.780","°C","1025.000","hPa","36.0","pmil","0","55.700","deg","20.000","°C","100.000","%a.s.","22.210","deg","20.000","°C","971.000","hPa","0.826","-0.01532","0.000401","-0.00012","0","11.08","Humid","30.45","0","49.40","251915.07","SABD0002000012","AAV2.0.0.13","4.0.0.2323","PSt7-10","171027-008","9/15/2022 2:43:31 PM","0000-00","0","no battery","V","","µV","","µV"
"11/15/2022","17:49:31","7","default","171425599","OXY_CH7","29.247","min","186.828","μmol/L","Humid","21.129","deg","90125","µV","28.786","°C","1025.000","hPa","36.0","pmil","0","55.700","deg","20.000","°C","100.000","%a.s.","22.210","deg","20.000","°C","971.000","hPa","0.826","-0.01532","0.000401","-0.00012","0","11.08","Humid","30.45","0","49.40","251926.40","SABD0002000012","AAV2.0.0.13","4.0.0.2323","PSt7-10","171027-008","9/15/2022 2:43:31 PM","0000-00","0","no battery","V","","µV","","µV"
"11/15/2022","17:49:32","7","default","171425599","OXY_CH7","29.264","min","186.813","μmol/L","Humid","21.132","deg","90129","µV","28.780","°C","1025.000","hPa","36.0","pmil","0","55.700","deg","20.000","°C","100.000","%a.s.","22.210","deg","20.000","°C","971.000","hPa","0.826","-0.01532","0.000401","-0.00012","0","11.08","Humid","30.45","0","49.40","251918.33","SABD0002000012","AAV2.0.0.13","4.0.0.2323","PSt7-10","171027-008","9/15/2022 2:43:31 PM","0000-00","0","no battery","V","","µV","","µV"
"11/15/2022","17:49:33","7","default","171425599","OXY_CH7","29.281","min","186.765","μmol/L","Humid","21.137","deg","90127","µV","28.774","°C","1025.000","hPa","36.0","pmil","0","55.700","deg","20.000","°C","100.000","%a.s.","22.210","deg","20.000","°C","971.000","hPa","0.826","-0.01532","0.000401","-0.00012","0","11.08","Humid","30.45","0","49.40","251904.35","SABD0002000012","AAV2.0.0.13","4.0.0.2323","PSt7-10","171027-008","9/15/2022 2:43:31 PM","0000-00","0","no battery","V","","µV","","µV"
"11/15/2022","17:49:34","7","default","171425599","OXY_CH7","29.297","min","186.763","μmol/L","Humid","21.135","deg","90133","µV","28.780","°C","1025.000","hPa","36.0","pmil","0","55.700","deg","20.000","°C","100.000","%a.s.","22.210","deg","20.000","°C","971.000","hPa","0.826","-0.01532","0.000401","-0.00012","0","11.08","Humid","30.45","0","49.40","251911.82","SABD0002000012","AAV2.0.0.13","4.0.0.2323","PSt7-10","171027-008","9/15/2022 2:43:31 PM","0000-00","0","no battery","V","","µV","","µV"
"11/15/2022","17:49:35","7","default","171425599","OXY_CH7","29.313","min","186.747","μmol/L","Humid","21.136","deg","90134","µV","28.780","°C","1025.000","hPa","36.0","pmil","0","55.700","deg","20.000","°C","100.000","%a.s.","22.210","deg","20.000","°C","971.000","hPa","0.826","-0.01532","0.000401","-0.00012","0","11.08","Humid","30.45","0","49.40","251910.71","SABD0002000012","AAV2.0.0.13","4.0.0.2323","PSt7-10","171027-008","9/15/2022 2:43:31 PM","0000-00","0","no battery","V","","µV","","µV"
"11/15/2022","17:49:36","7","default","171425599","OXY_CH7","29.330","min","186.778","μmol/L","Humid","21.132","deg","90135","µV","28.786","°C","1025.000","hPa","36.0","pmil","0","55.700","deg","20.000","°C","100.000","%a.s.","22.210","deg","20.000","°C","971.000","hPa","0.826","-0.01532","0.000401","-0.00012","0","11.08","Humid","30.45","0","49.40","251918.53","SABD0002000012","AAV2.0.0.13","4.0.0.2323","PSt7-10","171027-008","9/15/2022 2:43:31 PM","0000-00","0","no battery","V","","µV","","µV"
"11/15/2022","17:49:37","7","default","171425599","OXY_CH7","29.347","min","186.796","μmol/L","Humid","21.133","deg","90141","µV","28.780","°C","1025.000","hPa","36.0","pmil","0","55.700","deg","20.000","°C","100.000","%a.s.","22.210","deg","20.000","°C","971.000","hPa","0.826","-0.01532","0.000401","-0.00012","0","11.08","Humid","30.45","0","49.40","251928.66","SABD0002000012","AAV2.0.0.13","4.0.0.2323","PSt7-10","171027-008","9/15/2022 2:43:31 PM","0000-00","0","no battery","V","","µV","","µV"
"11/15/2022","17:49:38","7","default","171425599","OXY_CH7","29.364","min","186.745","μmol/L","Humid","21.134","deg","90140","µV","28.786","°C","1025.000","hPa","36.0","pmil","0","55.700","deg","20.000","°C","100.000","%a.s.","22.210","deg","20.000","°C","971.000","hPa","0.826","-0.01532","0.000401","-0.00012","0","11.08","Humid","30.45","0","49.40","251916.75","SABD0002000012","AAV2.0.0.13","4.0.0.2323","PSt7-10","171027-008","9/15/2022 2:43:31 PM","0000-00","0","no battery","V","","µV","","µV"
"11/15/2022","17:49:39","7","default","171425599","OXY_CH7","29.381","min","186.747","μmol/L","Humid","21.136","deg","90143","µV","28.780","°C","1025.000","hPa","36.0","pmil","0","55.700","deg","20.000","°C","100.000","%a.s.","22.210","deg","20.000","°C","971.000","hPa","0.826","-0.01532","0.000401","-0.00012","0","11.08","Humid","30.45","0","49.40","251911.73","SABD0002000012","AAV2.0.0.13","4.0.0.2323","PSt7-10","171027-008","9/15/2022 2:43:31 PM","0000-00","0","no battery","V","","µV","","µV"
"11/15/2022","17:49:40","7","default","171425599","OXY_CH7","29.397","min","186.743","μmol/L","Humid","21.132","deg","90138","µV","28.793","°C","1025.000","hPa","36.0","pmil","0","55.700","deg","20.000","°C","100.000","%a.s.","22.210","deg","20.000","°C","971.000","hPa","0.826","-0.01532","0.000401","-0.00012","0","11.08","Humid","30.45","0","49.40","251907.23","SABD0002000012","AAV2.0.0.13","4.0.0.2323","PSt7-10","171027-008","9/15/2022 2:43:31 PM","0000-00","0","no battery","V","","µV","","µV"
"11/15/2022","17:49:41","7","default","171425599","OXY_CH7","29.414","min","186.730","μmol/L","Humid","21.137","deg","90134","µV","28.780","°C","1025.000","hPa","36.0","pmil","0","55.700","deg","20.000","°C","100.000","%a.s.","22.210","deg","20.000","°C","971.000","hPa","0.826","-0.01532","0.000401","-0.00012","0","11.08","Humid","30.45","0","49.40","251909.76","SABD0002000012","AAV2.0.0.13","4.0.0.2323","PSt7-10","171027-008","9/15/2022 2:43:31 PM","0000-00","0","no battery","V","","µV","","µV"
"11/15/2022","17:49:42","7","default","171425599","OXY_CH7","29.430","min","186.747","μmol/L","Humid","21.136","deg","90141","µV","28.780","°C","1025.000","hPa","36.0","pmil","0","55.700","deg","20.000","°C","100.000","%a.s.","22.210","deg","20.000","°C","971.000","hPa","0.826","-0.01532","0.000401","-0.00012","0","11.08","Humid","30.45","0","49.40","251899.07","SABD0002000012","AAV2.0.0.13","4.0.0.2323","PSt7-10","171027-008","9/15/2022 2:43:31 PM","0000-00","0","no battery","V","","µV","","µV"
"11/15/2022","17:49:43","7","default","171425599","OXY_CH7","29.447","min","186.780","μmol/L","Humid","21.134","deg","90139","µV","28.780","°C","1025.000","hPa","36.0","pmil","0","55.700","deg","20.000","°C","100.000","%a.s.","22.210","deg","20.000","°C","971.000","hPa","0.826","-0.01532","0.000401","-0.00012","0","11.08","Humid","30.45","0","49.40","251909.95","SABD0002000012","AAV2.0.0.13","4.0.0.2323","PSt7-10","171027-008","9/15/2022 2:43:31 PM","0000-00","0","no battery","V","","µV","","µV"
"11/15/2022","17:49:44","7","default","171425599","OXY_CH7","29.464","min","186.747","μmol/L","Humid","21.136","deg","90147","µV","28.780","°C","1025.000","hPa","36.0","pmil","0","55.700","deg","20.000","°C","100.000","%a.s.","22.210","deg","20.000","°C","971.000","hPa","0.826","-0.01532","0.000401","-0.00012","0","11.08","Humid","30.45","0","49.40","251901.01","SABD0002000012","AAV2.0.0.13","4.0.0.2323","PSt7-10","171027-008","9/15/2022 2:43:31 PM","0000-00","0","no battery","V","","µV","","µV"
"11/15/2022","17:49:45","7","default","171425599","OXY_CH7","29.480","min","186.780","μmol/L","Humid","21.134","deg","90146","µV","28.780","°C","1025.000","hPa","36.0","pmil","0","55.700","deg","20.000","°C","100.000","%a.s.","22.210","deg","20.000","°C","971.000","hPa","0.826","-0.01532","0.000401","-0.00012","0","11.08","Humid","30.45","0","49.40","251894.41","SABD0002000012","AAV2.0.0.13","4.0.0.2323","PSt7-10","171027-008","9/15/2022 2:43:31 PM","0000-00","0","no battery","V","","µV","","µV"
"11/15/2022","17:49:46","7","default","171425599","OXY_CH7","29.497","min","186.678","μmol/L","Humid","21.138","deg","90145","µV","28.786","°C","1025.000","hPa","36.0","pmil","0","55.700","deg","20.000","°C","100.000","%a.s.","22.210","deg","20.000","°C","971.000","hPa","0.826","-0.01532","0.000401","-0.00012","0","11.08","Humid","30.45","0","49.40","251909.59","SABD0002000012","AAV2.0.0.13","4.0.0.2323","PSt7-10","171027-008","9/15/2022 2:43:31 PM","0000-00","0","no battery","V","","µV","","µV"
"11/15/2022","17:49:47","7","default","171425599","OXY_CH7","29.514","min","186.714","μmol/L","Humid","21.138","deg","90161","µV","28.780","°C","1025.000","hPa","36.0","pmil","0","55.700","deg","20.000","°C","100.000","%a.s.","22.210","deg","20.000","°C","971.000","hPa","0.826","-0.01532","0.000401","-0.00012","0","11.08","Humid","30.45","0","49.40","251916.95","SABD0002000012","AAV2.0.0.13","4.0.0.2323","PSt7-10","171027-008","9/15/2022 2:43:31 PM","0000-00","0","no battery","V","","µV","","µV"
"11/15/2022","17:49:48","7","default","171425599","OXY_CH7","29.531","min","186.714","μmol/L","Humid","21.138","deg","90160","µV","28.780","°C","1025.000","hPa","36.0","pmil","0","55.700","deg","20.000","°C","100.000","%a.s.","22.210","deg","20.000","°C","971.000","hPa","0.826","-0.01532","0.000401","-0.00012","0","11.08","Humid","30.45","0","49.40","251919.62","SABD0002000012","AAV2.0.0.13","4.0.0.2323","PSt7-10","171027-008","9/15/2022 2:43:31 PM","0000-00","0","no battery","V","","µV","","µV"
"11/15/2022","17:49:49","7","default","171425599","OXY_CH7","29.547","min","186.732","μmol/L","Humid","21.139","deg","90148","µV","28.774","°C","1025.000","hPa","36.0","pmil","0","55.700","deg","20.000","°C","100.000","%a.s.","22.210","deg","20.000","°C","971.000","hPa","0.826","-0.01532","0.000401","-0.00012","0","11.08","Humid","30.45","0","49.40","251903.48","SABD0002000012","AAV2.0.0.13","4.0.0.2323","PSt7-10","171027-008","9/15/2022 2:43:31 PM","0000-00","0","no battery","V","","µV","","µV"
"11/15/2022","17:49:50","7","default","171425599","OXY_CH7","29.564","min","186.747","μmol/L","Humid","21.136","deg","90155","µV","28.780","°C","1025.000","hPa","36.0","pmil","0","55.700","deg","20.000","°C","100.000","%a.s.","22.210","deg","20.000","°C","971.000","hPa","0.826","-0.01532","0.000401","-0.00012","0","11.08","Humid","30.45","0","49.40","251899.42","SABD0002000012","AAV2.0.0.13","4.0.0.2323","PSt7-10","171027-008","9/15/2022 2:43:31 PM","0000-00","0","no battery","V","","µV","","µV"
"11/15/2022","17:49:51","7","default","171425599","OXY_CH7","29.580","min","186.749","μmol/L","Humid","21.138","deg","90156","µV","28.774","°C","1025.000","hPa","36.0","pmil","0","55.700","deg","20.000","°C","100.000","%a.s.","22.210","deg","20.000","°C","971.000","hPa","0.826","-0.01532","0.000401","-0.00012","0","11.08","Humid","30.45","0","49.40","251910.08","SABD0002000012","AAV2.0.0.13","4.0.0.2323","PSt7-10","171027-008","9/15/2022 2:43:31 PM","0000-00","0","no battery","V","","µV","","µV"
"11/15/2022","17:49:52","7","default","171425599","OXY_CH7","29.597","min","186.664","μmol/L","Humid","21.141","deg","90160","µV","28.780","°C","1025.000","hPa","36.0","pmil","0","55.700","deg","20.000","°C","100.000","%a.s.","22.210","deg","20.000","°C","971.000","hPa","0.826","-0.01532","0.000401","-0.00012","0","11.08","Humid","30.45","0","49.40","251907.75","SABD0002000012","AAV2.0.0.13","4.0.0.2323","PSt7-10","171027-008","9/15/2022 2:43:31 PM","0000-00","0","no battery","V","","µV","","µV"
"11/15/2022","17:49:53","7","default","171425599","OXY_CH7","29.614","min","186.716","μmol/L","Humid","21.140","deg","90170","µV","28.774","°C","1025.000","hPa","36.0","pmil","0","55.700","deg","20.000","°C","100.000","%a.s.","22.210","deg","20.000","°C","971.000","hPa","0.826","-0.01532","0.000401","-0.00012","0","11.08","Humid","30.45","0","49.40","251907.17","SABD0002000012","AAV2.0.0.13","4.0.0.2323","PSt7-10","171027-008","9/15/2022 2:43:31 PM","0000-00","0","no battery","V","","µV","","µV"
"11/15/2022","17:49:54","7","default","171425599","OXY_CH7","29.630","min","186.732","μmol/L","Humid","21.139","deg","90162","µV","28.774","°C","1025.000","hPa","36.0","pmil","0","55.700","deg","20.000","°C","100.000","%a.s.","22.210","deg","20.000","°C","971.000","hPa","0.826","-0.01532","0.000401","-0.00012","0","11.08","Humid","30.45","0","49.40","251897.09","SABD0002000012","AAV2.0.0.13","4.0.0.2323","PSt7-10","171027-008","9/15/2022 2:43:31 PM","0000-00","0","no battery","V","","µV","","µV"
"11/15/2022","17:49:55","7","default","171425599","OXY_CH7","29.647","min","186.680","μmol/L","Humid","21.140","deg","90172","µV","28.780","°C","1025.000","hPa","36.0","pmil","0","55.700","deg","20.000","°C","100.000","%a.s.","22.210","deg","20.000","°C","971.000","hPa","0.826","-0.01532","0.000401","-0.00012","0","11.08","Humid","30.45","0","49.40","251908.92","SABD0002000012","AAV2.0.0.13","4.0.0.2323","PSt7-10","171027-008","9/15/2022 2:43:31 PM","0000-00","0","no battery","V","","µV","","µV"
"11/15/2022","17:49:56","7","default","171425599","OXY_CH7","29.664","min","186.714","μmol/L","Humid","21.138","deg","90171","µV","28.780","°C","1025.000","hPa","36.0","pmil","0","55.700","deg","20.000","°C","100.000","%a.s.","22.210","deg","20.000","°C","971.000","hPa","0.826","-0.01532","0.000401","-0.00012","0","11.08","Humid","30.45","0","49.40","251901.06","SABD0002000012","AAV2.0.0.13","4.0.0.2323","PSt7-10","171027-008","9/15/2022 2:43:31 PM","0000-00","0","no battery","V","","µV","","µV"
"11/15/2022","17:49:57","7","default","171425599","OXY_CH7","29.681","min","186.765","μmol/L","Humid","21.137","deg","90166","µV","28.774","°C","1025.000","hPa","36.0","pmil","0","55.700","deg","20.000","°C","100.000","%a.s.","22.210","deg","20.000","°C","971.000","hPa","0.826","-0.01532","0.000401","-0.00012","0","11.08","Humid","30.45","0","49.40","251887.82","SABD0002000012","AAV2.0.0.13","4.0.0.2323","PSt7-10","171027-008","9/15/2022 2:43:31 PM","0000-00","0","no battery","V","","µV","","µV"
"11/15/2022","17:49:58","7","default","171425599","OXY_CH7","29.697","min","186.680","μmol/L","Humid","21.140","deg","90168","µV","28.780","°C","1025.000","hPa","36.0","pmil","0","55.700","deg","20.000","°C","100.000","%a.s.","22.210","deg","20.000","°C","971.000","hPa","0.826","-0.01532","0.000401","-0.00012","0","11.08","Humid","30.45","0","49.40","251900.98","SABD0002000012","AAV2.0.0.13","4.0.0.2323","PSt7-10","171027-008","9/15/2022 2:43:31 PM","0000-00","0","no battery","V","","µV","","µV"
"11/15/2022","17:49:59","7","default","171425599","OXY_CH7","29.713","min","186.662","μmol/L","Humid","21.139","deg","90169","µV","28.786","°C","1025.000","hPa","36.0","pmil","0","55.700","deg","20.000","°C","100.000","%a.s.","22.210","deg","20.000","°C","971.000","hPa","0.826","-0.01532","0.000401","-0.00012","0","11.08","Humid","30.45","0","49.40","251894.84","SABD0002000012","AAV2.0.0.13","4.0.0.2323","PSt7-10","171027-008","9/15/2022 2:43:31 PM","0000-00","0","no battery","V","","µV","","µV"
"11/15/2022","17:50:00","7","default","171425599","OXY_CH7","29.730","min","186.730","μmol/L","Humid","21.137","deg","90170","µV","28.780","°C","1025.000","hPa","36.0","pmil","0","55.700","deg","20.000","°C","100.000","%a.s.","22.210","deg","20.000","°C","971.000","hPa","0.826","-0.01532","0.000401","-0.00012","0","11.08","Humid","30.45","0","49.40","251893.88","SABD0002000012","AAV2.0.0.13","4.0.0.2323","PSt7-10","171027-008","9/15/2022 2:43:31 PM","0000-00","0","no battery","V","","µV","","µV"
"11/15/2022","17:50:01","7","default","171425599","OXY_CH7","29.747","min","186.629","μmol/L","Humid","21.141","deg","90181","µV","28.786","°C","1025.000","hPa","36.0","pmil","0","55.700","deg","20.000","°C","100.000","%a.s.","22.210","deg","20.000","°C","971.000","hPa","0.826","-0.01532","0.000401","-0.00012","0","11.08","Humid","30.45","0","49.40","251896.96","SABD0002000012","AAV2.0.0.13","4.0.0.2323","PSt7-10","171027-008","9/15/2022 2:43:31 PM","0000-00","0","no battery","V","","µV","","µV"
"11/15/2022","17:50:02","7","default","171425599","OXY_CH7","29.764","min","186.697","μmol/L","Humid","21.139","deg","90171","µV","28.780","°C","1025.000","hPa","36.0","pmil","0","55.700","deg","20.000","°C","100.000","%a.s.","22.210","deg","20.000","°C","971.000","hPa","0.826","-0.01532","0.000401","-0.00012","0","11.08","Humid","30.45","0","49.40","251891.55","SABD0002000012","AAV2.0.0.13","4.0.0.2323","PSt7-10","171027-008","9/15/2022 2:43:31 PM","0000-00","0","no battery","V","","µV","","µV"
"11/15/2022","17:50:03","7","default","171425599","OXY_CH7","29.781","min","186.631","μmol/L","Humid","21.143","deg","90188","µV","28.780","°C","1025.000","hPa","36.0","pmil","0","55.700","deg","20.000","°C","100.000","%a.s.","22.210","deg","20.000","°C","971.000","hPa","0.826","-0.01532","0.000401","-0.00012","0","11.08","Humid","30.45","0","49.40","251885.64","SABD0002000012","AAV2.0.0.13","4.0.0.2323","PSt7-10","171027-008","9/15/2022 2:43:31 PM","0000-00","0","no battery","V","","µV","","µV"
"11/15/2022","17:50:04","7","default","171425599","OXY_CH7","29.797","min","186.765","μmol/L","Humid","21.137","deg","90179","µV","28.774","°C","1025.000","hPa","36.0","pmil","0","55.700","deg","20.000","°C","100.000","%a.s.","22.210","deg","20.000","°C","971.000","hPa","0.826","-0.01532","0.000401","-0.00012","0","11.08","Humid","30.45","0","49.40","251889.97","SABD0002000012","AAV2.0.0.13","4.0.0.2323","PSt7-10","171027-008","9/15/2022 2:43:31 PM","0000-00","0","no battery","V","","µV","","µV"
"11/15/2022","17:50:05","7","default","171425599","OXY_CH7","29.814","min","186.614","μmol/L","Humid","21.144","deg","90174","µV","28.780","°C","1025.000","hPa","36.0","pmil","0","55.700","deg","20.000","°C","100.000","%a.s.","22.210","deg","20.000","°C","971.000","hPa","0.826","-0.01532","0.000401","-0.00012","0","11.08","Humid","30.45","0","49.40","251882.08","SABD0002000012","AAV2.0.0.13","4.0.0.2323","PSt7-10","171027-008","9/15/2022 2:43:31 PM","0000-00","0","no battery","V","","µV","","µV"
"11/15/2022","17:50:06","7","default","171425599","OXY_CH7","29.830","min","186.631","μmol/L","Humid","21.143","deg","90177","µV","28.780","°C","1025.000","hPa","36.0","pmil","0","55.700","deg","20.000","°C","100.000","%a.s.","22.210","deg","20.000","°C","971.000","hPa","0.826","-0.01532","0.000401","-0.00012","0","11.08","Humid","30.45","0","49.40","251888.92","SABD0002000012","AAV2.0.0.13","4.0.0.2323","PSt7-10","171027-008","9/15/2022 2:43:31 PM","0000-00","0","no battery","V","","µV","","µV"
"11/15/2022","17:50:07","7","default","171425599","OXY_CH7","29.847","min","186.680","μmol/L","Humid","21.140","deg","90189","µV","28.780","°C","1025.000","hPa","36.0","pmil","0","55.700","deg","20.000","°C","100.000","%a.s.","22.210","deg","20.000","°C","971.000","hPa","0.826","-0.01532","0.000401","-0.00012","0","11.08","Humid","30.45","0","49.40","251891.89","SABD0002000012","AAV2.0.0.13","4.0.0.2323","PSt7-10","171027-008","9/15/2022 2:43:31 PM","0000-00","0","no battery","V","","µV","","µV"
"11/15/2022","17:50:08","7","default","171425599","OXY_CH7","29.864","min","186.579","μmol/L","Humid","21.144","deg","90186","µV","28.786","°C","1025.000","hPa","36.0","pmil","0","55.700","deg","20.000","°C","100.000","%a.s.","22.210","deg","20.000","°C","971.000","hPa","0.826","-0.01532","0.000401","-0.00012","0","11.08","Humid","30.45","0","49.40","251889.73","SABD0002000012","AAV2.0.0.13","4.0.0.2323","PSt7-10","171027-008","9/15/2022 2:43:31 PM","0000-00","0","no battery","V","","µV","","µV"
"11/15/2022","17:50:09","7","default","171425599","OXY_CH7","29.880","min","186.579","μmol/L","Humid","21.144","deg","90183","µV","28.786","°C","1025.000","hPa","36.0","pmil","0","55.700","deg","20.000","°C","100.000","%a.s.","22.210","deg","20.000","°C","971.000","hPa","0.826","-0.01532","0.000401","-0.00012","0","11.08","Humid","30.45","0","49.40","251884.31","SABD0002000012","AAV2.0.0.13","4.0.0.2323","PSt7-10","171027-008","9/15/2022 2:43:31 PM","0000-00","0","no battery","V","","µV","","µV"
"11/15/2022","17:50:10","7","default","171425599","OXY_CH7","29.897","min","186.683","μmol/L","Humid","21.142","deg","90186","µV","28.774","°C","1025.000","hPa","36.0","pmil","0","55.700","deg","20.000","°C","100.000","%a.s.","22.210","deg","20.000","°C","971.000","hPa","0.826","-0.01532","0.000401","-0.00012","0","11.08","Humid","30.45","0","49.40","251873.73","SABD0002000012","AAV2.0.0.13","4.0.0.2323","PSt7-10","171027-008","9/15/2022 2:43:31 PM","0000-00","0","no battery","V","","µV","","µV"
"11/15/2022","17:50:11","7","default","171425599","OXY_CH7","29.914","min","186.647","μmol/L","Humid","21.142","deg","90191","µV","28.780","°C","1025.000","hPa","36.0","pmil","0","55.700","deg","20.000","°C","100.000","%a.s.","22.210","deg","20.000","°C","971.000","hPa","0.826","-0.01532","0.000401","-0.00012","0","11.08","Humid","30.45","0","49.40","251883.44","SABD0002000012","AAV2.0.0.13","4.0.0.2323","PSt7-10","171027-008","9/15/2022 2:43:31 PM","0000-00","0","no battery","V","","µV","","µV"
"11/15/2022","17:50:12","7","default","171425599","OXY_CH7","29.931","min","186.683","μmol/L","Humid","21.142","deg","90191","µV","28.774","°C","1025.000","hPa","36.0","pmil","0","55.700","deg","20.000","°C","100.000","%a.s.","22.210","deg","20.000","°C","971.000","hPa","0.826","-0.01532","0.000401","-0.00012","0","11.08","Humid","30.45","0","49.40","251875.42","SABD0002000012","AAV2.0.0.13","4.0.0.2323","PSt7-10","171027-008","9/15/2022 2:43:31 PM","0000-00","0","no battery","V","","µV","","µV"
"11/15/2022","17:50:13","7","default","171425599","OXY_CH7","29.947","min","186.716","μmol/L","Humid","21.140","deg","90184","µV","28.774","°C","1025.000","hPa","36.0","pmil","0","55.700","deg","20.000","°C","100.000","%a.s.","22.210","deg","20.000","°C","971.000","hPa","0.826","-0.01532","0.000401","-0.00012","0","11.08","Humid","30.45","0","49.40","251866.41","SABD0002000012","AAV2.0.0.13","4.0.0.2323","PSt7-10","171027-008","9/15/2022 2:43:31 PM","0000-00","0","no battery","V","","µV","","µV"
"11/15/2022","17:50:14","7","default","171425599","OXY_CH7","29.964","min","186.699","μmol/L","Humid","21.141","deg","90193","µV","28.774","°C","1025.000","hPa","36.0","pmil","0","55.700","deg","20.000","°C","100.000","%a.s.","22.210","deg","20.000","°C","971.000","hPa","0.826","-0.01532","0.000401","-0.00012","0","11.08","Humid","30.45","0","49.40","251884.04","SABD0002000012","AAV2.0.0.13","4.0.0.2323","PSt7-10","171027-008","9/15/2022 2:43:31 PM","0000-00","0","no battery","V","","µV","","µV"
"11/15/2022","17:50:15","7","default","171425599","OXY_CH7","29.980","min","186.649","μmol/L","Humid","21.144","deg","90197","µV","28.774","°C","1025.000","hPa","36.0","pmil","0","55.700","deg","20.000","°C","100.000","%a.s.","22.210","deg","20.000","°C","971.000","hPa","0.826","-0.01532","0.000401","-0.00012","0","11.08","Humid","30.45","0","49.40","251890.13","SABD0002000012","AAV2.0.0.13","4.0.0.2323","PSt7-10","171027-008","9/15/2022 2:43:31 PM","0000-00","0","no battery","V","","µV","","µV"
"11/15/2022","17:50:16","7","default","171425599","OXY_CH7","29.997","min","186.701","μmol/L","Humid","21.143","deg","90193","µV","28.768","°C","1025.000","hPa","36.0","pmil","0","55.700","deg","20.000","°C","100.000","%a.s.","22.210","deg","20.000","°C","971.000","hPa","0.826","-0.01532","0.000401","-0.00012","0","11.08","Humid","30.45","0","49.40","251877.63","SABD0002000012","AAV2.0.0.13","4.0.0.2323","PSt7-10","171027-008","9/15/2022 2:43:31 PM","0000-00","0","no battery","V","","µV","","µV"
"11/15/2022","17:50:17","7","default","171425599","OXY_CH7","30.014","min","186.631","μmol/L","Humid","21.143","deg","90194","µV","28.780","°C","1025.000","hPa","36.0","pmil","0","55.700","deg","20.000","°C","100.000","%a.s.","22.210","deg","20.000","°C","971.000","hPa","0.826","-0.01532","0.000401","-0.00012","0","11.08","Humid","30.45","0","49.40","251883.50","SABD0002000012","AAV2.0.0.13","4.0.0.2323","PSt7-10","171027-008","9/15/2022 2:43:31 PM","0000-00","0","no battery","V","","µV","","µV"
"11/15/2022","17:50:18","7","default","171425599","OXY_CH7","30.030","min","186.666","μmol/L","Humid","21.143","deg","90192","µV","28.774","°C","1025.000","hPa","36.0","pmil","0","55.700","deg","20.000","°C","100.000","%a.s.","22.210","deg","20.000","°C","971.000","hPa","0.826","-0.01532","0.000401","-0.00012","0","11.08","Humid","30.45","0","49.40","251880.87","SABD0002000012","AAV2.0.0.13","4.0.0.2323","PSt7-10","171027-008","9/15/2022 2:43:31 PM","0000-00","0","no battery","V","","µV","","µV"
"11/15/2022","17:50:19","7","default","171425599","OXY_CH7","30.047","min","186.651","μmol/L","Humid","21.146","deg","90205","µV","28.768","°C","1025.000","hPa","36.0","pmil","0","55.700","deg","20.000","°C","100.000","%a.s.","22.210","deg","20.000","°C","971.000","hPa","0.826","-0.01532","0.000401","-0.00012","0","11.08","Humid","30.45","0","49.40","251886.14","SABD0002000012","AAV2.0.0.13","4.0.0.2323","PSt7-10","171027-008","9/15/2022 2:43:31 PM","0000-00","0","no battery","V","","µV","","µV"
"11/15/2022","17:50:20","7","default","171425599","OXY_CH7","30.064","min","186.548","μmol/L","Humid","21.148","deg","90205","µV","28.780","°C","1025.000","hPa","36.0","pmil","0","55.700","deg","20.000","°C","100.000","%a.s.","22.210","deg","20.000","°C","971.000","hPa","0.826","-0.01532","0.000401","-0.00012","0","11.08","Humid","30.45","0","49.40","251890.28","SABD0002000012","AAV2.0.0.13","4.0.0.2323","PSt7-10","171027-008","9/15/2022 2:43:31 PM","0000-00","0","no battery","V","","µV","","µV"
"11/15/2022","17:50:21","7","default","171425599","OXY_CH7","30.081","min","186.581","μmol/L","Humid","21.146","deg","90208","µV","28.780","°C","1025.000","hPa","36.0","pmil","0","55.700","deg","20.000","°C","100.000","%a.s.","22.210","deg","20.000","°C","971.000","hPa","0.826","-0.01532","0.000401","-0.00012","0","11.08","Humid","30.45","0","49.40","251877.69","SABD0002000012","AAV2.0.0.13","4.0.0.2323","PSt7-10","171027-008","9/15/2022 2:43:31 PM","0000-00","0","no battery","V","","µV","","µV"
"11/15/2022","17:50:22","7","default","171425599","OXY_CH7","30.097","min","186.718","μmol/L","Humid","21.142","deg","90205","µV","28.768","°C","1025.000","hPa","36.0","pmil","0","55.700","deg","20.000","°C","100.000","%a.s.","22.210","deg","20.000","°C","971.000","hPa","0.826","-0.01532","0.000401","-0.00012","0","11.08","Humid","30.45","0","49.40","251884.07","SABD0002000012","AAV2.0.0.13","4.0.0.2323","PSt7-10","171027-008","9/15/2022 2:43:31 PM","0000-00","0","no battery","V","","µV","","µV"
"11/15/2022","17:50:23","7","default","171425599","OXY_CH7","30.113","min","186.631","μmol/L","Humid","21.143","deg","90212","µV","28.780","°C","1025.000","hPa","36.0","pmil","0","55.700","deg","20.000","°C","100.000","%a.s.","22.210","deg","20.000","°C","971.000","hPa","0.826","-0.01532","0.000401","-0.00012","0","11.08","Humid","30.45","0","49.40","251876.15","SABD0002000012","AAV2.0.0.13","4.0.0.2323","PSt7-10","171027-008","9/15/2022 2:43:31 PM","0000-00","0","no battery","V","","µV","","µV"
"11/15/2022","17:50:24","7","default","171425599","OXY_CH7","30.130","min","186.631","μmol/L","Humid","21.143","deg","90213","µV","28.780","°C","1025.000","hPa","36.0","pmil","0","55.700","deg","20.000","°C","100.000","%a.s.","22.210","deg","20.000","°C","971.000","hPa","0.826","-0.01532","0.000401","-0.00012","0","11.08","Humid","30.45","0","49.40","251875.64","SABD0002000012","AAV2.0.0.13","4.0.0.2323","PSt7-10","171027-008","9/15/2022 2:43:31 PM","0000-00","0","no battery","V","","µV","","µV"
"11/15/2022","17:50:25","7","default","171425599","OXY_CH7","30.147","min","186.583","μmol/L","Humid","21.148","deg","90206","µV","28.774","°C","1025.000","hPa","36.0","pmil","0","55.700","deg","20.000","°C","100.000","%a.s.","22.210","deg","20.000","°C","971.000","hPa","0.826","-0.01532","0.000401","-0.00012","0","11.08","Humid","30.45","0","49.40","251876.72","SABD0002000012","AAV2.0.0.13","4.0.0.2323","PSt7-10","171027-008","9/15/2022 2:43:31 PM","0000-00","0","no battery","V","","µV","","µV"
"11/15/2022","17:50:26","7","default","171425599","OXY_CH7","30.164","min","186.664","μmol/L","Humid","21.141","deg","90209","µV","28.780","°C","1025.000","hPa","36.0","pmil","0","55.700","deg","20.000","°C","100.000","%a.s.","22.210","deg","20.000","°C","971.000","hPa","0.826","-0.01532","0.000401","-0.00012","0","11.08","Humid","30.45","0","49.40","251867.81","SABD0002000012","AAV2.0.0.13","4.0.0.2323","PSt7-10","171027-008","9/15/2022 2:43:31 PM","0000-00","0","no battery","V","","µV","","µV"
"11/15/2022","17:50:27","7","default","171425599","OXY_CH7","30.180","min","186.664","μmol/L","Humid","21.141","deg","90207","µV","28.780","°C","1025.000","hPa","36.0","pmil","0","55.700","deg","20.000","°C","100.000","%a.s.","22.210","deg","20.000","°C","971.000","hPa","0.826","-0.01532","0.000401","-0.00012","0","11.08","Humid","30.45","0","49.40","251857.14","SABD0002000012","AAV2.0.0.13","4.0.0.2323","PSt7-10","171027-008","9/15/2022 2:43:31 PM","0000-00","0","no battery","V","","µV","","µV"
"11/15/2022","17:50:28","7","default","171425599","OXY_CH7","30.197","min","186.633","μmol/L","Humid","21.145","deg","90207","µV","28.774","°C","1025.000","hPa","36.0","pmil","0","55.700","deg","20.000","°C","100.000","%a.s.","22.210","deg","20.000","°C","971.000","hPa","0.826","-0.01532","0.000401","-0.00012","0","11.08","Humid","30.45","0","49.40","251867.78","SABD0002000012","AAV2.0.0.13","4.0.0.2323","PSt7-10","171027-008","9/15/2022 2:43:31 PM","0000-00","0","no battery","V","","µV","","µV"
"11/15/2022","17:50:29","7","default","171425599","OXY_CH7","30.214","min","186.581","μmol/L","Humid","21.146","deg","90208","µV","28.780","°C","1025.000","hPa","36.0","pmil","0","55.700","deg","20.000","°C","100.000","%a.s.","22.210","deg","20.000","°C","971.000","hPa","0.826","-0.01532","0.000401","-0.00012","0","11.08","Humid","30.45","0","49.40","251857.67","SABD0002000012","AAV2.0.0.13","4.0.0.2323","PSt7-10","171027-008","9/15/2022 2:43:31 PM","0000-00","0","no battery","V","","µV","","µV"
"11/15/2022","17:50:30","7","default","171425599","OXY_CH7","30.231","min","186.649","μmol/L","Humid","21.144","deg","90207","µV","28.774","°C","1025.000","hPa","36.0","pmil","0","55.700","deg","20.000","°C","100.000","%a.s.","22.210","deg","20.000","°C","971.000","hPa","0.826","-0.01532","0.000401","-0.00012","0","11.08","Humid","30.45","0","49.40","251862.88","SABD0002000012","AAV2.0.0.13","4.0.0.2323","PSt7-10","171027-008","9/15/2022 2:43:31 PM","0000-00","0","no battery","V","","µV","","µV"
"11/15/2022","17:50:31","7","default","171425599","OXY_CH7","30.247","min","186.649","μmol/L","Humid","21.144","deg","90215","µV","28.774","°C","1025.000","hPa","36.0","pmil","0","55.700","deg","20.000","°C","100.000","%a.s.","22.210","deg","20.000","°C","971.000","hPa","0.826","-0.01532","0.000401","-0.00012","0","11.08","Humid","30.45","0","49.40","251862.55","SABD0002000012","AAV2.0.0.13","4.0.0.2323","PSt7-10","171027-008","9/15/2022 2:43:31 PM","0000-00","0","no battery","V","","µV","","µV"
"11/15/2022","17:50:32","7","default","171425599","OXY_CH7","30.263","min","186.685","μmol/L","Humid","21.144","deg","90215","µV","28.768","°C","1025.000","hPa","36.0","pmil","0","55.700","deg","20.000","°C","100.000","%a.s.","22.210","deg","20.000","°C","971.000","hPa","0.826","-0.01532","0.000401","-0.00012","0","11.08","Humid","30.45","0","49.40","251852.13","SABD0002000012","AAV2.0.0.13","4.0.0.2323","PSt7-10","171027-008","9/15/2022 2:43:31 PM","0000-00","0","no battery","V","","µV","","µV"
"11/15/2022","17:50:33","7","default","171425599","OXY_CH7","30.280","min","186.666","μmol/L","Humid","21.143","deg","90221","µV","28.774","°C","1025.000","hPa","36.0","pmil","0","55.700","deg","20.000","°C","100.000","%a.s.","22.210","deg","20.000","°C","971.000","hPa","0.826","-0.01532","0.000401","-0.00012","0","11.08","Humid","30.45","0","49.40","251862.93","SABD0002000012","AAV2.0.0.13","4.0.0.2323","PSt7-10","171027-008","9/15/2022 2:43:31 PM","0000-00","0","no battery","V","","µV","","µV"
"11/15/2022","17:50:34","7","default","171425599","OXY_CH7","30.297","min","186.583","μmol/L","Humid","21.148","deg","90217","µV","28.774","°C","1025.000","hPa","36.0","pmil","0","55.700","deg","20.000","°C","100.000","%a.s.","22.210","deg","20.000","°C","971.000","hPa","0.826","-0.01532","0.000401","-0.00012","0","11.08","Humid","30.45","0","49.40","251864.56","SABD0002000012","AAV2.0.0.13","4.0.0.2323","PSt7-10","171027-008","9/15/2022 2:43:31 PM","0000-00","0","no battery","V","","µV","","µV"
"11/15/2022","17:50:35","7","default","171425599","OXY_CH7","30.314","min","186.633","μmol/L","Humid","21.145","deg","90224","µV","28.774","°C","1025.000","hPa","36.0","pmil","0","55.700","deg","20.000","°C","100.000","%a.s.","22.210","deg","20.000","°C","971.000","hPa","0.826","-0.01532","0.000401","-0.00012","0","11.08","Humid","30.45","0","49.40","251872.04","SABD0002000012","AAV2.0.0.13","4.0.0.2323","PSt7-10","171027-008","9/15/2022 2:43:31 PM","0000-00","0","no battery","V","","µV","","µV"
"11/15/2022","17:50:36","7","default","171425599","OXY_CH7","30.330","min","186.616","μmol/L","Humid","21.146","deg","90223","µV","28.774","°C","1025.000","hPa","36.0","pmil","0","55.700","deg","20.000","°C","100.000","%a.s.","22.210","deg","20.000","°C","971.000","hPa","0.826","-0.01532","0.000401","-0.00012","0","11.08","Humid","30.45","0","49.40","251857.70","SABD0002000012","AAV2.0.0.13","4.0.0.2323","PSt7-10","171027-008","9/15/2022 2:43:31 PM","0000-00","0","no battery","V","","µV","","µV"
"11/15/2022","17:50:37","7","default","171425599","OXY_CH7","30.347","min","186.548","μmol/L","Humid","21.148","deg","90227","µV","28.780","°C","1025.000","hPa","36.0","pmil","0","55.700","deg","20.000","°C","100.000","%a.s.","22.210","deg","20.000","°C","971.000","hPa","0.826","-0.01532","0.000401","-0.00012","0","11.08","Humid","30.45","0","49.40","251857.74","SABD0002000012","AAV2.0.0.13","4.0.0.2323","PSt7-10","171027-008","9/15/2022 2:43:31 PM","0000-00","0","no battery","V","","µV","","µV"
"11/15/2022","17:50:38","7","default","171425599","OXY_CH7","30.364","min","186.600","μmol/L","Humid","21.147","deg","90227","µV","28.774","°C","1025.000","hPa","36.0","pmil","0","55.700","deg","20.000","°C","100.000","%a.s.","22.210","deg","20.000","°C","971.000","hPa","0.826","-0.01532","0.000401","-0.00012","0","11.08","Humid","30.45","0","49.40","251867.07","SABD0002000012","AAV2.0.0.13","4.0.0.2323","PSt7-10","171027-008","9/15/2022 2:43:31 PM","0000-00","0","no battery","V","","µV","","µV"
"11/15/2022","17:50:39","7","default","171425599","OXY_CH7","30.381","min","186.548","μmol/L","Humid","21.148","deg","90230","µV","28.780","°C","1025.000","hPa","36.0","pmil","0","55.700","deg","20.000","°C","100.000","%a.s.","22.210","deg","20.000","°C","971.000","hPa","0.826","-0.01532","0.000401","-0.00012","0","11.08","Humid","30.45","0","49.40","251857.39","SABD0002000012","AAV2.0.0.13","4.0.0.2323","PSt7-10","171027-008","9/15/2022 2:43:31 PM","0000-00","0","no battery","V","","µV","","µV"
"11/15/2022","17:50:40","7","default","171425599","OXY_CH7","30.397","min","186.583","μmol/L","Humid","21.148","deg","90224","µV","28.774","°C","1025.000","hPa","36.0","pmil","0","55.700","deg","20.000","°C","100.000","%a.s.","22.210","deg","20.000","°C","971.000","hPa","0.826","-0.01532","0.000401","-0.00012","0","11.08","Humid","30.45","0","49.40","251853.78","SABD0002000012","AAV2.0.0.13","4.0.0.2323","PSt7-10","171027-008","9/15/2022 2:43:31 PM","0000-00","0","no battery","V","","µV","","µV"
"11/15/2022","17:50:41","7","default","171425599","OXY_CH7","30.414","min","186.533","μmol/L","Humid","21.151","deg","90237","µV","28.774","°C","1025.000","hPa","36.0","pmil","0","55.700","deg","20.000","°C","100.000","%a.s.","22.210","deg","20.000","°C","971.000","hPa","0.826","-0.01532","0.000401","-0.00012","0","11.08","Humid","30.45","0","49.40","251862.13","SABD0002000012","AAV2.0.0.13","4.0.0.2323","PSt7-10","171027-008","9/15/2022 2:43:31 PM","0000-00","0","no battery","V","","µV","","µV"
"11/15/2022","17:50:42","7","default","171425599","OXY_CH7","30.431","min","186.567","μmol/L","Humid","21.149","deg","90236","µV","28.774","°C","1025.000","hPa","36.0","pmil","0","55.700","deg","20.000","°C","100.000","%a.s.","22.210","deg","20.000","°C","971.000","hPa","0.826","-0.01532","0.000401","-0.00012","0","11.08","Humid","30.45","0","49.40","251855.29","SABD0002000012","AAV2.0.0.13","4.0.0.2323","PSt7-10","171027-008","9/15/2022 2:43:31 PM","0000-00","0","no battery","V","","µV","","µV"
"11/15/2022","17:50:43","7","default","171425599","OXY_CH7","30.447","min","186.583","μmol/L","Humid","21.148","deg","90238","µV","28.774","°C","1025.000","hPa","36.0","pmil","0","55.700","deg","20.000","°C","100.000","%a.s.","22.210","deg","20.000","°C","971.000","hPa","0.826","-0.01532","0.000401","-0.00012","0","11.08","Humid","30.45","0","49.40","251852.55","SABD0002000012","AAV2.0.0.13","4.0.0.2323","PSt7-10","171027-008","9/15/2022 2:43:31 PM","0000-00","0","no battery","V","","µV","","µV"
"11/15/2022","17:50:44","7","default","171425599","OXY_CH7","30.464","min","186.482","μmol/L","Humid","21.152","deg","90235","µV","28.780","°C","1025.000","hPa","36.0","pmil","0","55.700","deg","20.000","°C","100.000","%a.s.","22.210","deg","20.000","°C","971.000","hPa","0.826","-0.01532","0.000401","-0.00012","0","11.08","Humid","30.45","0","49.40","251845.62","SABD0002000012","AAV2.0.0.13","4.0.0.2323","PSt7-10","171027-008","9/15/2022 2:43:31 PM","0000-00","0","no battery","V","","µV","","µV"
"11/15/2022","17:50:45","7","default","171425599","OXY_CH7","30.480","min","186.637","μmol/L","Humid","21.149","deg","90234","µV","28.762","°C","1025.000","hPa","36.0","pmil","0","55.700","deg","20.000","°C","100.000","%a.s.","22.210","deg","20.000","°C","971.000","hPa","0.826","-0.01532","0.000401","-0.00012","0","11.08","Humid","30.45","0","49.40","251846.69","SABD0002000012","AAV2.0.0.13","4.0.0.2323","PSt7-10","171027-008","9/15/2022 2:43:31 PM","0000-00","0","no battery","V","","µV","","µV"
"11/15/2022","17:50:46","7","default","171425599","OXY_CH7","30.497","min","186.567","μmol/L","Humid","21.149","deg","90231","µV","28.774","°C","1025.000","hPa","36.0","pmil","0","55.700","deg","20.000","°C","100.000","%a.s.","22.210","deg","20.000","°C","971.000","hPa","0.826","-0.01532","0.000401","-0.00012","0","11.08","Humid","30.45","0","49.40","251844.46","SABD0002000012","AAV2.0.0.13","4.0.0.2323","PSt7-10","171027-008","9/15/2022 2:43:31 PM","0000-00","0","no battery","V","","µV","","µV"
"11/15/2022","17:50:47","7","default","171425599","OXY_CH7","30.514","min","186.515","μmol/L","Humid","21.150","deg","90239","µV","28.780","°C","1025.000","hPa","36.0","pmil","0","55.700","deg","20.000","°C","100.000","%a.s.","22.210","deg","20.000","°C","971.000","hPa","0.826","-0.01532","0.000401","-0.00012","0","11.08","Humid","30.45","0","49.40","251853.86","SABD0002000012","AAV2.0.0.13","4.0.0.2323","PSt7-10","171027-008","9/15/2022 2:43:31 PM","0000-00","0","no battery","V","","µV","","µV"
"11/15/2022","17:50:48","7","default","171425599","OXY_CH7","30.531","min","186.600","μmol/L","Humid","21.147","deg","90249","µV","28.774","°C","1025.000","hPa","36.0","pmil","0","55.700","deg","20.000","°C","100.000","%a.s.","22.210","deg","20.000","°C","971.000","hPa","0.826","-0.01532","0.000401","-0.00012","0","11.08","Humid","30.45","0","49.40","251852.02","SABD0002000012","AAV2.0.0.13","4.0.0.2323","PSt7-10","171027-008","9/15/2022 2:43:31 PM","0000-00","0","no battery","V","","µV","","µV"
"11/15/2022","17:50:49","7","default","171425599","OXY_CH7","30.547","min","186.533","μmol/L","Humid","21.151","deg","90243","µV","28.774","°C","1025.000","hPa","36.0","pmil","0","55.700","deg","20.000","°C","100.000","%a.s.","22.210","deg","20.000","°C","971.000","hPa","0.826","-0.01532","0.000401","-0.00012","0","11.08","Humid","30.45","0","49.40","251839.47","SABD0002000012","AAV2.0.0.13","4.0.0.2323","PSt7-10","171027-008","9/15/2022 2:43:31 PM","0000-00","0","no battery","V","","µV","","µV"
"11/15/2022","17:50:50","7","default","171425599","OXY_CH7","30.564","min","186.484","μmol/L","Humid","21.154","deg","90240","µV","28.774","°C","1025.000","hPa","36.0","pmil","0","55.700","deg","20.000","°C","100.000","%a.s.","22.210","deg","20.000","°C","971.000","hPa","0.826","-0.01532","0.000401","-0.00012","0","11.08","Humid","30.45","0","49.40","251841.68","SABD0002000012","AAV2.0.0.13","4.0.0.2323","PSt7-10","171027-008","9/15/2022 2:43:31 PM","0000-00","0","no battery","V","","µV","","µV"
"11/15/2022","17:50:51","7","default","171425599","OXY_CH7","30.581","min","186.585","μmol/L","Humid","21.150","deg","90246","µV","28.768","°C","1025.000","hPa","36.0","pmil","0","55.700","deg","20.000","°C","100.000","%a.s.","22.210","deg","20.000","°C","971.000","hPa","0.826","-0.01532","0.000401","-0.00012","0","11.08","Humid","30.45","0","49.40","251844.06","SABD0002000012","AAV2.0.0.13","4.0.0.2323","PSt7-10","171027-008","9/15/2022 2:43:31 PM","0000-00","0","no battery","V","","µV","","µV"
"11/15/2022","17:50:52","7","default","171425599","OXY_CH7","30.597","min","186.600","μmol/L","Humid","21.147","deg","90236","µV","28.774","°C","1025.000","hPa","36.0","pmil","0","55.700","deg","20.000","°C","100.000","%a.s.","22.210","deg","20.000","°C","971.000","hPa","0.826","-0.01532","0.000401","-0.00012","0","11.08","Humid","30.45","0","49.40","251835.29","SABD0002000012","AAV2.0.0.13","4.0.0.2323","PSt7-10","171027-008","9/15/2022 2:43:31 PM","0000-00","0","no battery","V","","µV","","µV"
"11/15/2022","17:50:53","7","default","171425599","OXY_CH7","30.613","min","186.531","μmol/L","Humid","21.149","deg","90240","µV","28.780","°C","1025.000","hPa","36.0","pmil","0","55.700","deg","20.000","°C","100.000","%a.s.","22.210","deg","20.000","°C","971.000","hPa","0.826","-0.01532","0.000401","-0.00012","0","11.08","Humid","30.45","0","49.40","251849.32","SABD0002000012","AAV2.0.0.13","4.0.0.2323","PSt7-10","171027-008","9/15/2022 2:43:31 PM","0000-00","0","no battery","V","","µV","","µV"
"11/15/2022","17:50:54","7","default","171425599","OXY_CH7","30.630","min","186.486","μmol/L","Humid","21.156","deg","90246","µV","28.768","°C","1025.000","hPa","36.0","pmil","0","55.700","deg","20.000","°C","100.000","%a.s.","22.210","deg","20.000","°C","971.000","hPa","0.826","-0.01532","0.000401","-0.00012","0","11.08","Humid","30.45","0","49.40","251851.84","SABD0002000012","AAV2.0.0.13","4.0.0.2323","PSt7-10","171027-008","9/15/2022 2:43:31 PM","0000-00","0","no battery","V","","µV","","µV"
"11/15/2022","17:50:55","7","default","171425599","OXY_CH7","30.647","min","186.500","μmol/L","Humid","21.153","deg","90245","µV","28.774","°C","1025.000","hPa","36.0","pmil","0","55.700","deg","20.000","°C","100.000","%a.s.","22.210","deg","20.000","°C","971.000","hPa","0.826","-0.01532","0.000401","-0.00012","0","11.08","Humid","30.45","0","49.40","251834.13","SABD0002000012","AAV2.0.0.13","4.0.0.2323","PSt7-10","171027-008","9/15/2022 2:43:31 PM","0000-00","0","no battery","V","","µV","","µV"
"11/15/2022","17:50:56","7","default","171425599","OXY_CH7","30.664","min","186.515","μmol/L","Humid","21.150","deg","90250","µV","28.780","°C","1025.000","hPa","36.0","pmil","0","55.700","deg","20.000","°C","100.000","%a.s.","22.210","deg","20.000","°C","971.000","hPa","0.826","-0.01532","0.000401","-0.00012","0","11.08","Humid","30.45","0","49.40","251851.09","SABD0002000012","AAV2.0.0.13","4.0.0.2323","PSt7-10","171027-008","9/15/2022 2:43:31 PM","0000-00","0","no battery","V","","µV","","µV"
"11/15/2022","17:50:57","7","default","171425599","OXY_CH7","30.681","min","186.583","μmol/L","Humid","21.148","deg","90260","µV","28.774","°C","1025.000","hPa","36.0","pmil","0","55.700","deg","20.000","°C","100.000","%a.s.","22.210","deg","20.000","°C","971.000","hPa","0.826","-0.01532","0.000401","-0.00012","0","11.08","Humid","30.45","0","49.40","251857.88","SABD0002000012","AAV2.0.0.13","4.0.0.2323","PSt7-10","171027-008","9/15/2022 2:43:31 PM","0000-00","0","no battery","V","","µV","","µV"
"11/15/2022","17:50:58","7","default","171425599","OXY_CH7","30.697","min","186.533","μmol/L","Humid","21.151","deg","90256","µV","28.774","°C","1025.000","hPa","36.0","pmil","0","55.700","deg","20.000","°C","100.000","%a.s.","22.210","deg","20.000","°C","971.000","hPa","0.826","-0.01532","0.000401","-0.00012","0","11.08","Humid","30.45","0","49.40","251842.47","SABD0002000012","AAV2.0.0.13","4.0.0.2323","PSt7-10","171027-008","9/15/2022 2:43:31 PM","0000-00","0","no battery","V","","µV","","µV"
"11/15/2022","17:50:59","7","default","171425599","OXY_CH7","30.714","min","186.500","μmol/L","Humid","21.153","deg","90261","µV","28.774","°C","1025.000","hPa","36.0","pmil","0","55.700","deg","20.000","°C","100.000","%a.s.","22.210","deg","20.000","°C","971.000","hPa","0.826","-0.01532","0.000401","-0.00012","0","11.08","Humid","30.45","0","49.40","251839.64","SABD0002000012","AAV2.0.0.13","4.0.0.2323","PSt7-10","171027-008","9/15/2022 2:43:31 PM","0000-00","0","no battery","V","","µV","","µV"
"11/15/2022","17:51:00","7","default","171425599","OXY_CH7","30.730","min","186.498","μmol/L","Humid","21.151","deg","90256","µV","28.780","°C","1025.000","hPa","36.0","pmil","0","55.700","deg","20.000","°C","100.000","%a.s.","22.210","deg","20.000","°C","971.000","hPa","0.826","-0.01532","0.000401","-0.00012","0","11.08","Humid","30.45","0","49.40","251839.33","SABD0002000012","AAV2.0.0.13","4.0.0.2323","PSt7-10","171027-008","9/15/2022 2:43:31 PM","0000-00","0","no battery","V","","µV","","µV"
"11/15/2022","17:51:01","7","default","171425599","OXY_CH7","30.747","min","186.465","μmol/L","Humid","21.153","deg","90262","µV","28.780","°C","1025.000","hPa","36.0","pmil","0","55.700","deg","20.000","°C","100.000","%a.s.","22.210","deg","20.000","°C","971.000","hPa","0.826","-0.01532","0.000401","-0.00012","0","11.08","Humid","30.45","0","49.40","251835.94","SABD0002000012","AAV2.0.0.13","4.0.0.2323","PSt7-10","171027-008","9/15/2022 2:43:31 PM","0000-00","0","no battery","V","","µV","","µV"
"11/15/2022","17:51:02","7","default","171425599","OXY_CH7","30.764","min","186.482","μmol/L","Humid","21.152","deg","90258","µV","28.780","°C","1025.000","hPa","36.0","pmil","0","55.700","deg","20.000","°C","100.000","%a.s.","22.210","deg","20.000","°C","971.000","hPa","0.826","-0.01532","0.000401","-0.00012","0","11.08","Humid","30.45","0","49.40","251835.30","SABD0002000012","AAV2.0.0.13","4.0.0.2323","PSt7-10","171027-008","9/15/2022 2:43:31 PM","0000-00","0","no battery","V","","µV","","µV"
"11/15/2022","17:51:03","7","default","171425599","OXY_CH7","30.780","min","186.467","μmol/L","Humid","21.155","deg","90254","µV","28.774","°C","1025.000","hPa","36.0","pmil","0","55.700","deg","20.000","°C","100.000","%a.s.","22.210","deg","20.000","°C","971.000","hPa","0.826","-0.01532","0.000401","-0.00012","0","11.08","Humid","30.45","0","49.40","251823.13","SABD0002000012","AAV2.0.0.13","4.0.0.2323","PSt7-10","171027-008","9/15/2022 2:43:31 PM","0000-00","0","no battery","V","","µV","","µV"
"11/15/2022","17:51:04","7","default","171425599","OXY_CH7","30.797","min","186.486","μmol/L","Humid","21.156","deg","90272","µV","28.768","°C","1025.000","hPa","36.0","pmil","0","55.700","deg","20.000","°C","100.000","%a.s.","22.210","deg","20.000","°C","971.000","hPa","0.826","-0.01532","0.000401","-0.00012","0","11.08","Humid","30.45","0","49.40","251835.39","SABD0002000012","AAV2.0.0.13","4.0.0.2323","PSt7-10","171027-008","9/15/2022 2:43:31 PM","0000-00","0","no battery","V","","µV","","µV"
"11/15/2022","17:51:05","7","default","171425599","OXY_CH7","30.814","min","186.536","μmol/L","Humid","21.153","deg","90270","µV","28.768","°C","1025.000","hPa","36.0","pmil","0","55.700","deg","20.000","°C","100.000","%a.s.","22.210","deg","20.000","°C","971.000","hPa","0.826","-0.01532","0.000401","-0.00012","0","11.08","Humid","30.45","0","49.40","251835.62","SABD0002000012","AAV2.0.0.13","4.0.0.2323","PSt7-10","171027-008","9/15/2022 2:43:31 PM","0000-00","0","no battery","V","","µV","","µV"
"11/15/2022","17:51:06","7","default","171425599","OXY_CH7","30.831","min","186.498","μmol/L","Humid","21.151","deg","90270","µV","28.780","°C","1025.000","hPa","36.0","pmil","0","55.700","deg","20.000","°C","100.000","%a.s.","22.210","deg","20.000","°C","971.000","hPa","0.826","-0.01532","0.000401","-0.00012","0","11.08","Humid","30.45","0","49.40","251833.94","SABD0002000012","AAV2.0.0.13","4.0.0.2323","PSt7-10","171027-008","9/15/2022 2:43:31 PM","0000-00","0","no battery","V","","µV","","µV"
"11/15/2022","17:51:07","7","default","171425599","OXY_CH7","30.847","min","186.416","μmol/L","Humid","21.156","deg","90269","µV","28.780","°C","1025.000","hPa","36.0","pmil","0","55.700","deg","20.000","°C","100.000","%a.s.","22.210","deg","20.000","°C","971.000","hPa","0.826","-0.01532","0.000401","-0.00012","0","11.08","Humid","30.45","0","49.40","251823.93","SABD0002000012","AAV2.0.0.13","4.0.0.2323","PSt7-10","171027-008","9/15/2022 2:43:31 PM","0000-00","0","no battery","V","","µV","","µV"
"11/15/2022","17:51:08","7","default","171425599","OXY_CH7","30.864","min","186.536","μmol/L","Humid","21.153","deg","90272","µV","28.768","°C","1025.000","hPa","36.0","pmil","0","55.700","deg","20.000","°C","100.000","%a.s.","22.210","deg","20.000","°C","971.000","hPa","0.826","-0.01532","0.000401","-0.00012","0","11.08","Humid","30.45","0","49.40","251831.21","SABD0002000012","AAV2.0.0.13","4.0.0.2323","PSt7-10","171027-008","9/15/2022 2:43:31 PM","0000-00","0","no battery","V","","µV","","µV"
"11/15/2022","17:51:09","7","default","171425599","OXY_CH7","30.881","min","186.486","μmol/L","Humid","21.156","deg","90270","µV","28.768","°C","1025.000","hPa","36.0","pmil","0","55.700","deg","20.000","°C","100.000","%a.s.","22.210","deg","20.000","°C","971.000","hPa","0.826","-0.01532","0.000401","-0.00012","0","11.08","Humid","30.45","0","49.40","251837.70","SABD0002000012","AAV2.0.0.13","4.0.0.2323","PSt7-10","171027-008","9/15/2022 2:43:31 PM","0000-00","0","no battery","V","","µV","","µV"
"11/15/2022","17:51:10","7","default","171425599","OXY_CH7","30.897","min","186.434","μmol/L","Humid","21.157","deg","90282","µV","28.774","°C","1025.000","hPa","36.0","pmil","0","55.700","deg","20.000","°C","100.000","%a.s.","22.210","deg","20.000","°C","971.000","hPa","0.826","-0.01532","0.000401","-0.00012","0","11.08","Humid","30.45","0","49.40","251839.65","SABD0002000012","AAV2.0.0.13","4.0.0.2323","PSt7-10","171027-008","9/15/2022 2:43:31 PM","0000-00","0","no battery","V","","µV","","µV"
"11/15/2022","17:51:11","7","default","171425599","OXY_CH7","30.913","min","186.451","μmol/L","Humid","21.156","deg","90277","µV","28.774","°C","1025.000","hPa","36.0","pmil","0","55.700","deg","20.000","°C","100.000","%a.s.","22.210","deg","20.000","°C","971.000","hPa","0.826","-0.01532","0.000401","-0.00012","0","11.08","Humid","30.45","0","49.40","251832.42","SABD0002000012","AAV2.0.0.13","4.0.0.2323","PSt7-10","171027-008","9/15/2022 2:43:31 PM","0000-00","0","no battery","V","","µV","","µV"
"11/15/2022","17:51:12","7","default","171425599","OXY_CH7","30.930","min","186.536","μmol/L","Humid","21.153","deg","90276","µV","28.768","°C","1025.000","hPa","36.0","pmil","0","55.700","deg","20.000","°C","100.000","%a.s.","22.210","deg","20.000","°C","971.000","hPa","0.826","-0.01532","0.000401","-0.00012","0","11.08","Humid","30.45","0","49.40","251824.86","SABD0002000012","AAV2.0.0.13","4.0.0.2323","PSt7-10","171027-008","9/15/2022 2:43:31 PM","0000-00","0","no battery","V","","µV","","µV"
"11/15/2022","17:51:13","7","default","171425599","OXY_CH7","30.947","min","186.467","μmol/L","Humid","21.155","deg","90282","µV","28.774","°C","1025.000","hPa","36.0","pmil","0","55.700","deg","20.000","°C","100.000","%a.s.","22.210","deg","20.000","°C","971.000","hPa","0.826","-0.01532","0.000401","-0.00012","0","11.08","Humid","30.45","0","49.40","251843.71","SABD0002000012","AAV2.0.0.13","4.0.0.2323","PSt7-10","171027-008","9/15/2022 2:43:31 PM","0000-00","0","no battery","V","","µV","","µV"
"11/15/2022","17:51:14","7","default","171425599","OXY_CH7","30.964","min","186.451","μmol/L","Humid","21.156","deg","90285","µV","28.774","°C","1025.000","hPa","36.0","pmil","0","55.700","deg","20.000","°C","100.000","%a.s.","22.210","deg","20.000","°C","971.000","hPa","0.826","-0.01532","0.000401","-0.00012","0","11.08","Humid","30.45","0","49.40","251840.86","SABD0002000012","AAV2.0.0.13","4.0.0.2323","PSt7-10","171027-008","9/15/2022 2:43:31 PM","0000-00","0","no battery","V","","µV","","µV"
"11/15/2022","17:51:15","7","default","171425599","OXY_CH7","30.981","min","186.517","μmol/L","Humid","21.152","deg","90282","µV","28.774","°C","1025.000","hPa","36.0","pmil","0","55.700","deg","20.000","°C","100.000","%a.s.","22.210","deg","20.000","°C","971.000","hPa","0.826","-0.01532","0.000401","-0.00012","0","11.08","Humid","30.45","0","49.40","251823.59","SABD0002000012","AAV2.0.0.13","4.0.0.2323","PSt7-10","171027-008","9/15/2022 2:43:31 PM","0000-00","0","no battery","V","","µV","","µV"
"11/15/2022","17:51:16","7","default","171425599","OXY_CH7","30.997","min","186.484","μmol/L","Humid","21.154","deg","90288","µV","28.774","°C","1025.000","hPa","36.0","pmil","0","55.700","deg","20.000","°C","100.000","%a.s.","22.210","deg","20.000","°C","971.000","hPa","0.826","-0.01532","0.000401","-0.00012","0","11.08","Humid","30.45","0","49.40","251830.61","SABD0002000012","AAV2.0.0.13","4.0.0.2323","PSt7-10","171027-008","9/15/2022 2:43:31 PM","0000-00","0","no battery","V","","µV","","µV"
"11/15/2022","17:51:17","7","default","171425599","OXY_CH7","31.014","min","186.432","μmol/L","Humid","21.155","deg","90284","µV","28.780","°C","1025.000","hPa","36.0","pmil","0","55.700","deg","20.000","°C","100.000","%a.s.","22.210","deg","20.000","°C","971.000","hPa","0.826","-0.01532","0.000401","-0.00012","0","11.08","Humid","30.45","0","49.40","251838.02","SABD0002000012","AAV2.0.0.13","4.0.0.2323","PSt7-10","171027-008","9/15/2022 2:43:31 PM","0000-00","0","no battery","V","","µV","","µV"
"11/15/2022","17:51:18","7","default","171425599","OXY_CH7","31.031","min","186.519","μmol/L","Humid","21.154","deg","90297","µV","28.768","°C","1025.000","hPa","36.0","pmil","0","55.700","deg","20.000","°C","100.000","%a.s.","22.210","deg","20.000","°C","971.000","hPa","0.826","-0.01532","0.000401","-0.00012","0","11.08","Humid","30.45","0","49.40","251839.37","SABD0002000012","AAV2.0.0.13","4.0.0.2323","PSt7-10","171027-008","9/15/2022 2:43:31 PM","0000-00","0","no battery","V","","µV","","µV"
"11/15/2022","17:51:19","7","default","171425599","OXY_CH7","31.047","min","186.436","μmol/L","Humid","21.159","deg","90292","µV","28.768","°C","1025.000","hPa","36.0","pmil","0","55.700","deg","20.000","°C","100.000","%a.s.","22.210","deg","20.000","°C","971.000","hPa","0.826","-0.01532","0.000401","-0.00012","0","11.08","Humid","30.45","0","49.40","251843.34","SABD0002000012","AAV2.0.0.13","4.0.0.2323","PSt7-10","171027-008","9/15/2022 2:43:31 PM","0000-00","0","no battery","V","","µV","","µV"
"11/15/2022","17:51:20","7","default","171425599","OXY_CH7","31.063","min","186.502","μmol/L","Humid","21.155","deg","90287","µV","28.768","°C","1025.000","hPa","36.0","pmil","0","55.700","deg","20.000","°C","100.000","%a.s.","22.210","deg","20.000","°C","971.000","hPa","0.826","-0.01532","0.000401","-0.00012","0","11.08","Humid","30.45","0","49.40","251818.95","SABD0002000012","AAV2.0.0.13","4.0.0.2323","PSt7-10","171027-008","9/15/2022 2:43:31 PM","0000-00","0","no battery","V","","µV","","µV"
"11/15/2022","17:51:21","7","default","171425599","OXY_CH7","31.080","min","186.436","μmol/L","Humid","21.159","deg","90299","µV","28.768","°C","1025.000","hPa","36.0","pmil","0","55.700","deg","20.000","°C","100.000","%a.s.","22.210","deg","20.000","°C","971.000","hPa","0.826","-0.01532","0.000401","-0.00012","0","11.08","Humid","30.45","0","49.40","251828.49","SABD0002000012","AAV2.0.0.13","4.0.0.2323","PSt7-10","171027-008","9/15/2022 2:43:31 PM","0000-00","0","no battery","V","","µV","","µV"
"11/15/2022","17:51:22","7","default","171425599","OXY_CH7","31.097","min","186.502","μmol/L","Humid","21.155","deg","90299","µV","28.768","°C","1025.000","hPa","36.0","pmil","0","55.700","deg","20.000","°C","100.000","%a.s.","22.210","deg","20.000","°C","971.000","hPa","0.826","-0.01532","0.000401","-0.00012","0","11.08","Humid","30.45","0","49.40","251826.00","SABD0002000012","AAV2.0.0.13","4.0.0.2323","PSt7-10","171027-008","9/15/2022 2:43:31 PM","0000-00","0","no battery","V","","µV","","µV"
"11/15/2022","17:51:23","7","default","171425599","OXY_CH7","31.114","min","186.416","μmol/L","Humid","21.156","deg","90301","µV","28.780","°C","1025.000","hPa","36.0","pmil","0","55.700","deg","20.000","°C","100.000","%a.s.","22.210","deg","20.000","°C","971.000","hPa","0.826","-0.01532","0.000401","-0.00012","0","11.08","Humid","30.45","0","49.40","251822.90","SABD0002000012","AAV2.0.0.13","4.0.0.2323","PSt7-10","171027-008","9/15/2022 2:43:31 PM","0000-00","0","no battery","V","","µV","","µV"
"11/15/2022","17:51:24","7","default","171425599","OXY_CH7","31.131","min","186.484","μmol/L","Humid","21.154","deg","90301","µV","28.774","°C","1025.000","hPa","36.0","pmil","0","55.700","deg","20.000","°C","100.000","%a.s.","22.210","deg","20.000","°C","971.000","hPa","0.826","-0.01532","0.000401","-0.00012","0","11.08","Humid","30.45","0","49.40","251826.90","SABD0002000012","AAV2.0.0.13","4.0.0.2323","PSt7-10","171027-008","9/15/2022 2:43:31 PM","0000-00","0","no battery","V","","µV","","µV"
"11/15/2022","17:51:25","7","default","171425599","OXY_CH7","31.147","min","186.401","μmol/L","Humid","21.159","deg","90297","µV","28.774","°C","1025.000","hPa","36.0","pmil","0","55.700","deg","20.000","°C","100.000","%a.s.","22.210","deg","20.000","°C","971.000","hPa","0.826","-0.01532","0.000401","-0.00012","0","11.08","Humid","30.45","0","49.40","251822.76","SABD0002000012","AAV2.0.0.13","4.0.0.2323","PSt7-10","171027-008","9/15/2022 2:43:31 PM","0000-00","0","no battery","V","","µV","","µV"
"11/15/2022","17:51:26","7","default","171425599","OXY_CH7","31.164","min","186.352","μmol/L","Humid","21.162","deg","90296","µV","28.774","°C","1025.000","hPa","36.0","pmil","0","55.700","deg","20.000","°C","100.000","%a.s.","22.210","deg","20.000","°C","971.000","hPa","0.826","-0.01532","0.000401","-0.00012","0","11.08","Humid","30.45","0","49.40","251812.66","SABD0002000012","AAV2.0.0.13","4.0.0.2323","PSt7-10","171027-008","9/15/2022 2:43:31 PM","0000-00","0","no battery","V","","µV","","µV"
"11/15/2022","17:51:27","7","default","171425599","OXY_CH7","31.180","min","186.488","μmol/L","Humid","21.158","deg","90300","µV","28.762","°C","1025.000","hPa","36.0","pmil","0","55.700","deg","20.000","°C","100.000","%a.s.","22.210","deg","20.000","°C","971.000","hPa","0.826","-0.01532","0.000401","-0.00012","0","11.08","Humid","30.45","0","49.40","251813.29","SABD0002000012","AAV2.0.0.13","4.0.0.2323","PSt7-10","171027-008","9/15/2022 2:43:31 PM","0000-00","0","no battery","V","","µV","","µV"
"11/15/2022","17:51:28","7","default","171425599","OXY_CH7","31.197","min","186.517","μmol/L","Humid","21.152","deg","90308","µV","28.774","°C","1025.000","hPa","36.0","pmil","0","55.700","deg","20.000","°C","100.000","%a.s.","22.210","deg","20.000","°C","971.000","hPa","0.826","-0.01532","0.000401","-0.00012","0","11.08","Humid","30.45","0","49.40","251819.41","SABD0002000012","AAV2.0.0.13","4.0.0.2323","PSt7-10","171027-008","9/15/2022 2:43:31 PM","0000-00","0","no battery","V","","µV","","µV"
"11/15/2022","17:51:29","7","default","171425599","OXY_CH7","31.214","min","186.420","μmol/L","Humid","21.160","deg","90310","µV","28.768","°C","1025.000","hPa","36.0","pmil","0","55.700","deg","20.000","°C","100.000","%a.s.","22.210","deg","20.000","°C","971.000","hPa","0.826","-0.01532","0.000401","-0.00012","0","11.08","Humid","30.45","0","49.40","251814.09","SABD0002000012","AAV2.0.0.13","4.0.0.2323","PSt7-10","171027-008","9/15/2022 2:43:31 PM","0000-00","0","no battery","V","","µV","","µV"
"11/15/2022","17:51:30","7","default","171425599","OXY_CH7","31.230","min","186.521","μmol/L","Humid","21.156","deg","90312","µV","28.762","°C","1025.000","hPa","36.0","pmil","0","55.700","deg","20.000","°C","100.000","%a.s.","22.210","deg","20.000","°C","971.000","hPa","0.826","-0.01532","0.000401","-0.00012","0","11.08","Humid","30.45","0","49.40","251814.37","SABD0002000012","AAV2.0.0.13","4.0.0.2323","PSt7-10","171027-008","9/15/2022 2:43:31 PM","0000-00","0","no battery","V","","µV","","µV"
"11/15/2022","17:51:31","7","default","171425599","OXY_CH7","31.247","min","186.403","μmol/L","Humid","21.161","deg","90309","µV","28.768","°C","1025.000","hPa","36.0","pmil","0","55.700","deg","20.000","°C","100.000","%a.s.","22.210","deg","20.000","°C","971.000","hPa","0.826","-0.01532","0.000401","-0.00012","0","11.08","Humid","30.45","0","49.40","251810.74","SABD0002000012","AAV2.0.0.13","4.0.0.2323","PSt7-10","171027-008","9/15/2022 2:43:31 PM","0000-00","0","no battery","V","","µV","","µV"
"11/15/2022","17:51:32","7","default","171425599","OXY_CH7","31.264","min","186.484","μmol/L","Humid","21.154","deg","90318","µV","28.774","°C","1025.000","hPa","36.0","pmil","0","55.700","deg","20.000","°C","100.000","%a.s.","22.210","deg","20.000","°C","971.000","hPa","0.826","-0.01532","0.000401","-0.00012","0","11.08","Humid","30.45","0","49.40","251828.96","SABD0002000012","AAV2.0.0.13","4.0.0.2323","PSt7-10","171027-008","9/15/2022 2:43:31 PM","0000-00","0","no battery","V","","µV","","µV"
"11/15/2022","17:51:33","7","default","171425599","OXY_CH7","31.281","min","186.418","μmol/L","Humid","21.158","deg","90311","µV","28.774","°C","1025.000","hPa","36.0","pmil","0","55.700","deg","20.000","°C","100.000","%a.s.","22.210","deg","20.000","°C","971.000","hPa","0.826","-0.01532","0.000401","-0.00012","0","11.08","Humid","30.45","0","49.40","251821.39","SABD0002000012","AAV2.0.0.13","4.0.0.2323","PSt7-10","171027-008","9/15/2022 2:43:31 PM","0000-00","0","no battery","V","","µV","","µV"
"11/15/2022","17:51:34","7","default","171425599","OXY_CH7","31.298","min","186.370","μmol/L","Humid","21.163","deg","90316","µV","28.768","°C","1025.000","hPa","36.0","pmil","0","55.700","deg","20.000","°C","100.000","%a.s.","22.210","deg","20.000","°C","971.000","hPa","0.826","-0.01532","0.000401","-0.00012","0","11.08","Humid","30.45","0","49.40","251804.01","SABD0002000012","AAV2.0.0.13","4.0.0.2323","PSt7-10","171027-008","9/15/2022 2:43:31 PM","0000-00","0","no battery","V","","µV","","µV"
"11/15/2022","17:51:35","7","default","171425599","OXY_CH7","31.314","min","186.385","μmol/L","Humid","21.160","deg","90313","µV","28.774","°C","1025.000","hPa","36.0","pmil","0","55.700","deg","20.000","°C","100.000","%a.s.","22.210","deg","20.000","°C","971.000","hPa","0.826","-0.01532","0.000401","-0.00012","0","11.08","Humid","30.45","0","49.40","251826.48","SABD0002000012","AAV2.0.0.13","4.0.0.2323","PSt7-10","171027-008","9/15/2022 2:43:31 PM","0000-00","0","no battery","V","","µV","","µV"
"11/15/2022","17:51:36","7","default","171425599","OXY_CH7","31.330","min","186.401","μmol/L","Humid","21.159","deg","90319","µV","28.774","°C","1025.000","hPa","36.0","pmil","0","55.700","deg","20.000","°C","100.000","%a.s.","22.210","deg","20.000","°C","971.000","hPa","0.826","-0.01532","0.000401","-0.00012","0","11.08","Humid","30.45","0","49.40","251809.62","SABD0002000012","AAV2.0.0.13","4.0.0.2323","PSt7-10","171027-008","9/15/2022 2:43:31 PM","0000-00","0","no battery","V","","µV","","µV"
"11/15/2022","17:51:37","7","default","171425599","OXY_CH7","31.347","min","186.401","μmol/L","Humid","21.159","deg","90310","µV","28.774","°C","1025.000","hPa","36.0","pmil","0","55.700","deg","20.000","°C","100.000","%a.s.","22.210","deg","20.000","°C","971.000","hPa","0.826","-0.01532","0.000401","-0.00012","0","11.08","Humid","30.45","0","49.40","251810.59","SABD0002000012","AAV2.0.0.13","4.0.0.2323","PSt7-10","171027-008","9/15/2022 2:43:31 PM","0000-00","0","no battery","V","","µV","","µV"
"11/15/2022","17:51:38","7","default","171425599","OXY_CH7","31.364","min","186.438","μmol/L","Humid","21.161","deg","90325","µV","28.762","°C","1025.000","hPa","36.0","pmil","0","55.700","deg","20.000","°C","100.000","%a.s.","22.210","deg","20.000","°C","971.000","hPa","0.826","-0.01532","0.000401","-0.00012","0","11.08","Humid","30.45","0","49.40","251812.75","SABD0002000012","AAV2.0.0.13","4.0.0.2323","PSt7-10","171027-008","9/15/2022 2:43:31 PM","0000-00","0","no battery","V","","µV","","µV"
"11/15/2022","17:51:39","7","default","171425599","OXY_CH7","31.380","min","186.387","μmol/L","Humid","21.162","deg","90317","µV","28.768","°C","1025.000","hPa","36.0","pmil","0","55.700","deg","20.000","°C","100.000","%a.s.","22.210","deg","20.000","°C","971.000","hPa","0.826","-0.01532","0.000401","-0.00012","0","11.08","Humid","30.45","0","49.40","251791.03","SABD0002000012","AAV2.0.0.13","4.0.0.2323","PSt7-10","171027-008","9/15/2022 2:43:31 PM","0000-00","0","no battery","V","","µV","","µV"
"11/15/2022","17:51:40","7","default","171425599","OXY_CH7","31.397","min","186.420","μmol/L","Humid","21.160","deg","90324","µV","28.768","°C","1025.000","hPa","36.0","pmil","0","55.700","deg","20.000","°C","100.000","%a.s.","22.210","deg","20.000","°C","971.000","hPa","0.826","-0.01532","0.000401","-0.00012","0","11.08","Humid","30.45","0","49.40","251799.48","SABD0002000012","AAV2.0.0.13","4.0.0.2323","PSt7-10","171027-008","9/15/2022 2:43:31 PM","0000-00","0","no battery","V","","µV","","µV"
"11/15/2022","17:51:41","7","default","171425599","OXY_CH7","31.414","min","186.318","μmol/L","Humid","21.164","deg","90329","µV","28.774","°C","1025.000","hPa","36.0","pmil","0","55.700","deg","20.000","°C","100.000","%a.s.","22.210","deg","20.000","°C","971.000","hPa","0.826","-0.01532","0.000401","-0.00012","0","11.08","Humid","30.45","0","49.40","251801.46","SABD0002000012","AAV2.0.0.13","4.0.0.2323","PSt7-10","171027-008","9/15/2022 2:43:31 PM","0000-00","0","no battery","V","","µV","","µV"
"11/15/2022","17:51:42","7","default","171425599","OXY_CH7","31.431","min","186.401","μmol/L","Humid","21.159","deg","90326","µV","28.774","°C","1025.000","hPa","36.0","pmil","0","55.700","deg","20.000","°C","100.000","%a.s.","22.210","deg","20.000","°C","971.000","hPa","0.826","-0.01532","0.000401","-0.00012","0","11.08","Humid","30.45","0","49.40","251810.17","SABD0002000012","AAV2.0.0.13","4.0.0.2323","PSt7-10","171027-008","9/15/2022 2:43:31 PM","0000-00","0","no battery","V","","µV","","µV"
"11/15/2022","17:51:43","7","default","171425599","OXY_CH7","31.448","min","186.436","μmol/L","Humid","21.159","deg","90338","µV","28.768","°C","1025.000","hPa","36.0","pmil","0","55.700","deg","20.000","°C","100.000","%a.s.","22.210","deg","20.000","°C","971.000","hPa","0.826","-0.01532","0.000401","-0.00012","0","11.08","Humid","30.45","0","49.40","251808.31","SABD0002000012","AAV2.0.0.13","4.0.0.2323","PSt7-10","171027-008","9/15/2022 2:43:31 PM","0000-00","0","no battery","V","","µV","","µV"
"11/15/2022","17:51:44","7","default","171425599","OXY_CH7","31.464","min","186.335","μmol/L","Humid","21.163","deg","90328","µV","28.774","°C","1025.000","hPa","36.0","pmil","0","55.700","deg","20.000","°C","100.000","%a.s.","22.210","deg","20.000","°C","971.000","hPa","0.826","-0.01532","0.000401","-0.00012","0","11.08","Humid","30.45","0","49.40","251804.39","SABD0002000012","AAV2.0.0.13","4.0.0.2323","PSt7-10","171027-008","9/15/2022 2:43:31 PM","0000-00","0","no battery","V","","µV","","µV"
"11/15/2022","17:51:45","7","default","171425599","OXY_CH7","31.480","min","186.403","μmol/L","Humid","21.161","deg","90331","µV","28.768","°C","1025.000","hPa","36.0","pmil","0","55.700","deg","20.000","°C","100.000","%a.s.","22.210","deg","20.000","°C","971.000","hPa","0.826","-0.01532","0.000401","-0.00012","0","11.08","Humid","30.45","0","49.40","251815.90","SABD0002000012","AAV2.0.0.13","4.0.0.2323","PSt7-10","171027-008","9/15/2022 2:43:31 PM","0000-00","0","no battery","V","","µV","","µV"
"11/15/2022","17:51:46","7","default","171425599","OXY_CH7","31.497","min","186.387","μmol/L","Humid","21.162","deg","90338","µV","28.768","°C","1025.000","hPa","36.0","pmil","0","55.700","deg","20.000","°C","100.000","%a.s.","22.210","deg","20.000","°C","971.000","hPa","0.826","-0.01532","0.000401","-0.00012","0","11.08","Humid","30.45","0","49.40","251810.49","SABD0002000012","AAV2.0.0.13","4.0.0.2323","PSt7-10","171027-008","9/15/2022 2:43:31 PM","0000-00","0","no battery","V","","µV","","µV"
"11/15/2022","17:51:47","7","default","171425599","OXY_CH7","31.514","min","186.335","μmol/L","Humid","21.163","deg","90341","µV","28.774","°C","1025.000","hPa","36.0","pmil","0","55.700","deg","20.000","°C","100.000","%a.s.","22.210","deg","20.000","°C","971.000","hPa","0.826","-0.01532","0.000401","-0.00012","0","11.08","Humid","30.45","0","49.40","251820.03","SABD0002000012","AAV2.0.0.13","4.0.0.2323","PSt7-10","171027-008","9/15/2022 2:43:31 PM","0000-00","0","no battery","V","","µV","","µV"
"11/15/2022","17:51:48","7","default","171425599","OXY_CH7","31.530","min","186.370","μmol/L","Humid","21.163","deg","90338","µV","28.768","°C","1025.000","hPa","36.0","pmil","0","55.700","deg","20.000","°C","100.000","%a.s.","22.210","deg","20.000","°C","971.000","hPa","0.826","-0.01532","0.000401","-0.00012","0","11.08","Humid","30.45","0","49.40","251808.80","SABD0002000012","AAV2.0.0.13","4.0.0.2323","PSt7-10","171027-008","9/15/2022 2:43:31 PM","0000-00","0","no battery","V","","µV","","µV"
"11/15/2022","17:51:49","7","default","171425599","OXY_CH7","31.547","min","186.321","μmol/L","Humid","21.166","deg","90340","µV","28.768","°C","1025.000","hPa","36.0","pmil","0","55.700","deg","20.000","°C","100.000","%a.s.","22.210","deg","20.000","°C","971.000","hPa","0.826","-0.01532","0.000401","-0.00012","0","11.08","Humid","30.45","0","49.40","251812.59","SABD0002000012","AAV2.0.0.13","4.0.0.2323","PSt7-10","171027-008","9/15/2022 2:43:31 PM","0000-00","0","no battery","V","","µV","","µV"
"11/15/2022","17:51:50","7","default","171425599","OXY_CH7","31.564","min","186.354","μmol/L","Humid","21.164","deg","90343","µV","28.768","°C","1025.000","hPa","36.0","pmil","0","55.700","deg","20.000","°C","100.000","%a.s.","22.210","deg","20.000","°C","971.000","hPa","0.826","-0.01532","0.000401","-0.00012","0","11.08","Humid","30.45","0","49.40","251812.01","SABD0002000012","AAV2.0.0.13","4.0.0.2323","PSt7-10","171027-008","9/15/2022 2:43:31 PM","0000-00","0","no battery","V","","µV","","µV"
"11/15/2022","17:51:51","7","default","171425599","OXY_CH7","31.581","min","186.368","μmol/L","Humid","21.161","deg","90348","µV","28.774","°C","1025.000","hPa","36.0","pmil","0","55.700","deg","20.000","°C","100.000","%a.s.","22.210","deg","20.000","°C","971.000","hPa","0.826","-0.01532","0.000401","-0.00012","0","11.08","Humid","30.45","0","49.40","251817.33","SABD0002000012","AAV2.0.0.13","4.0.0.2323","PSt7-10","171027-008","9/15/2022 2:43:31 PM","0000-00","0","no battery","V","","µV","","µV"
"11/15/2022","17:51:52","7","default","171425599","OXY_CH7","31.598","min","186.318","μmol/L","Humid","21.164","deg","90341","µV","28.774","°C","1025.000","hPa","36.0","pmil","0","55.700","deg","20.000","°C","100.000","%a.s.","22.210","deg","20.000","°C","971.000","hPa","0.826","-0.01532","0.000401","-0.00012","0","11.08","Humid","30.45","0","49.40","251805.43","SABD0002000012","AAV2.0.0.13","4.0.0.2323","PSt7-10","171027-008","9/15/2022 2:43:31 PM","0000-00","0","no battery","V","","µV","","µV"
"11/15/2022","17:51:53","7","default","171425599","OXY_CH7","31.613","min","186.389","μmol/L","Humid","21.164","deg","90343","µV","28.762","°C","1025.000","hPa","36.0","pmil","0","55.700","deg","20.000","°C","100.000","%a.s.","22.210","deg","20.000","°C","971.000","hPa","0.826","-0.01532","0.000401","-0.00012","0","11.08","Humid","30.45","0","49.40","251803.58","SABD0002000012","AAV2.0.0.13","4.0.0.2323","PSt7-10","171027-008","9/15/2022 2:43:31 PM","0000-00","0","no battery","V","","µV","","µV"
"11/15/2022","17:51:54","7","default","171425599","OXY_CH7","31.630","min","186.354","μmol/L","Humid","21.164","deg","90341","µV","28.768","°C","1025.000","hPa","36.0","pmil","0","55.700","deg","20.000","°C","100.000","%a.s.","22.210","deg","20.000","°C","971.000","hPa","0.826","-0.01532","0.000401","-0.00012","0","11.08","Humid","30.45","0","49.40","251800.32","SABD0002000012","AAV2.0.0.13","4.0.0.2323","PSt7-10","171027-008","9/15/2022 2:43:31 PM","0000-00","0","no battery","V","","µV","","µV"
"11/15/2022","17:51:55","7","default","171425599","OXY_CH7","31.647","min","186.387","μmol/L","Humid","21.162","deg","90350","µV","28.768","°C","1025.000","hPa","36.0","pmil","0","55.700","deg","20.000","°C","100.000","%a.s.","22.210","deg","20.000","°C","971.000","hPa","0.826","-0.01532","0.000401","-0.00012","0","11.08","Humid","30.45","0","49.40","251799.02","SABD0002000012","AAV2.0.0.13","4.0.0.2323","PSt7-10","171027-008","9/15/2022 2:43:31 PM","0000-00","0","no battery","V","","µV","","µV"
"11/15/2022","17:51:56","7","default","171425599","OXY_CH7","31.664","min","186.389","μmol/L","Humid","21.164","deg","90344","µV","28.762","°C","1025.000","hPa","36.0","pmil","0","55.700","deg","20.000","°C","100.000","%a.s.","22.210","deg","20.000","°C","971.000","hPa","0.826","-0.01532","0.000401","-0.00012","0","11.08","Humid","30.45","0","49.40","251783.58","SABD0002000012","AAV2.0.0.13","4.0.0.2323","PSt7-10","171027-008","9/15/2022 2:43:31 PM","0000-00","0","no battery","V","","µV","","µV"
"11/15/2022","17:51:57","7","default","171425599","OXY_CH7","31.680","min","186.337","μmol/L","Humid","21.165","deg","90353","µV","28.768","°C","1025.000","hPa","36.0","pmil","0","55.700","deg","20.000","°C","100.000","%a.s.","22.210","deg","20.000","°C","971.000","hPa","0.826","-0.01532","0.000401","-0.00012","0","11.08","Humid","30.45","0","49.40","251795.59","SABD0002000012","AAV2.0.0.13","4.0.0.2323","PSt7-10","171027-008","9/15/2022 2:43:31 PM","0000-00","0","no battery","V","","µV","","µV"
"11/15/2022","17:51:58","7","default","171425599","OXY_CH7","31.697","min","186.271","μmol/L","Humid","21.169","deg","90359","µV","28.768","°C","1025.000","hPa","36.0","pmil","0","55.700","deg","20.000","°C","100.000","%a.s.","22.210","deg","20.000","°C","971.000","hPa","0.826","-0.01532","0.000401","-0.00012","0","11.08","Humid","30.45","0","49.40","251799.53","SABD0002000012","AAV2.0.0.13","4.0.0.2323","PSt7-10","171027-008","9/15/2022 2:43:31 PM","0000-00","0","no battery","V","","µV","","µV"
"11/15/2022","17:51:59","7","default","171425599","OXY_CH7","31.714","min","186.323","μmol/L","Humid","21.168","deg","90356","µV","28.762","°C","1025.000","hPa","36.0","pmil","0","55.700","deg","20.000","°C","100.000","%a.s.","22.210","deg","20.000","°C","971.000","hPa","0.826","-0.01532","0.000401","-0.00012","0","11.08","Humid","30.45","0","49.40","251798.90","SABD0002000012","AAV2.0.0.13","4.0.0.2323","PSt7-10","171027-008","9/15/2022 2:43:31 PM","0000-00","0","no battery","V","","µV","","µV"
"11/15/2022","17:52:00","7","default","171425599","OXY_CH7","31.731","min","186.354","μmol/L","Humid","21.164","deg","90359","µV","28.768","°C","1025.000","hPa","36.0","pmil","0","55.700","deg","20.000","°C","100.000","%a.s.","22.210","deg","20.000","°C","971.000","hPa","0.826","-0.01532","0.000401","-0.00012","0","11.08","Humid","30.45","0","49.40","251801.99","SABD0002000012","AAV2.0.0.13","4.0.0.2323","PSt7-10","171027-008","9/15/2022 2:43:31 PM","0000-00","0","no battery","V","","µV","","µV"
"11/15/2022","17:52:01","7","default","171425599","OXY_CH7","31.747","min","186.337","μmol/L","Humid","21.165","deg","90360","µV","28.768","°C","1025.000","hPa","36.0","pmil","0","55.700","deg","20.000","°C","100.000","%a.s.","22.210","deg","20.000","°C","971.000","hPa","0.826","-0.01532","0.000401","-0.00012","0","11.08","Humid","30.45","0","49.40","251792.66","SABD0002000012","AAV2.0.0.13","4.0.0.2323","PSt7-10","171027-008","9/15/2022 2:43:31 PM","0000-00","0","no battery","V","","µV","","µV"
"11/15/2022","17:52:02","7","default","171425599","OXY_CH7","31.764","min","186.339","μmol/L","Humid","21.167","deg","90358","µV","28.762","°C","1025.000","hPa","36.0","pmil","0","55.700","deg","20.000","°C","100.000","%a.s.","22.210","deg","20.000","°C","971.000","hPa","0.826","-0.01532","0.000401","-0.00012","0","11.08","Humid","30.45","0","49.40","251784.77","SABD0002000012","AAV2.0.0.13","4.0.0.2323","PSt7-10","171027-008","9/15/2022 2:43:31 PM","0000-00","0","no battery","V","","µV","","µV"
"11/15/2022","17:52:03","7","default","171425599","OXY_CH7","31.780","min","186.323","μmol/L","Humid","21.168","deg","90357","µV","28.762","°C","1025.000","hPa","36.0","pmil","0","55.700","deg","20.000","°C","100.000","%a.s.","22.210","deg","20.000","°C","971.000","hPa","0.826","-0.01532","0.000401","-0.00012","0","11.08","Humid","30.45","0","49.40","251785.68","SABD0002000012","AAV2.0.0.13","4.0.0.2323","PSt7-10","171027-008","9/15/2022 2:43:31 PM","0000-00","0","no battery","V","","µV","","µV"
"11/15/2022","17:52:04","7","default","171425599","OXY_CH7","31.797","min","186.321","μmol/L","Humid","21.166","deg","90363","µV","28.768","°C","1025.000","hPa","36.0","pmil","0","55.700","deg","20.000","°C","100.000","%a.s.","22.210","deg","20.000","°C","971.000","hPa","0.826","-0.01532","0.000401","-0.00012","0","11.08","Humid","30.45","0","49.40","251790.09","SABD0002000012","AAV2.0.0.13","4.0.0.2323","PSt7-10","171027-008","9/15/2022 2:43:31 PM","0000-00","0","no battery","V","","µV","","µV"
"11/15/2022","17:52:05","7","default","171425599","OXY_CH7","31.814","min","186.221","μmol/L","Humid","21.172","deg","90367","µV","28.768","°C","1025.000","hPa","36.0","pmil","0","55.700","deg","20.000","°C","100.000","%a.s.","22.210","deg","20.000","°C","971.000","hPa","0.826","-0.01532","0.000401","-0.00012","0","11.08","Humid","30.45","0","49.40","251793.41","SABD0002000012","AAV2.0.0.13","4.0.0.2323","PSt7-10","171027-008","9/15/2022 2:43:31 PM","0000-00","0","no battery","V","","µV","","µV"
"11/15/2022","17:52:06","7","default","171425599","OXY_CH7","31.830","min","186.269","μmol/L","Humid","21.167","deg","90373","µV","28.774","°C","1025.000","hPa","36.0","pmil","0","55.700","deg","20.000","°C","100.000","%a.s.","22.210","deg","20.000","°C","971.000","hPa","0.826","-0.01532","0.000401","-0.00012","0","11.08","Humid","30.45","0","49.40","251783.58","SABD0002000012","AAV2.0.0.13","4.0.0.2323","PSt7-10","171027-008","9/15/2022 2:43:31 PM","0000-00","0","no battery","V","","µV","","µV"
"11/15/2022","17:52:07","7","default","171425599","OXY_CH7","31.847","min","186.354","μmol/L","Humid","21.164","deg","90370","µV","28.768","°C","1025.000","hPa","36.0","pmil","0","55.700","deg","20.000","°C","100.000","%a.s.","22.210","deg","20.000","°C","971.000","hPa","0.826","-0.01532","0.000401","-0.00012","0","11.08","Humid","30.45","0","49.40","251783.37","SABD0002000012","AAV2.0.0.13","4.0.0.2323","PSt7-10","171027-008","9/15/2022 2:43:31 PM","0000-00","0","no battery","V","","µV","","µV"
"11/15/2022","17:52:08","7","default","171425599","OXY_CH7","31.864","min","186.252","μmol/L","Humid","21.168","deg","90371","µV","28.774","°C","1025.000","hPa","36.0","pmil","0","55.700","deg","20.000","°C","100.000","%a.s.","22.210","deg","20.000","°C","971.000","hPa","0.826","-0.01532","0.000401","-0.00012","0","11.08","Humid","30.45","0","49.40","251797.28","SABD0002000012","AAV2.0.0.13","4.0.0.2323","PSt7-10","171027-008","9/15/2022 2:43:31 PM","0000-00","0","no battery","V","","µV","","µV"
"11/15/2022","17:52:09","7","default","171425599","OXY_CH7","31.881","min","186.238","μmol/L","Humid","21.171","deg","90372","µV","28.768","°C","1025.000","hPa","36.0","pmil","0","55.700","deg","20.000","°C","100.000","%a.s.","22.210","deg","20.000","°C","971.000","hPa","0.826","-0.01532","0.000401","-0.00012","0","11.08","Humid","30.45","0","49.40","251800.11","SABD0002000012","AAV2.0.0.13","4.0.0.2323","PSt7-10","171027-008","9/15/2022 2:43:31 PM","0000-00","0","no battery","V","","µV","","µV"
"11/15/2022","17:52:10","7","default","171425599","OXY_CH7","31.897","min","186.201","μmol/L","Humid","21.169","deg","90371","µV","28.780","°C","1025.000","hPa","36.0","pmil","0","55.700","deg","20.000","°C","100.000","%a.s.","22.210","deg","20.000","°C","971.000","hPa","0.826","-0.01532","0.000401","-0.00012","0","11.08","Humid","30.45","0","49.40","251799.74","SABD0002000012","AAV2.0.0.13","4.0.0.2323","PSt7-10","171027-008","9/15/2022 2:43:31 PM","0000-00","0","no battery","V","","µV","","µV"
"11/15/2022","17:52:11","7","default","171425599","OXY_CH7","31.913","min","186.339","μmol/L","Humid","21.167","deg","90378","µV","28.762","°C","1025.000","hPa","36.0","pmil","0","55.700","deg","20.000","°C","100.000","%a.s.","22.210","deg","20.000","°C","971.000","hPa","0.826","-0.01532","0.000401","-0.00012","0","11.08","Humid","30.45","0","49.40","251799.86","SABD0002000012","AAV2.0.0.13","4.0.0.2323","PSt7-10","171027-008","9/15/2022 2:43:31 PM","0000-00","0","no battery","V","","µV","","µV"
"11/15/2022","17:52:12","7","default","171425599","OXY_CH7","31.930","min","186.323","μmol/L","Humid","21.168","deg","90372","µV","28.762","°C","1025.000","hPa","36.0","pmil","0","55.700","deg","20.000","°C","100.000","%a.s.","22.210","deg","20.000","°C","971.000","hPa","0.826","-0.01532","0.000401","-0.00012","0","11.08","Humid","30.45","0","49.40","251785.38","SABD0002000012","AAV2.0.0.13","4.0.0.2323","PSt7-10","171027-008","9/15/2022 2:43:31 PM","0000-00","0","no battery","V","","µV","","µV"
"11/15/2022","17:52:13","7","default","171425599","OXY_CH7","31.947","min","186.290","μmol/L","Humid","21.170","deg","90380","µV","28.762","°C","1025.000","hPa","36.0","pmil","0","55.700","deg","20.000","°C","100.000","%a.s.","22.210","deg","20.000","°C","971.000","hPa","0.826","-0.01532","0.000401","-0.00012","0","11.08","Humid","30.45","0","49.40","251795.13","SABD0002000012","AAV2.0.0.13","4.0.0.2323","PSt7-10","171027-008","9/15/2022 2:43:31 PM","0000-00","0","no battery","V","","µV","","µV"
"11/15/2022","17:52:14","7","default","171425599","OXY_CH7","31.964","min","186.323","μmol/L","Humid","21.168","deg","90380","µV","28.762","°C","1025.000","hPa","36.0","pmil","0","55.700","deg","20.000","°C","100.000","%a.s.","22.210","deg","20.000","°C","971.000","hPa","0.826","-0.01532","0.000401","-0.00012","0","11.08","Humid","30.45","0","49.40","251790.28","SABD0002000012","AAV2.0.0.13","4.0.0.2323","PSt7-10","171027-008","9/15/2022 2:43:31 PM","0000-00","0","no battery","V","","µV","","µV"
"11/15/2022","17:52:15","7","default","171425599","OXY_CH7","31.981","min","186.405","μmol/L","Humid","21.163","deg","90379","µV","28.762","°C","1025.000","hPa","36.0","pmil","0","55.700","deg","20.000","°C","100.000","%a.s.","22.210","deg","20.000","°C","971.000","hPa","0.826","-0.01532","0.000401","-0.00012","0","11.08","Humid","30.45","0","49.40","251777.12","SABD0002000012","AAV2.0.0.13","4.0.0.2323","PSt7-10","171027-008","9/15/2022 2:43:31 PM","0000-00","0","no battery","V","","µV","","µV"
"11/15/2022","17:52:16","7","default","171425599","OXY_CH7","31.997","min","186.306","μmol/L","Humid","21.169","deg","90382","µV","28.762","°C","1025.000","hPa","36.0","pmil","0","55.700","deg","20.000","°C","100.000","%a.s.","22.210","deg","20.000","°C","971.000","hPa","0.826","-0.01532","0.000401","-0.00012","0","11.08","Humid","30.45","0","49.40","251782.08","SABD0002000012","AAV2.0.0.13","4.0.0.2323","PSt7-10","171027-008","9/15/2022 2:43:31 PM","0000-00","0","no battery","V","","µV","","µV"
"11/15/2022","17:52:17","7","default","171425599","OXY_CH7","32.014","min","186.372","μmol/L","Humid","21.165","deg","90385","µV","28.762","°C","1025.000","hPa","36.0","pmil","0","55.700","deg","20.000","°C","100.000","%a.s.","22.210","deg","20.000","°C","971.000","hPa","0.826","-0.01532","0.000401","-0.00012","0","11.08","Humid","30.45","0","49.40","251786.83","SABD0002000012","AAV2.0.0.13","4.0.0.2323","PSt7-10","171027-008","9/15/2022 2:43:31 PM","0000-00","0","no battery","V","","µV","","µV"
"11/15/2022","17:52:18","7","default","171425599","OXY_CH7","32.030","min","186.238","μmol/L","Humid","21.171","deg","90391","µV","28.768","°C","1025.000","hPa","36.0","pmil","0","55.700","deg","20.000","°C","100.000","%a.s.","22.210","deg","20.000","°C","971.000","hPa","0.826","-0.01532","0.000401","-0.00012","0","11.08","Humid","30.45","0","49.40","251783.25","SABD0002000012","AAV2.0.0.13","4.0.0.2323","PSt7-10","171027-008","9/15/2022 2:43:31 PM","0000-00","0","no battery","V","","µV","","µV"
"11/15/2022","17:52:19","7","default","171425599","OXY_CH7","32.047","min","186.271","μmol/L","Humid","21.169","deg","90388","µV","28.768","°C","1025.000","hPa","36.0","pmil","0","55.700","deg","20.000","°C","100.000","%a.s.","22.210","deg","20.000","°C","971.000","hPa","0.826","-0.01532","0.000401","-0.00012","0","11.08","Humid","30.45","0","49.40","251796.29","SABD0002000012","AAV2.0.0.13","4.0.0.2323","PSt7-10","171027-008","9/15/2022 2:43:31 PM","0000-00","0","no battery","V","","µV","","µV"
"11/15/2022","17:52:20","7","default","171425599","OXY_CH7","32.064","min","186.292","μmol/L","Humid","21.172","deg","90386","µV","28.755","°C","1025.000","hPa","36.0","pmil","0","55.700","deg","20.000","°C","100.000","%a.s.","22.210","deg","20.000","°C","971.000","hPa","0.826","-0.01532","0.000401","-0.00012","0","11.08","Humid","30.45","0","49.40","251782.77","SABD0002000012","AAV2.0.0.13","4.0.0.2323","PSt7-10","171027-008","9/15/2022 2:43:31 PM","0000-00","0","no battery","V","","µV","","µV"
"11/15/2022","17:52:21","7","default","171425599","OXY_CH7","32.080","min","186.304","μmol/L","Humid","21.167","deg","90398","µV","28.768","°C","1025.000","hPa","36.0","pmil","0","55.700","deg","20.000","°C","100.000","%a.s.","22.210","deg","20.000","°C","971.000","hPa","0.826","-0.01532","0.000401","-0.00012","0","11.08","Humid","30.45","0","49.40","251774.31","SABD0002000012","AAV2.0.0.13","4.0.0.2323","PSt7-10","171027-008","9/15/2022 2:43:31 PM","0000-00","0","no battery","V","","µV","","µV"
"11/15/2022","17:52:22","7","default","171425599","OXY_CH7","32.097","min","186.306","μmol/L","Humid","21.169","deg","90401","µV","28.762","°C","1025.000","hPa","36.0","pmil","0","55.700","deg","20.000","°C","100.000","%a.s.","22.210","deg","20.000","°C","971.000","hPa","0.826","-0.01532","0.000401","-0.00012","0","11.08","Humid","30.45","0","49.40","251789.89","SABD0002000012","AAV2.0.0.13","4.0.0.2323","PSt7-10","171027-008","9/15/2022 2:43:31 PM","0000-00","0","no battery","V","","µV","","µV"
"11/15/2022","17:52:23","7","default","171425599","OXY_CH7","32.114","min","186.254","μmol/L","Humid","21.170","deg","90398","µV","28.768","°C","1025.000","hPa","36.0","pmil","0","55.700","deg","20.000","°C","100.000","%a.s.","22.210","deg","20.000","°C","971.000","hPa","0.826","-0.01532","0.000401","-0.00012","0","11.08","Humid","30.45","0","49.40","251789.37","SABD0002000012","AAV2.0.0.13","4.0.0.2323","PSt7-10","171027-008","9/15/2022 2:43:31 PM","0000-00","0","no battery","V","","µV","","µV"
"11/15/2022","17:52:24","7","default","171425599","OXY_CH7","32.131","min","186.290","μmol/L","Humid","21.170","deg","90408","µV","28.762","°C","1025.000","hPa","36.0","pmil","0","55.700","deg","20.000","°C","100.000","%a.s.","22.210","deg","20.000","°C","971.000","hPa","0.826","-0.01532","0.000401","-0.00012","0","11.08","Humid","30.45","0","49.40","251785.97","SABD0002000012","AAV2.0.0.13","4.0.0.2323","PSt7-10","171027-008","9/15/2022 2:43:31 PM","0000-00","0","no battery","V","","µV","","µV"
"11/15/2022","17:52:25","7","default","171425599","OXY_CH7","32.148","min","186.306","μmol/L","Humid","21.169","deg","90399","µV","28.762","°C","1025.000","hPa","36.0","pmil","0","55.700","deg","20.000","°C","100.000","%a.s.","22.210","deg","20.000","°C","971.000","hPa","0.826","-0.01532","0.000401","-0.00012","0","11.08","Humid","30.45","0","49.40","251778.65","SABD0002000012","AAV2.0.0.13","4.0.0.2323","PSt7-10","171027-008","9/15/2022 2:43:31 PM","0000-00","0","no battery","V","","µV","","µV"
"11/15/2022","17:52:26","7","default","171425599","OXY_CH7","32.164","min","186.290","μmol/L","Humid","21.170","deg","90399","µV","28.762","°C","1025.000","hPa","36.0","pmil","0","55.700","deg","20.000","°C","100.000","%a.s.","22.210","deg","20.000","°C","971.000","hPa","0.826","-0.01532","0.000401","-0.00012","0","11.08","Humid","30.45","0","49.40","251780.49","SABD0002000012","AAV2.0.0.13","4.0.0.2323","PSt7-10","171027-008","9/15/2022 2:43:31 PM","0000-00","0","no battery","V","","µV","","µV"
"11/15/2022","17:52:27","7","default","171425599","OXY_CH7","32.180","min","186.240","μmol/L","Humid","21.173","deg","90411","µV","28.762","°C","1025.000","hPa","36.0","pmil","0","55.700","deg","20.000","°C","100.000","%a.s.","22.210","deg","20.000","°C","971.000","hPa","0.826","-0.01532","0.000401","-0.00012","0","11.08","Humid","30.45","0","49.40","251782.96","SABD0002000012","AAV2.0.0.13","4.0.0.2323","PSt7-10","171027-008","9/15/2022 2:43:31 PM","0000-00","0","no battery","V","","µV","","µV"
"11/15/2022","17:52:28","7","default","171425599","OXY_CH7","32.197","min","186.292","μmol/L","Humid","21.172","deg","90413","µV","28.755","°C","1025.000","hPa","36.0","pmil","0","55.700","deg","20.000","°C","100.000","%a.s.","22.210","deg","20.000","°C","971.000","hPa","0.826","-0.01532","0.000401","-0.00012","0","11.08","Humid","30.45","0","49.40","251789.40","SABD0002000012","AAV2.0.0.13","4.0.0.2323","PSt7-10","171027-008","9/15/2022 2:43:31 PM","0000-00","0","no battery","V","","µV","","µV"
"11/15/2022","17:52:29","7","default","171425599","OXY_CH7","32.214","min","186.188","μmol/L","Humid","21.174","deg","90416","µV","28.768","°C","1025.000","hPa","36.0","pmil","0","55.700","deg","20.000","°C","100.000","%a.s.","22.210","deg","20.000","°C","971.000","hPa","0.826","-0.01532","0.000401","-0.00012","0","11.08","Humid","30.45","0","49.40","251786.09","SABD0002000012","AAV2.0.0.13","4.0.0.2323","PSt7-10","171027-008","9/15/2022 2:43:31 PM","0000-00","0","no battery","V","","µV","","µV"
"11/15/2022","17:52:30","7","default","171425599","OXY_CH7","32.230","min","186.290","μmol/L","Humid","21.170","deg","90406","µV","28.762","°C","1025.000","hPa","36.0","pmil","0","55.700","deg","20.000","°C","100.000","%a.s.","22.210","deg","20.000","°C","971.000","hPa","0.826","-0.01532","0.000401","-0.00012","0","11.08","Humid","30.45","0","49.40","251779.44","SABD0002000012","AAV2.0.0.13","4.0.0.2323","PSt7-10","171027-008","9/15/2022 2:43:31 PM","0000-00","0","no battery","V","","µV","","µV"
"11/15/2022","17:52:31","7","default","171425599","OXY_CH7","32.247","min","186.273","μmol/L","Humid","21.171","deg","90410","µV","28.762","°C","1025.000","hPa","36.0","pmil","0","55.700","deg","20.000","°C","100.000","%a.s.","22.210","deg","20.000","°C","971.000","hPa","0.826","-0.01532","0.000401","-0.00012","0","11.08","Humid","30.45","0","49.40","251780.75","SABD0002000012","AAV2.0.0.13","4.0.0.2323","PSt7-10","171027-008","9/15/2022 2:43:31 PM","0000-00","0","no battery","V","","µV","","µV"
"11/15/2022","17:52:32","7","default","171425599","OXY_CH7","32.264","min","186.271","μmol/L","Humid","21.169","deg","90418","µV","28.768","°C","1025.000","hPa","36.0","pmil","0","55.700","deg","20.000","°C","100.000","%a.s.","22.210","deg","20.000","°C","971.000","hPa","0.826","-0.01532","0.000401","-0.00012","0","11.08","Humid","30.45","0","49.40","251785.65","SABD0002000012","AAV2.0.0.13","4.0.0.2323","PSt7-10","171027-008","9/15/2022 2:43:31 PM","0000-00","0","no battery","V","","µV","","µV"
"11/15/2022","17:52:33","7","default","171425599","OXY_CH7","32.281","min","186.273","μmol/L","Humid","21.171","deg","90417","µV","28.762","°C","1025.000","hPa","36.0","pmil","0","55.700","deg","20.000","°C","100.000","%a.s.","22.210","deg","20.000","°C","971.000","hPa","0.826","-0.01532","0.000401","-0.00012","0","11.08","Humid","30.45","0","49.40","251783.70","SABD0002000012","AAV2.0.0.13","4.0.0.2323","PSt7-10","171027-008","9/15/2022 2:43:31 PM","0000-00","0","no battery","V","","µV","","µV"
"11/15/2022","17:52:34","7","default","171425599","OXY_CH7","32.297","min","186.190","μmol/L","Humid","21.176","deg","90417","µV","28.762","°C","1025.000","hPa","36.0","pmil","0","55.700","deg","20.000","°C","100.000","%a.s.","22.210","deg","20.000","°C","971.000","hPa","0.826","-0.01532","0.000401","-0.00012","0","11.08","Humid","30.45","0","49.40","251781.65","SABD0002000012","AAV2.0.0.13","4.0.0.2323","PSt7-10","171027-008","9/15/2022 2:43:31 PM","0000-00","0","no battery","V","","µV","","µV"
"11/15/2022","17:52:35","7","default","171425599","OXY_CH7","32.313","min","186.288","μmol/L","Humid","21.168","deg","90412","µV","28.768","°C","1025.000","hPa","36.0","pmil","0","55.700","deg","20.000","°C","100.000","%a.s.","22.210","deg","20.000","°C","971.000","hPa","0.826","-0.01532","0.000401","-0.00012","0","11.08","Humid","30.45","0","49.40","251774.48","SABD0002000012","AAV2.0.0.13","4.0.0.2323","PSt7-10","171027-008","9/15/2022 2:43:31 PM","0000-00","0","no battery","V","","µV","","µV"
"11/15/2022","17:52:36","7","default","171425599","OXY_CH7","32.330","min","186.209","μmol/L","Humid","21.177","deg","90420","µV","28.755","°C","1025.000","hPa","36.0","pmil","0","55.700","deg","20.000","°C","100.000","%a.s.","22.210","deg","20.000","°C","971.000","hPa","0.826","-0.01532","0.000401","-0.00012","0","11.08","Humid","30.45","0","49.40","251793.83","SABD0002000012","AAV2.0.0.13","4.0.0.2323","PSt7-10","171027-008","9/15/2022 2:43:31 PM","0000-00","0","no battery","V","","µV","","µV"
"11/15/2022","17:52:37","7","default","171425599","OXY_CH7","32.347","min","186.259","μmol/L","Humid","21.174","deg","90416","µV","28.755","°C","1025.000","hPa","36.0","pmil","0","55.700","deg","20.000","°C","100.000","%a.s.","22.210","deg","20.000","°C","971.000","hPa","0.826","-0.01532","0.000401","-0.00012","0","11.08","Humid","30.45","0","49.40","251778.95","SABD0002000012","AAV2.0.0.13","4.0.0.2323","PSt7-10","171027-008","9/15/2022 2:43:31 PM","0000-00","0","no battery","V","","µV","","µV"
"11/15/2022","17:52:38","7","default","171425599","OXY_CH7","32.364","min","186.273","μmol/L","Humid","21.171","deg","90432","µV","28.762","°C","1025.000","hPa","36.0","pmil","0","55.700","deg","20.000","°C","100.000","%a.s.","22.210","deg","20.000","°C","971.000","hPa","0.826","-0.01532","0.000401","-0.00012","0","11.08","Humid","30.45","0","49.40","251783.35","SABD0002000012","AAV2.0.0.13","4.0.0.2323","PSt7-10","171027-008","9/15/2022 2:43:31 PM","0000-00","0","no battery","V","","µV","","µV"
"11/15/2022","17:52:39","7","default","171425599","OXY_CH7","32.381","min","186.157","μmol/L","Humid","21.178","deg","90429","µV","28.762","°C","1025.000","hPa","36.0","pmil","0","55.700","deg","20.000","°C","100.000","%a.s.","22.210","deg","20.000","°C","971.000","hPa","0.826","-0.01532","0.000401","-0.00012","0","11.08","Humid","30.45","0","49.40","251778.37","SABD0002000012","AAV2.0.0.13","4.0.0.2323","PSt7-10","171027-008","9/15/2022 2:43:31 PM","0000-00","0","no battery","V","","µV","","µV"
"11/15/2022","17:52:40","7","default","171425599","OXY_CH7","32.398","min","186.190","μmol/L","Humid","21.176","deg","90430","µV","28.762","°C","1025.000","hPa","36.0","pmil","0","55.700","deg","20.000","°C","100.000","%a.s.","22.210","deg","20.000","°C","971.000","hPa","0.826","-0.01532","0.000401","-0.00012","0","11.08","Humid","30.45","0","49.40","251782.21","SABD0002000012","AAV2.0.0.13","4.0.0.2323","PSt7-10","171027-008","9/15/2022 2:43:31 PM","0000-00","0","no battery","V","","µV","","µV"
"11/15/2022","17:52:41","7","default","171425599","OXY_CH7","32.413","min","186.240","μmol/L","Humid","21.173","deg","90428","µV","28.762","°C","1025.000","hPa","36.0","pmil","0","55.700","deg","20.000","°C","100.000","%a.s.","22.210","deg","20.000","°C","971.000","hPa","0.826","-0.01532","0.000401","-0.00012","0","11.08","Humid","30.45","0","49.40","251775.97","SABD0002000012","AAV2.0.0.13","4.0.0.2323","PSt7-10","171027-008","9/15/2022 2:43:31 PM","0000-00","0","no battery","V","","µV","","µV"
"11/15/2022","17:52:42","7","default","171425599","OXY_CH7","32.430","min","186.174","μmol/L","Humid","21.177","deg","90424","µV","28.762","°C","1025.000","hPa","36.0","pmil","0","55.700","deg","20.000","°C","100.000","%a.s.","22.210","deg","20.000","°C","971.000","hPa","0.826","-0.01532","0.000401","-0.00012","0","11.08","Humid","30.45","0","49.40","251775.50","SABD0002000012","AAV2.0.0.13","4.0.0.2323","PSt7-10","171027-008","9/15/2022 2:43:31 PM","0000-00","0","no battery","V","","µV","","µV"
"11/15/2022","17:52:43","7","default","171425599","OXY_CH7","32.447","min","186.141","μmol/L","Humid","21.179","deg","90435","µV","28.762","°C","1025.000","hPa","36.0","pmil","0","55.700","deg","20.000","°C","100.000","%a.s.","22.210","deg","20.000","°C","971.000","hPa","0.826","-0.01532","0.000401","-0.00012","0","11.08","Humid","30.45","0","49.40","251768.21","SABD0002000012","AAV2.0.0.13","4.0.0.2323","PSt7-10","171027-008","9/15/2022 2:43:31 PM","0000-00","0","no battery","V","","µV","","µV"
"11/15/2022","17:52:44","7","default","171425599","OXY_CH7","32.464","min","186.172","μmol/L","Humid","21.175","deg","90433","µV","28.768","°C","1025.000","hPa","36.0","pmil","0","55.700","deg","20.000","°C","100.000","%a.s.","22.210","deg","20.000","°C","971.000","hPa","0.826","-0.01532","0.000401","-0.00012","0","11.08","Humid","30.45","0","49.40","251785.18","SABD0002000012","AAV2.0.0.13","4.0.0.2323","PSt7-10","171027-008","9/15/2022 2:43:31 PM","0000-00","0","no battery","V","","µV","","µV"
"11/15/2022","17:52:45","7","default","171425599","OXY_CH7","32.481","min","186.224","μmol/L","Humid","21.174","deg","90440","µV","28.762","°C","1025.000","hPa","36.0","pmil","0","55.700","deg","20.000","°C","100.000","%a.s.","22.210","deg","20.000","°C","971.000","hPa","0.826","-0.01532","0.000401","-0.00012","0","11.08","Humid","30.45","0","49.40","251779.08","SABD0002000012","AAV2.0.0.13","4.0.0.2323","PSt7-10","171027-008","9/15/2022 2:43:31 PM","0000-00","0","no battery","V","","µV","","µV"
"11/15/2022","17:52:46","7","default","171425599","OXY_CH7","32.497","min","186.242","μmol/L","Humid","21.175","deg","90433","µV","28.755","°C","1025.000","hPa","36.0","pmil","0","55.700","deg","20.000","°C","100.000","%a.s.","22.210","deg","20.000","°C","971.000","hPa","0.826","-0.01532","0.000401","-0.00012","0","11.08","Humid","30.45","0","49.40","251770.98","SABD0002000012","AAV2.0.0.13","4.0.0.2323","PSt7-10","171027-008","9/15/2022 2:43:31 PM","0000-00","0","no battery","V","","µV","","µV"
"11/15/2022","17:52:47","7","default","171425599","OXY_CH7","32.514","min","186.139","μmol/L","Humid","21.177","deg","90439","µV","28.768","°C","1025.000","hPa","36.0","pmil","0","55.700","deg","20.000","°C","100.000","%a.s.","22.210","deg","20.000","°C","971.000","hPa","0.826","-0.01532","0.000401","-0.00012","0","11.08","Humid","30.45","0","49.40","251772.21","SABD0002000012","AAV2.0.0.13","4.0.0.2323","PSt7-10","171027-008","9/15/2022 2:43:31 PM","0000-00","0","no battery","V","","µV","","µV"
"11/15/2022","17:52:48","7","default","171425599","OXY_CH7","32.531","min","186.155","μmol/L","Humid","21.176","deg","90441","µV","28.768","°C","1025.000","hPa","36.0","pmil","0","55.700","deg","20.000","°C","100.000","%a.s.","22.210","deg","20.000","°C","971.000","hPa","0.826","-0.01532","0.000401","-0.00012","0","11.08","Humid","30.45","0","49.40","251767.60","SABD0002000012","AAV2.0.0.13","4.0.0.2323","PSt7-10","171027-008","9/15/2022 2:43:31 PM","0000-00","0","no battery","V","","µV","","µV"
"11/15/2022","17:52:49","7","default","171425599","OXY_CH7","32.547","min","186.190","μmol/L","Humid","21.176","deg","90438","µV","28.762","°C","1025.000","hPa","36.0","pmil","0","55.700","deg","20.000","°C","100.000","%a.s.","22.210","deg","20.000","°C","971.000","hPa","0.826","-0.01532","0.000401","-0.00012","0","11.08","Humid","30.45","0","49.40","251774.05","SABD0002000012","AAV2.0.0.13","4.0.0.2323","PSt7-10","171027-008","9/15/2022 2:43:31 PM","0000-00","0","no battery","V","","µV","","µV"
"11/15/2022","17:52:50","7","default","171425599","OXY_CH7","32.563","min","186.242","μmol/L","Humid","21.175","deg","90443","µV","28.755","°C","1025.000","hPa","36.0","pmil","0","55.700","deg","20.000","°C","100.000","%a.s.","22.210","deg","20.000","°C","971.000","hPa","0.826","-0.01532","0.000401","-0.00012","0","11.08","Humid","30.45","0","49.40","251759.91","SABD0002000012","AAV2.0.0.13","4.0.0.2323","PSt7-10","171027-008","9/15/2022 2:43:31 PM","0000-00","0","no battery","V","","µV","","µV"
"11/15/2022","17:52:51","7","default","171425599","OXY_CH7","32.580","min","186.141","μmol/L","Humid","21.179","deg","90440","µV","28.762","°C","1025.000","hPa","36.0","pmil","0","55.700","deg","20.000","°C","100.000","%a.s.","22.210","deg","20.000","°C","971.000","hPa","0.826","-0.01532","0.000401","-0.00012","0","11.08","Humid","30.45","0","49.40","251767.18","SABD0002000012","AAV2.0.0.13","4.0.0.2323","PSt7-10","171027-008","9/15/2022 2:43:31 PM","0000-00","0","no battery","V","","µV","","µV"
"11/15/2022","17:52:52","7","default","171425599","OXY_CH7","32.597","min","186.174","μmol/L","Humid","21.177","deg","90452","µV","28.762","°C","1025.000","hPa","36.0","pmil","0","55.700","deg","20.000","°C","100.000","%a.s.","22.210","deg","20.000","°C","971.000","hPa","0.826","-0.01532","0.000401","-0.00012","0","11.08","Humid","30.45","0","49.40","251764.91","SABD0002000012","AAV2.0.0.13","4.0.0.2323","PSt7-10","171027-008","9/15/2022 2:43:31 PM","0000-00","0","no battery","V","","µV","","µV"
"11/15/2022","17:52:53","7","default","171425599","OXY_CH7","32.614","min","186.209","μmol/L","Humid","21.177","deg","90446","µV","28.755","°C","1025.000","hPa","36.0","pmil","0","55.700","deg","20.000","°C","100.000","%a.s.","22.210","deg","20.000","°C","971.000","hPa","0.826","-0.01532","0.000401","-0.00012","0","11.08","Humid","30.45","0","49.40","251767.63","SABD0002000012","AAV2.0.0.13","4.0.0.2323","PSt7-10","171027-008","9/15/2022 2:43:31 PM","0000-00","0","no battery","V","","µV","","µV"
"11/15/2022","17:52:54","7","default","171425599","OXY_CH7","32.631","min","186.141","μmol/L","Humid","21.179","deg","90449","µV","28.762","°C","1025.000","hPa","36.0","pmil","0","55.700","deg","20.000","°C","100.000","%a.s.","22.210","deg","20.000","°C","971.000","hPa","0.826","-0.01532","0.000401","-0.00012","0","11.08","Humid","30.45","0","49.40","251773.45","SABD0002000012","AAV2.0.0.13","4.0.0.2323","PSt7-10","171027-008","9/15/2022 2:43:31 PM","0000-00","0","no battery","V","","µV","","µV"
"11/15/2022","17:52:55","7","default","171425599","OXY_CH7","32.647","min","186.209","μmol/L","Humid","21.177","deg","90450","µV","28.755","°C","1025.000","hPa","36.0","pmil","0","55.700","deg","20.000","°C","100.000","%a.s.","22.210","deg","20.000","°C","971.000","hPa","0.826","-0.01532","0.000401","-0.00012","0","11.08","Humid","30.45","0","49.40","251768.36","SABD0002000012","AAV2.0.0.13","4.0.0.2323","PSt7-10","171027-008","9/15/2022 2:43:31 PM","0000-00","0","no battery","V","","µV","","µV"
"11/15/2022","17:52:56","7","default","171425599","OXY_CH7","32.664","min","186.141","μmol/L","Humid","21.179","deg","90447","µV","28.762","°C","1025.000","hPa","36.0","pmil","0","55.700","deg","20.000","°C","100.000","%a.s.","22.210","deg","20.000","°C","971.000","hPa","0.826","-0.01532","0.000401","-0.00012","0","11.08","Humid","30.45","0","49.40","251772.62","SABD0002000012","AAV2.0.0.13","4.0.0.2323","PSt7-10","171027-008","9/15/2022 2:43:31 PM","0000-00","0","no battery","V","","µV","","µV"
"11/15/2022","17:52:57","7","default","171425599","OXY_CH7","32.681","min","186.122","μmol/L","Humid","21.178","deg","90455","µV","28.768","°C","1025.000","hPa","36.0","pmil","0","55.700","deg","20.000","°C","100.000","%a.s.","22.210","deg","20.000","°C","971.000","hPa","0.826","-0.01532","0.000401","-0.00012","0","11.08","Humid","30.45","0","49.40","251762.60","SABD0002000012","AAV2.0.0.13","4.0.0.2323","PSt7-10","171027-008","9/15/2022 2:43:31 PM","0000-00","0","no battery","V","","µV","","µV"
"11/15/2022","17:52:58","7","default","171425599","OXY_CH7","32.697","min","186.174","μmol/L","Humid","21.177","deg","90459","µV","28.762","°C","1025.000","hPa","36.0","pmil","0","55.700","deg","20.000","°C","100.000","%a.s.","22.210","deg","20.000","°C","971.000","hPa","0.826","-0.01532","0.000401","-0.00012","0","11.08","Humid","30.45","0","49.40","251763.18","SABD0002000012","AAV2.0.0.13","4.0.0.2323","PSt7-10","171027-008","9/15/2022 2:43:31 PM","0000-00","0","no battery","V","","µV","","µV"
"11/15/2022","17:52:59","7","default","171425599","OXY_CH7","32.714","min","186.176","μmol/L","Humid","21.179","deg","90458","µV","28.755","°C","1025.000","hPa","36.0","pmil","0","55.700","deg","20.000","°C","100.000","%a.s.","22.210","deg","20.000","°C","971.000","hPa","0.826","-0.01532","0.000401","-0.00012","0","11.08","Humid","30.45","0","49.40","251768.98","SABD0002000012","AAV2.0.0.13","4.0.0.2323","PSt7-10","171027-008","9/15/2022 2:43:31 PM","0000-00","0","no battery","V","","µV","","µV"
"11/15/2022","17:53:00","7","default","171425599","OXY_CH7","32.730","min","186.073","μmol/L","Humid","21.181","deg","90456","µV","28.768","°C","1025.000","hPa","36.0","pmil","0","55.700","deg","20.000","°C","100.000","%a.s.","22.210","deg","20.000","°C","971.000","hPa","0.826","-0.01532","0.000401","-0.00012","0","11.08","Humid","30.45","0","49.40","251761.58","SABD0002000012","AAV2.0.0.13","4.0.0.2323","PSt7-10","171027-008","9/15/2022 2:43:31 PM","0000-00","0","no battery","V","","µV","","µV"
"11/15/2022","17:53:01","7","default","171425599","OXY_CH7","32.747","min","186.091","μmol/L","Humid","21.182","deg","90465","µV","28.762","°C","1025.000","hPa","36.0","pmil","0","55.700","deg","20.000","°C","100.000","%a.s.","22.210","deg","20.000","°C","971.000","hPa","0.826","-0.01532","0.000401","-0.00012","0","11.08","Humid","30.45","0","49.40","251776.79","SABD0002000012","AAV2.0.0.13","4.0.0.2323","PSt7-10","171027-008","9/15/2022 2:43:31 PM","0000-00","0","no battery","V","","µV","","µV"
"11/15/2022","17:53:02","7","default","171425599","OXY_CH7","32.764","min","186.190","μmol/L","Humid","21.176","deg","90463","µV","28.762","°C","1025.000","hPa","36.0","pmil","0","55.700","deg","20.000","°C","100.000","%a.s.","22.210","deg","20.000","°C","971.000","hPa","0.826","-0.01532","0.000401","-0.00012","0","11.08","Humid","30.45","0","49.40","251774.17","SABD0002000012","AAV2.0.0.13","4.0.0.2323","PSt7-10","171027-008","9/15/2022 2:43:31 PM","0000-00","0","no battery","V","","µV","","µV"
"11/15/2022","17:53:03","7","default","171425599","OXY_CH7","32.781","min","186.106","μmol/L","Humid","21.179","deg","90461","µV","28.768","°C","1025.000","hPa","36.0","pmil","0","55.700","deg","20.000","°C","100.000","%a.s.","22.210","deg","20.000","°C","971.000","hPa","0.826","-0.01532","0.000401","-0.00012","0","11.08","Humid","30.45","0","49.40","251775.99","SABD0002000012","AAV2.0.0.13","4.0.0.2323","PSt7-10","171027-008","9/15/2022 2:43:31 PM","0000-00","0","no battery","V","","µV","","µV"
"11/15/2022","17:53:04","7","default","171425599","OXY_CH7","32.797","min","186.143","μmol/L","Humid","21.181","deg","90465","µV","28.755","°C","1025.000","hPa","36.0","pmil","0","55.700","deg","20.000","°C","100.000","%a.s.","22.210","deg","20.000","°C","971.000","hPa","0.826","-0.01532","0.000401","-0.00012","0","11.08","Humid","30.45","0","49.40","251757.35","SABD0002000012","AAV2.0.0.13","4.0.0.2323","PSt7-10","171027-008","9/15/2022 2:43:31 PM","0000-00","0","no battery","V","","µV","","µV"
"11/15/2022","17:53:05","7","default","171425599","OXY_CH7","32.814","min","186.124","μmol/L","Humid","21.180","deg","90467","µV","28.762","°C","1025.000","hPa","36.0","pmil","0","55.700","deg","20.000","°C","100.000","%a.s.","22.210","deg","20.000","°C","971.000","hPa","0.826","-0.01532","0.000401","-0.00012","0","11.08","Humid","30.45","0","49.40","251763.70","SABD0002000012","AAV2.0.0.13","4.0.0.2323","PSt7-10","171027-008","9/15/2022 2:43:31 PM","0000-00","0","no battery","V","","µV","","µV"
"11/15/2022","17:53:06","7","default","171425599","OXY_CH7","32.830","min","186.174","μmol/L","Humid","21.177","deg","90465","µV","28.762","°C","1025.000","hPa","36.0","pmil","0","55.700","deg","20.000","°C","100.000","%a.s.","22.210","deg","20.000","°C","971.000","hPa","0.826","-0.01532","0.000401","-0.00012","0","11.08","Humid","30.45","0","49.40","251763.55","SABD0002000012","AAV2.0.0.13","4.0.0.2323","PSt7-10","171027-008","9/15/2022 2:43:31 PM","0000-00","0","no battery","V","","µV","","µV"
"11/15/2022","17:53:07","7","default","171425599","OXY_CH7","32.847","min","186.176","μmol/L","Humid","21.179","deg","90470","µV","28.755","°C","1025.000","hPa","36.0","pmil","0","55.700","deg","20.000","°C","100.000","%a.s.","22.210","deg","20.000","°C","971.000","hPa","0.826","-0.01532","0.000401","-0.00012","0","11.08","Humid","30.45","0","49.40","251758.79","SABD0002000012","AAV2.0.0.13","4.0.0.2323","PSt7-10","171027-008","9/15/2022 2:43:31 PM","0000-00","0","no battery","V","","µV","","µV"
"11/15/2022","17:53:08","7","default","171425599","OXY_CH7","32.864","min","186.073","μmol/L","Humid","21.181","deg","90474","µV","28.768","°C","1025.000","hPa","36.0","pmil","0","55.700","deg","20.000","°C","100.000","%a.s.","22.210","deg","20.000","°C","971.000","hPa","0.826","-0.01532","0.000401","-0.00012","0","11.08","Humid","30.45","0","49.40","251758.62","SABD0002000012","AAV2.0.0.13","4.0.0.2323","PSt7-10","171027-008","9/15/2022 2:43:31 PM","0000-00","0","no battery","V","","µV","","µV"
"11/15/2022","17:53:09","7","default","171425599","OXY_CH7","32.880","min","186.075","μmol/L","Humid","21.183","deg","90468","µV","28.762","°C","1025.000","hPa","36.0","pmil","0","55.700","deg","20.000","°C","100.000","%a.s.","22.210","deg","20.000","°C","971.000","hPa","0.826","-0.01532","0.000401","-0.00012","0","11.08","Humid","30.45","0","49.40","251758.93","SABD0002000012","AAV2.0.0.13","4.0.0.2323","PSt7-10","171027-008","9/15/2022 2:43:31 PM","0000-00","0","no battery","V","","µV","","µV"
"11/15/2022","17:53:10","7","default","171425599","OXY_CH7","32.897","min","186.141","μmol/L","Humid","21.179","deg","90472","µV","28.762","°C","1025.000","hPa","36.0","pmil","0","55.700","deg","20.000","°C","100.000","%a.s.","22.210","deg","20.000","°C","971.000","hPa","0.826","-0.01532","0.000401","-0.00012","0","11.08","Humid","30.45","0","49.40","251769.35","SABD0002000012","AAV2.0.0.13","4.0.0.2323","PSt7-10","171027-008","9/15/2022 2:43:31 PM","0000-00","0","no battery","V","","µV","","µV"
"11/15/2022","17:53:11","7","default","171425599","OXY_CH7","32.914","min","186.112","μmol/L","Humid","21.185","deg","90482","µV","28.749","°C","1025.000","hPa","36.0","pmil","0","55.700","deg","20.000","°C","100.000","%a.s.","22.210","deg","20.000","°C","971.000","hPa","0.826","-0.01532","0.000401","-0.00012","0","11.08","Humid","30.45","0","49.40","251772.13","SABD0002000012","AAV2.0.0.13","4.0.0.2323","PSt7-10","171027-008","9/15/2022 2:43:31 PM","0000-00","0","no battery","V","","µV","","µV"
"11/15/2022","17:53:12","7","default","171425599","OXY_CH7","32.931","min","186.091","μmol/L","Humid","21.182","deg","90480","µV","28.762","°C","1025.000","hPa","36.0","pmil","0","55.700","deg","20.000","°C","100.000","%a.s.","22.210","deg","20.000","°C","971.000","hPa","0.826","-0.01532","0.000401","-0.00012","0","11.08","Humid","30.45","0","49.40","251759.72","SABD0002000012","AAV2.0.0.13","4.0.0.2323","PSt7-10","171027-008","9/15/2022 2:43:31 PM","0000-00","0","no battery","V","","µV","","µV"
"11/15/2022","17:53:13","7","default","171425599","OXY_CH7","32.947","min","186.110","μmol/L","Humid","21.183","deg","90482","µV","28.755","°C","1025.000","hPa","36.0","pmil","0","55.700","deg","20.000","°C","100.000","%a.s.","22.210","deg","20.000","°C","971.000","hPa","0.826","-0.01532","0.000401","-0.00012","0","11.08","Humid","30.45","0","49.40","251765.00","SABD0002000012","AAV2.0.0.13","4.0.0.2323","PSt7-10","171027-008","9/15/2022 2:43:31 PM","0000-00","0","no battery","V","","µV","","µV"
"11/15/2022","17:53:14","7","default","171425599","OXY_CH7","32.963","min","186.094","μmol/L","Humid","21.184","deg","90483","µV","28.755","°C","1025.000","hPa","36.0","pmil","0","55.700","deg","20.000","°C","100.000","%a.s.","22.210","deg","20.000","°C","971.000","hPa","0.826","-0.01532","0.000401","-0.00012","0","11.08","Humid","30.45","0","49.40","251756.17","SABD0002000012","AAV2.0.0.13","4.0.0.2323","PSt7-10","171027-008","9/15/2022 2:43:31 PM","0000-00","0","no battery","V","","µV","","µV"
"11/15/2022","17:53:15","7","default","171425599","OXY_CH7","32.980","min","186.073","μmol/L","Humid","21.181","deg","90483","µV","28.768","°C","1025.000","hPa","36.0","pmil","0","55.700","deg","20.000","°C","100.000","%a.s.","22.210","deg","20.000","°C","971.000","hPa","0.826","-0.01532","0.000401","-0.00012","0","11.08","Humid","30.45","0","49.40","251761.19","SABD0002000012","AAV2.0.0.13","4.0.0.2323","PSt7-10","171027-008","9/15/2022 2:43:31 PM","0000-00","0","no battery","V","","µV","","µV"
"11/15/2022","17:53:16","7","default","171425599","OXY_CH7","32.997","min","186.042","μmol/L","Humid","21.185","deg","90486","µV","28.762","°C","1025.000","hPa","36.0","pmil","0","55.700","deg","20.000","°C","100.000","%a.s.","22.210","deg","20.000","°C","971.000","hPa","0.826","-0.01532","0.000401","-0.00012","0","11.08","Humid","30.45","0","49.40","251766.78","SABD0002000012","AAV2.0.0.13","4.0.0.2323","PSt7-10","171027-008","9/15/2022 2:43:31 PM","0000-00","0","no battery","V","","µV","","µV"
"11/15/2022","17:53:17","7","default","171425599","OXY_CH7","33.014","min","186.157","μmol/L","Humid","21.178","deg","90487","µV","28.762","°C","1025.000","hPa","36.0","pmil","0","55.700","deg","20.000","°C","100.000","%a.s.","22.210","deg","20.000","°C","971.000","hPa","0.826","-0.01532","0.000401","-0.00012","0","11.08","Humid","30.45","0","49.40","251756.04","SABD0002000012","AAV2.0.0.13","4.0.0.2323","PSt7-10","171027-008","9/15/2022 2:43:31 PM","0000-00","0","no battery","V","","µV","","µV"
"11/15/2022","17:53:18","7","default","171425599","OXY_CH7","33.031","min","186.061","μmol/L","Humid","21.186","deg","90498","µV","28.755","°C","1025.000","hPa","36.0","pmil","0","55.700","deg","20.000","°C","100.000","%a.s.","22.210","deg","20.000","°C","971.000","hPa","0.826","-0.01532","0.000401","-0.00012","0","11.08","Humid","30.45","0","49.40","251771.23","SABD0002000012","AAV2.0.0.13","4.0.0.2323","PSt7-10","171027-008","9/15/2022 2:43:31 PM","0000-00","0","no battery","V","","µV","","µV"
"11/15/2022","17:53:19","7","default","171425599","OXY_CH7","33.047","min","186.058","μmol/L","Humid","21.184","deg","90493","µV","28.762","°C","1025.000","hPa","36.0","pmil","0","55.700","deg","20.000","°C","100.000","%a.s.","22.210","deg","20.000","°C","971.000","hPa","0.826","-0.01532","0.000401","-0.00012","0","11.08","Humid","30.45","0","49.40","251757.76","SABD0002000012","AAV2.0.0.13","4.0.0.2323","PSt7-10","171027-008","9/15/2022 2:43:31 PM","0000-00","0","no battery","V","","µV","","µV"
"11/15/2022","17:53:20","7","default","171425599","OXY_CH7","33.064","min","186.058","μmol/L","Humid","21.184","deg","90498","µV","28.762","°C","1025.000","hPa","36.0","pmil","0","55.700","deg","20.000","°C","100.000","%a.s.","22.210","deg","20.000","°C","971.000","hPa","0.826","-0.01532","0.000401","-0.00012","0","11.08","Humid","30.45","0","49.40","251775.09","SABD0002000012","AAV2.0.0.13","4.0.0.2323","PSt7-10","171027-008","9/15/2022 2:43:31 PM","0000-00","0","no battery","V","","µV","","µV"
"11/15/2022","17:53:21","7","default","171425599","OXY_CH7","33.080","min","186.143","μmol/L","Humid","21.181","deg","90498","µV","28.755","°C","1025.000","hPa","36.0","pmil","0","55.700","deg","20.000","°C","100.000","%a.s.","22.210","deg","20.000","°C","971.000","hPa","0.826","-0.01532","0.000401","-0.00012","0","11.08","Humid","30.45","0","49.40","251752.10","SABD0002000012","AAV2.0.0.13","4.0.0.2323","PSt7-10","171027-008","9/15/2022 2:43:31 PM","0000-00","0","no battery","V","","µV","","µV"
"11/15/2022","17:53:22","7","default","171425599","OXY_CH7","33.097","min","185.990","μmol/L","Humid","21.186","deg","90493","µV","28.768","°C","1025.000","hPa","36.0","pmil","0","55.700","deg","20.000","°C","100.000","%a.s.","22.210","deg","20.000","°C","971.000","hPa","0.826","-0.01532","0.000401","-0.00012","0","11.08","Humid","30.45","0","49.40","251757.37","SABD0002000012","AAV2.0.0.13","4.0.0.2323","PSt7-10","171027-008","9/15/2022 2:43:31 PM","0000-00","0","no battery","V","","µV","","µV"
"11/15/2022","17:53:23","7","default","171425599","OXY_CH7","33.114","min","186.143","μmol/L","Humid","21.181","deg","90497","µV","28.755","°C","1025.000","hPa","36.0","pmil","0","55.700","deg","20.000","°C","100.000","%a.s.","22.210","deg","20.000","°C","971.000","hPa","0.826","-0.01532","0.000401","-0.00012","0","11.08","Humid","30.45","0","49.40","251763.01","SABD0002000012","AAV2.0.0.13","4.0.0.2323","PSt7-10","171027-008","9/15/2022 2:43:31 PM","0000-00","0","no battery","V","","µV","","µV"
"11/15/2022","17:53:24","7","default","171425599","OXY_CH7","33.130","min","186.058","μmol/L","Humid","21.184","deg","90497","µV","28.762","°C","1025.000","hPa","36.0","pmil","0","55.700","deg","20.000","°C","100.000","%a.s.","22.210","deg","20.000","°C","971.000","hPa","0.826","-0.01532","0.000401","-0.00012","0","11.08","Humid","30.45","0","49.40","251749.72","SABD0002000012","AAV2.0.0.13","4.0.0.2323","PSt7-10","171027-008","9/15/2022 2:43:31 PM","0000-00","0","no battery","V","","µV","","µV"
"11/15/2022","17:53:25","7","default","171425599","OXY_CH7","33.147","min","186.124","μmol/L","Humid","21.180","deg","90501","µV","28.762","°C","1025.000","hPa","36.0","pmil","0","55.700","deg","20.000","°C","100.000","%a.s.","22.210","deg","20.000","°C","971.000","hPa","0.826","-0.01532","0.000401","-0.00012","0","11.08","Humid","30.45","0","49.40","251741.51","SABD0002000012","AAV2.0.0.13","4.0.0.2323","PSt7-10","171027-008","9/15/2022 2:43:31 PM","0000-00","0","no battery","V","","µV","","µV"
"11/15/2022","17:53:26","7","default","171425599","OXY_CH7","33.164","min","185.992","μmol/L","Humid","21.188","deg","90502","µV","28.762","°C","1025.000","hPa","36.0","pmil","0","55.700","deg","20.000","°C","100.000","%a.s.","22.210","deg","20.000","°C","971.000","hPa","0.826","-0.01532","0.000401","-0.00012","0","11.08","Humid","30.45","0","49.40","251750.95","SABD0002000012","AAV2.0.0.13","4.0.0.2323","PSt7-10","171027-008","9/15/2022 2:43:31 PM","0000-00","0","no battery","V","","µV","","µV"
"11/15/2022","17:53:27","7","default","171425599","OXY_CH7","33.181","min","186.094","μmol/L","Humid","21.184","deg","90506","µV","28.755","°C","1025.000","hPa","36.0","pmil","0","55.700","deg","20.000","°C","100.000","%a.s.","22.210","deg","20.000","°C","971.000","hPa","0.826","-0.01532","0.000401","-0.00012","0","11.08","Humid","30.45","0","49.40","251752.97","SABD0002000012","AAV2.0.0.13","4.0.0.2323","PSt7-10","171027-008","9/15/2022 2:43:31 PM","0000-00","0","no battery","V","","µV","","µV"
"11/15/2022","17:53:28","7","default","171425599","OXY_CH7","33.197","min","186.110","μmol/L","Humid","21.183","deg","90506","µV","28.755","°C","1025.000","hPa","36.0","pmil","0","55.700","deg","20.000","°C","100.000","%a.s.","22.210","deg","20.000","°C","971.000","hPa","0.826","-0.01532","0.000401","-0.00012","0","11.08","Humid","30.45","0","49.40","251754.51","SABD0002000012","AAV2.0.0.13","4.0.0.2323","PSt7-10","171027-008","9/15/2022 2:43:31 PM","0000-00","0","no battery","V","","µV","","µV"
"11/15/2022","17:53:29","7","default","171425599","OXY_CH7","33.214","min","186.042","μmol/L","Humid","21.185","deg","90508","µV","28.762","°C","1025.000","hPa","36.0","pmil","0","55.700","deg","20.000","°C","100.000","%a.s.","22.210","deg","20.000","°C","971.000","hPa","0.826","-0.01532","0.000401","-0.00012","0","11.08","Humid","30.45","0","49.40","251745.79","SABD0002000012","AAV2.0.0.13","4.0.0.2323","PSt7-10","171027-008","9/15/2022 2:43:31 PM","0000-00","0","no battery","V","","µV","","µV"
"11/15/2022","17:53:30","7","default","171425599","OXY_CH7","33.230","min","186.028","μmol/L","Humid","21.188","deg","90513","µV","28.755","°C","1025.000","hPa","36.0","pmil","0","55.700","deg","20.000","°C","100.000","%a.s.","22.210","deg","20.000","°C","971.000","hPa","0.826","-0.01532","0.000401","-0.00012","0","11.08","Humid","30.45","0","49.40","251741.27","SABD0002000012","AAV2.0.0.13","4.0.0.2323","PSt7-10","171027-008","9/15/2022 2:43:31 PM","0000-00","0","no battery","V","","µV","","µV"
"11/15/2022","17:53:31","7","default","171425599","OXY_CH7","33.247","min","186.061","μmol/L","Humid","21.186","deg","90505","µV","28.755","°C","1025.000","hPa","36.0","pmil","0","55.700","deg","20.000","°C","100.000","%a.s.","22.210","deg","20.000","°C","971.000","hPa","0.826","-0.01532","0.000401","-0.00012","0","11.08","Humid","30.45","0","49.40","251742.48","SABD0002000012","AAV2.0.0.13","4.0.0.2323","PSt7-10","171027-008","9/15/2022 2:43:31 PM","0000-00","0","no battery","V","","µV","","µV"
"11/15/2022","17:53:32","7","default","171425599","OXY_CH7","33.264","min","186.042","μmol/L","Humid","21.185","deg","90515","µV","28.762","°C","1025.000","hPa","36.0","pmil","0","55.700","deg","20.000","°C","100.000","%a.s.","22.210","deg","20.000","°C","971.000","hPa","0.826","-0.01532","0.000401","-0.00012","0","11.08","Humid","30.45","0","49.40","251750.95","SABD0002000012","AAV2.0.0.13","4.0.0.2323","PSt7-10","171027-008","9/15/2022 2:43:31 PM","0000-00","0","no battery","V","","µV","","µV"
"11/15/2022","17:53:33","7","default","171425599","OXY_CH7","33.280","min","185.995","μmol/L","Humid","21.190","deg","90513","µV","28.755","°C","1025.000","hPa","36.0","pmil","0","55.700","deg","20.000","°C","100.000","%a.s.","22.210","deg","20.000","°C","971.000","hPa","0.826","-0.01532","0.000401","-0.00012","0","11.08","Humid","30.45","0","49.40","251747.60","SABD0002000012","AAV2.0.0.13","4.0.0.2323","PSt7-10","171027-008","9/15/2022 2:43:31 PM","0000-00","0","no battery","V","","µV","","µV"
"11/15/2022","17:53:34","7","default","171425599","OXY_CH7","33.297","min","186.009","μmol/L","Humid","21.187","deg","90513","µV","28.762","°C","1025.000","hPa","36.0","pmil","0","55.700","deg","20.000","°C","100.000","%a.s.","22.210","deg","20.000","°C","971.000","hPa","0.826","-0.01532","0.000401","-0.00012","0","11.08","Humid","30.45","0","49.40","251736.16","SABD0002000012","AAV2.0.0.13","4.0.0.2323","PSt7-10","171027-008","9/15/2022 2:43:31 PM","0000-00","0","no battery","V","","µV","","µV"
"11/15/2022","17:53:35","7","default","171425599","OXY_CH7","33.314","min","186.075","μmol/L","Humid","21.183","deg","90522","µV","28.762","°C","1025.000","hPa","36.0","pmil","0","55.700","deg","20.000","°C","100.000","%a.s.","22.210","deg","20.000","°C","971.000","hPa","0.826","-0.01532","0.000401","-0.00012","0","11.08","Humid","30.45","0","49.40","251735.55","SABD0002000012","AAV2.0.0.13","4.0.0.2323","PSt7-10","171027-008","9/15/2022 2:43:31 PM","0000-00","0","no battery","V","","µV","","µV"
"11/15/2022","17:53:36","7","default","171425599","OXY_CH7","33.331","min","185.992","μmol/L","Humid","21.188","deg","90519","µV","28.762","°C","1025.000","hPa","36.0","pmil","0","55.700","deg","20.000","°C","100.000","%a.s.","22.210","deg","20.000","°C","971.000","hPa","0.826","-0.01532","0.000401","-0.00012","0","11.08","Humid","30.45","0","49.40","251738.78","SABD0002000012","AAV2.0.0.13","4.0.0.2323","PSt7-10","171027-008","9/15/2022 2:43:31 PM","0000-00","0","no battery","V","","µV","","µV"
"11/15/2022","17:53:37","7","default","171425599","OXY_CH7","33.347","min","186.044","μmol/L","Humid","21.187","deg","90522","µV","28.755","°C","1025.000","hPa","36.0","pmil","0","55.700","deg","20.000","°C","100.000","%a.s.","22.210","deg","20.000","°C","971.000","hPa","0.826","-0.01532","0.000401","-0.00012","0","11.08","Humid","30.45","0","49.40","251737.64","SABD0002000012","AAV2.0.0.13","4.0.0.2323","PSt7-10","171027-008","9/15/2022 2:43:31 PM","0000-00","0","no battery","V","","µV","","µV"
"11/15/2022","17:53:38","7","default","171425599","OXY_CH7","33.364","min","185.992","μmol/L","Humid","21.188","deg","90517","µV","28.762","°C","1025.000","hPa","36.0","pmil","0","55.700","deg","20.000","°C","100.000","%a.s.","22.210","deg","20.000","°C","971.000","hPa","0.826","-0.01532","0.000401","-0.00012","0","11.08","Humid","30.45","0","49.40","251743.29","SABD0002000012","AAV2.0.0.13","4.0.0.2323","PSt7-10","171027-008","9/15/2022 2:43:31 PM","0000-00","0","no battery","V","","µV","","µV"
"11/15/2022","17:53:39","7","default","171425599","OXY_CH7","33.380","min","186.028","μmol/L","Humid","21.188","deg","90525","µV","28.755","°C","1025.000","hPa","36.0","pmil","0","55.700","deg","20.000","°C","100.000","%a.s.","22.210","deg","20.000","°C","971.000","hPa","0.826","-0.01532","0.000401","-0.00012","0","11.08","Humid","30.45","0","49.40","251743.77","SABD0002000012","AAV2.0.0.13","4.0.0.2323","PSt7-10","171027-008","9/15/2022 2:43:31 PM","0000-00","0","no battery","V","","µV","","µV"
"11/15/2022","17:53:40","7","default","171425599","OXY_CH7","33.397","min","186.011","μmol/L","Humid","21.189","deg","90532","µV","28.755","°C","1025.000","hPa","36.0","pmil","0","55.700","deg","20.000","°C","100.000","%a.s.","22.210","deg","20.000","°C","971.000","hPa","0.826","-0.01532","0.000401","-0.00012","0","11.08","Humid","30.45","0","49.40","251747.41","SABD0002000012","AAV2.0.0.13","4.0.0.2323","PSt7-10","171027-008","9/15/2022 2:43:31 PM","0000-00","0","no battery","V","","µV","","µV"
"11/15/2022","17:53:41","7","default","171425599","OXY_CH7","33.414","min","186.061","μmol/L","Humid","21.186","deg","90531","µV","28.755","°C","1025.000","hPa","36.0","pmil","0","55.700","deg","20.000","°C","100.000","%a.s.","22.210","deg","20.000","°C","971.000","hPa","0.826","-0.01532","0.000401","-0.00012","0","11.08","Humid","30.45","0","49.40","251741.42","SABD0002000012","AAV2.0.0.13","4.0.0.2323","PSt7-10","171027-008","9/15/2022 2:43:31 PM","0000-00","0","no battery","V","","µV","","µV"
"11/15/2022","17:53:42","7","default","171425599","OXY_CH7","33.430","min","186.025","μmol/L","Humid","21.186","deg","90535","µV","28.762","°C","1025.000","hPa","36.0","pmil","0","55.700","deg","20.000","°C","100.000","%a.s.","22.210","deg","20.000","°C","971.000","hPa","0.826","-0.01532","0.000401","-0.00012","0","11.08","Humid","30.45","0","49.40","251740.86","SABD0002000012","AAV2.0.0.13","4.0.0.2323","PSt7-10","171027-008","9/15/2022 2:43:31 PM","0000-00","0","no battery","V","","µV","","µV"
"11/15/2022","17:53:43","7","default","171425599","OXY_CH7","33.447","min","185.976","μmol/L","Humid","21.189","deg","90529","µV","28.762","°C","1025.000","hPa","36.0","pmil","0","55.700","deg","20.000","°C","100.000","%a.s.","22.210","deg","20.000","°C","971.000","hPa","0.826","-0.01532","0.000401","-0.00012","0","11.08","Humid","30.45","0","49.40","251751.54","SABD0002000012","AAV2.0.0.13","4.0.0.2323","PSt7-10","171027-008","9/15/2022 2:43:31 PM","0000-00","0","no battery","V","","µV","","µV"
"11/15/2022","17:53:44","7","default","171425599","OXY_CH7","33.464","min","185.992","μmol/L","Humid","21.188","deg","90537","µV","28.762","°C","1025.000","hPa","36.0","pmil","0","55.700","deg","20.000","°C","100.000","%a.s.","22.210","deg","20.000","°C","971.000","hPa","0.826","-0.01532","0.000401","-0.00012","0","11.08","Humid","30.45","0","49.40","251751.30","SABD0002000012","AAV2.0.0.13","4.0.0.2323","PSt7-10","171027-008","9/15/2022 2:43:31 PM","0000-00","0","no battery","V","","µV","","µV"
"11/15/2022","17:53:45","7","default","171425599","OXY_CH7","33.481","min","186.028","μmol/L","Humid","21.188","deg","90529","µV","28.755","°C","1025.000","hPa","36.0","pmil","0","55.700","deg","20.000","°C","100.000","%a.s.","22.210","deg","20.000","°C","971.000","hPa","0.826","-0.01532","0.000401","-0.00012","0","11.08","Humid","30.45","0","49.40","251754.70","SABD0002000012","AAV2.0.0.13","4.0.0.2323","PSt7-10","171027-008","9/15/2022 2:43:31 PM","0000-00","0","no battery","V","","µV","","µV"
"11/15/2022","17:53:46","7","default","171425599","OXY_CH7","33.498","min","186.063","μmol/L","Humid","21.188","deg","90541","µV","28.749","°C","1025.000","hPa","36.0","pmil","0","55.700","deg","20.000","°C","100.000","%a.s.","22.210","deg","20.000","°C","971.000","hPa","0.826","-0.01532","0.000401","-0.00012","0","11.08","Humid","30.45","0","49.40","251738.07","SABD0002000012","AAV2.0.0.13","4.0.0.2323","PSt7-10","171027-008","9/15/2022 2:43:31 PM","0000-00","0","no battery","V","","µV","","µV"
"11/15/2022","17:53:47","7","default","171425599","OXY_CH7","33.514","min","186.044","μmol/L","Humid","21.187","deg","90530","µV","28.755","°C","1025.000","hPa","36.0","pmil","0","55.700","deg","20.000","°C","100.000","%a.s.","22.210","deg","20.000","°C","971.000","hPa","0.826","-0.01532","0.000401","-0.00012","0","11.08","Humid","30.45","0","49.40","251733.25","SABD0002000012","AAV2.0.0.13","4.0.0.2323","PSt7-10","171027-008","9/15/2022 2:43:31 PM","0000-00","0","no battery","V","","µV","","µV"
"11/15/2022","17:53:48","7","default","171425599","OXY_CH7","33.530","min","186.028","μmol/L","Humid","21.188","deg","90547","µV","28.755","°C","1025.000","hPa","36.0","pmil","0","55.700","deg","20.000","°C","100.000","%a.s.","22.210","deg","20.000","°C","971.000","hPa","0.826","-0.01532","0.000401","-0.00012","0","11.08","Humid","30.45","0","49.40","251745.03","SABD0002000012","AAV2.0.0.13","4.0.0.2323","PSt7-10","171027-008","9/15/2022 2:43:31 PM","0000-00","0","no battery","V","","µV","","µV"
"11/15/2022","17:53:49","7","default","171425599","OXY_CH7","33.547","min","186.044","μmol/L","Humid","21.187","deg","90541","µV","28.755","°C","1025.000","hPa","36.0","pmil","0","55.700","deg","20.000","°C","100.000","%a.s.","22.210","deg","20.000","°C","971.000","hPa","0.826","-0.01532","0.000401","-0.00012","0","11.08","Humid","30.45","0","49.40","251737.97","SABD0002000012","AAV2.0.0.13","4.0.0.2323","PSt7-10","171027-008","9/15/2022 2:43:31 PM","0000-00","0","no battery","V","","µV","","µV"
"11/15/2022","17:53:50","7","default","171425599","OXY_CH7","33.564","min","185.978","μmol/L","Humid","21.191","deg","90546","µV","28.755","°C","1025.000","hPa","36.0","pmil","0","55.700","deg","20.000","°C","100.000","%a.s.","22.210","deg","20.000","°C","971.000","hPa","0.826","-0.01532","0.000401","-0.00012","0","11.08","Humid","30.45","0","49.40","251731.44","SABD0002000012","AAV2.0.0.13","4.0.0.2323","PSt7-10","171027-008","9/15/2022 2:43:31 PM","0000-00","0","no battery","V","","µV","","µV"
"11/15/2022","17:53:51","7","default","171425599","OXY_CH7","33.580","min","185.976","μmol/L","Humid","21.189","deg","90543","µV","28.762","°C","1025.000","hPa","36.0","pmil","0","55.700","deg","20.000","°C","100.000","%a.s.","22.210","deg","20.000","°C","971.000","hPa","0.826","-0.01532","0.000401","-0.00012","0","11.08","Humid","30.45","0","49.40","251732.38","SABD0002000012","AAV2.0.0.13","4.0.0.2323","PSt7-10","171027-008","9/15/2022 2:43:31 PM","0000-00","0","no battery","V","","µV","","µV"
"11/15/2022","17:53:52","7","default","171425599","OXY_CH7","33.597","min","185.995","μmol/L","Humid","21.190","deg","90538","µV","28.755","°C","1025.000","hPa","36.0","pmil","0","55.700","deg","20.000","°C","100.000","%a.s.","22.210","deg","20.000","°C","971.000","hPa","0.826","-0.01532","0.000401","-0.00012","0","11.08","Humid","30.45","0","49.40","251736.03","SABD0002000012","AAV2.0.0.13","4.0.0.2323","PSt7-10","171027-008","9/15/2022 2:43:31 PM","0000-00","0","no battery","V","","µV","","µV"
"11/15/2022","17:53:53","7","default","171425599","OXY_CH7","33.614","min","186.009","μmol/L","Humid","21.187","deg","90546","µV","28.762","°C","1025.000","hPa","36.0","pmil","0","55.700","deg","20.000","°C","100.000","%a.s.","22.210","deg","20.000","°C","971.000","hPa","0.826","-0.01532","0.000401","-0.00012","0","11.08","Humid","30.45","0","49.40","251729.43","SABD0002000012","AAV2.0.0.13","4.0.0.2323","PSt7-10","171027-008","9/15/2022 2:43:31 PM","0000-00","0","no battery","V","","µV","","µV"
"11/15/2022","17:53:54","7","default","171425599","OXY_CH7","33.631","min","185.978","μmol/L","Humid","21.191","deg","90549","µV","28.755","°C","1025.000","hPa","36.0","pmil","0","55.700","deg","20.000","°C","100.000","%a.s.","22.210","deg","20.000","°C","971.000","hPa","0.826","-0.01532","0.000401","-0.00012","0","11.08","Humid","30.45","0","49.40","251733.01","SABD0002000012","AAV2.0.0.13","4.0.0.2323","PSt7-10","171027-008","9/15/2022 2:43:31 PM","0000-00","0","no battery","V","","µV","","µV"
"11/15/2022","17:53:55","7","default","171425599","OXY_CH7","33.648","min","185.910","μmol/L","Humid","21.193","deg","90551","µV","28.762","°C","1025.000","hPa","36.0","pmil","0","55.700","deg","20.000","°C","100.000","%a.s.","22.210","deg","20.000","°C","971.000","hPa","0.826","-0.01532","0.000401","-0.00012","0","11.08","Humid","30.45","0","49.40","251726.58","SABD0002000012","AAV2.0.0.13","4.0.0.2323","PSt7-10","171027-008","9/15/2022 2:43:31 PM","0000-00","0","no battery","V","","µV","","µV"
"11/15/2022","17:53:56","7","default","171425599","OXY_CH7","33.664","min","186.011","μmol/L","Humid","21.189","deg","90551","µV","28.755","°C","1025.000","hPa","36.0","pmil","0","55.700","deg","20.000","°C","100.000","%a.s.","22.210","deg","20.000","°C","971.000","hPa","0.826","-0.01532","0.000401","-0.00012","0","11.08","Humid","30.45","0","49.40","251715.56","SABD0002000012","AAV2.0.0.13","4.0.0.2323","PSt7-10","171027-008","9/15/2022 2:43:31 PM","0000-00","0","no battery","V","","µV","","µV"
"11/15/2022","17:53:57","7","default","171425599","OXY_CH7","33.680","min","185.997","μmol/L","Humid","21.192","deg","90550","µV","28.749","°C","1025.000","hPa","36.0","pmil","0","55.700","deg","20.000","°C","100.000","%a.s.","22.210","deg","20.000","°C","971.000","hPa","0.826","-0.01532","0.000401","-0.00012","0","11.08","Humid","30.45","0","49.40","251719.05","SABD0002000012","AAV2.0.0.13","4.0.0.2323","PSt7-10","171027-008","9/15/2022 2:43:31 PM","0000-00","0","no battery","V","","µV","","µV"
"11/15/2022","17:53:58","7","default","171425599","OXY_CH7","33.697","min","186.013","μmol/L","Humid","21.191","deg","90550","µV","28.749","°C","1025.000","hPa","36.0","pmil","0","55.700","deg","20.000","°C","100.000","%a.s.","22.210","deg","20.000","°C","971.000","hPa","0.826","-0.01532","0.000401","-0.00012","0","11.08","Humid","30.45","0","49.40","251718.82","SABD0002000012","AAV2.0.0.13","4.0.0.2323","PSt7-10","171027-008","9/15/2022 2:43:31 PM","0000-00","0","no battery","V","","µV","","µV"
"11/15/2022","17:53:59","7","default","171425599","OXY_CH7","33.714","min","185.978","μmol/L","Humid","21.191","deg","90566","µV","28.755","°C","1025.000","hPa","36.0","pmil","0","55.700","deg","20.000","°C","100.000","%a.s.","22.210","deg","20.000","°C","971.000","hPa","0.826","-0.01532","0.000401","-0.00012","0","11.08","Humid","30.45","0","49.40","251725.02","SABD0002000012","AAV2.0.0.13","4.0.0.2323","PSt7-10","171027-008","9/15/2022 2:43:31 PM","0000-00","0","no battery","V","","µV","","µV"
"11/15/2022","17:54:00","7","default","171425599","OXY_CH7","33.730","min","186.011","μmol/L","Humid","21.189","deg","90562","µV","28.755","°C","1025.000","hPa","36.0","pmil","0","55.700","deg","20.000","°C","100.000","%a.s.","22.210","deg","20.000","°C","971.000","hPa","0.826","-0.01532","0.000401","-0.00012","0","11.08","Humid","30.45","0","49.40","251718.80","SABD0002000012","AAV2.0.0.13","4.0.0.2323","PSt7-10","171027-008","9/15/2022 2:43:31 PM","0000-00","0","no battery","V","","µV","","µV"
"11/15/2022","17:54:01","7","default","171425599","OXY_CH7","33.747","min","186.011","μmol/L","Humid","21.189","deg","90560","µV","28.755","°C","1025.000","hPa","36.0","pmil","0","55.700","deg","20.000","°C","100.000","%a.s.","22.210","deg","20.000","°C","971.000","hPa","0.826","-0.01532","0.000401","-0.00012","0","11.08","Humid","30.45","0","49.40","251730.96","SABD0002000012","AAV2.0.0.13","4.0.0.2323","PSt7-10","171027-008","9/15/2022 2:43:31 PM","0000-00","0","no battery","V","","µV","","µV"
"11/15/2022","17:54:02","7","default","171425599","OXY_CH7","33.763","min","185.943","μmol/L","Humid","21.191","deg","90565","µV","28.762","°C","1025.000","hPa","36.0","pmil","0","55.700","deg","20.000","°C","100.000","%a.s.","22.210","deg","20.000","°C","971.000","hPa","0.826","-0.01532","0.000401","-0.00012","0","11.08","Humid","30.45","0","49.40","251721.41","SABD0002000012","AAV2.0.0.13","4.0.0.2323","PSt7-10","171027-008","9/15/2022 2:43:31 PM","0000-00","0","no battery","V","","µV","","µV"
"11/15/2022","17:54:03","7","default","171425599","OXY_CH7","33.780","min","186.030","μmol/L","Humid","21.190","deg","90572","µV","28.749","°C","1025.000","hPa","36.0","pmil","0","55.700","deg","20.000","°C","100.000","%a.s.","22.210","deg","20.000","°C","971.000","hPa","0.826","-0.01532","0.000401","-0.00012","0","11.08","Humid","30.45","0","49.40","251730.46","SABD0002000012","AAV2.0.0.13","4.0.0.2323","PSt7-10","171027-008","9/15/2022 2:43:31 PM","0000-00","0","no battery","V","","µV","","µV"
"11/15/2022","17:54:04","7","default","171425599","OXY_CH7","33.797","min","185.962","μmol/L","Humid","21.192","deg","90565","µV","28.755","°C","1025.000","hPa","36.0","pmil","0","55.700","deg","20.000","°C","100.000","%a.s.","22.210","deg","20.000","°C","971.000","hPa","0.826","-0.01532","0.000401","-0.00012","0","11.08","Humid","30.45","0","49.40","251730.08","SABD0002000012","AAV2.0.0.13","4.0.0.2323","PSt7-10","171027-008","9/15/2022 2:43:31 PM","0000-00","0","no battery","V","","µV","","µV"
"11/15/2022","17:54:05","7","default","171425599","OXY_CH7","33.814","min","185.947","μmol/L","Humid","21.195","deg","90571","µV","28.749","°C","1025.000","hPa","36.0","pmil","0","55.700","deg","20.000","°C","100.000","%a.s.","22.210","deg","20.000","°C","971.000","hPa","0.826","-0.01532","0.000401","-0.00012","0","11.08","Humid","30.45","0","49.40","251725.90","SABD0002000012","AAV2.0.0.13","4.0.0.2323","PSt7-10","171027-008","9/15/2022 2:43:31 PM","0000-00","0","no battery","V","","µV","","µV"
"11/15/2022","17:54:06","7","default","171425599","OXY_CH7","33.831","min","185.995","μmol/L","Humid","21.190","deg","90568","µV","28.755","°C","1025.000","hPa","36.0","pmil","0","55.700","deg","20.000","°C","100.000","%a.s.","22.210","deg","20.000","°C","971.000","hPa","0.826","-0.01532","0.000401","-0.00012","0","11.08","Humid","30.45","0","49.40","251710.23","SABD0002000012","AAV2.0.0.13","4.0.0.2323","PSt7-10","171027-008","9/15/2022 2:43:31 PM","0000-00","0","no battery","V","","µV","","µV"
"11/15/2022","17:54:07","7","default","171425599","OXY_CH7","33.847","min","185.896","μmol/L","Humid","21.196","deg","90570","µV","28.755","°C","1025.000","hPa","36.0","pmil","0","55.700","deg","20.000","°C","100.000","%a.s.","22.210","deg","20.000","°C","971.000","hPa","0.826","-0.01532","0.000401","-0.00012","0","11.08","Humid","30.45","0","49.40","251722.62","SABD0002000012","AAV2.0.0.13","4.0.0.2323","PSt7-10","171027-008","9/15/2022 2:43:31 PM","0000-00","0","no battery","V","","µV","","µV"
"11/15/2022","17:54:08","7","default","171425599","OXY_CH7","33.864","min","185.964","μmol/L","Humid","21.194","deg","90579","µV","28.749","°C","1025.000","hPa","36.0","pmil","0","55.700","deg","20.000","°C","100.000","%a.s.","22.210","deg","20.000","°C","971.000","hPa","0.826","-0.01532","0.000401","-0.00012","0","11.08","Humid","30.45","0","49.40","251720.23","SABD0002000012","AAV2.0.0.13","4.0.0.2323","PSt7-10","171027-008","9/15/2022 2:43:31 PM","0000-00","0","no battery","V","","µV","","µV"
"11/15/2022","17:54:09","7","default","171425599","OXY_CH7","33.881","min","185.962","μmol/L","Humid","21.192","deg","90574","µV","28.755","°C","1025.000","hPa","36.0","pmil","0","55.700","deg","20.000","°C","100.000","%a.s.","22.210","deg","20.000","°C","971.000","hPa","0.826","-0.01532","0.000401","-0.00012","0","11.08","Humid","30.45","0","49.40","251716.76","SABD0002000012","AAV2.0.0.13","4.0.0.2323","PSt7-10","171027-008","9/15/2022 2:43:31 PM","0000-00","0","no battery","V","","µV","","µV"
"11/15/2022","17:54:10","7","default","171425599","OXY_CH7","33.897","min","185.929","μmol/L","Humid","21.194","deg","90578","µV","28.755","°C","1025.000","hPa","36.0","pmil","0","55.700","deg","20.000","°C","100.000","%a.s.","22.210","deg","20.000","°C","971.000","hPa","0.826","-0.01532","0.000401","-0.00012","0","11.08","Humid","30.45","0","49.40","251715.34","SABD0002000012","AAV2.0.0.13","4.0.0.2323","PSt7-10","171027-008","9/15/2022 2:43:31 PM","0000-00","0","no battery","V","","µV","","µV"
"11/15/2022","17:54:11","7","default","171425599","OXY_CH7","33.913","min","185.844","μmol/L","Humid","21.197","deg","90578","µV","28.762","°C","1025.000","hPa","36.0","pmil","0","55.700","deg","20.000","°C","100.000","%a.s.","22.210","deg","20.000","°C","971.000","hPa","0.826","-0.01532","0.000401","-0.00012","0","11.08","Humid","30.45","0","49.40","251708.24","SABD0002000012","AAV2.0.0.13","4.0.0.2323","PSt7-10","171027-008","9/15/2022 2:43:31 PM","0000-00","0","no battery","V","","µV","","µV"
"11/15/2022","17:54:12","7","default","171425599","OXY_CH7","33.930","min","185.978","μmol/L","Humid","21.191","deg","90578","µV","28.755","°C","1025.000","hPa","36.0","pmil","0","55.700","deg","20.000","°C","100.000","%a.s.","22.210","deg","20.000","°C","971.000","hPa","0.826","-0.01532","0.000401","-0.00012","0","11.08","Humid","30.45","0","49.40","251719.15","SABD0002000012","AAV2.0.0.13","4.0.0.2323","PSt7-10","171027-008","9/15/2022 2:43:31 PM","0000-00","0","no battery","V","","µV","","µV"
"11/15/2022","17:54:13","7","default","171425599","OXY_CH7","33.947","min","185.964","μmol/L","Humid","21.194","deg","90588","µV","28.749","°C","1025.000","hPa","36.0","pmil","0","55.700","deg","20.000","°C","100.000","%a.s.","22.210","deg","20.000","°C","971.000","hPa","0.826","-0.01532","0.000401","-0.00012","0","11.08","Humid","30.45","0","49.40","251729.54","SABD0002000012","AAV2.0.0.13","4.0.0.2323","PSt7-10","171027-008","9/15/2022 2:43:31 PM","0000-00","0","no battery","V","","µV","","µV"
"11/15/2022","17:54:14","7","default","171425599","OXY_CH7","33.964","min","185.929","μmol/L","Humid","21.194","deg","90586","µV","28.755","°C","1025.000","hPa","36.0","pmil","0","55.700","deg","20.000","°C","100.000","%a.s.","22.210","deg","20.000","°C","971.000","hPa","0.826","-0.01532","0.000401","-0.00012","0","11.08","Humid","30.45","0","49.40","251728.85","SABD0002000012","AAV2.0.0.13","4.0.0.2323","PSt7-10","171027-008","9/15/2022 2:43:31 PM","0000-00","0","no battery","V","","µV","","µV"
"11/15/2022","17:54:15","7","default","171425599","OXY_CH7","33.981","min","185.879","μmol/L","Humid","21.197","deg","90586","µV","28.755","°C","1025.000","hPa","36.0","pmil","0","55.700","deg","20.000","°C","100.000","%a.s.","22.210","deg","20.000","°C","971.000","hPa","0.826","-0.01532","0.000401","-0.00012","0","11.08","Humid","30.45","0","49.40","251718.63","SABD0002000012","AAV2.0.0.13","4.0.0.2323","PSt7-10","171027-008","9/15/2022 2:43:31 PM","0000-00","0","no battery","V","","µV","","µV"
"11/15/2022","17:54:16","7","default","171425599","OXY_CH7","33.997","min","185.980","μmol/L","Humid","21.193","deg","90579","µV","28.749","°C","1025.000","hPa","36.0","pmil","0","55.700","deg","20.000","°C","100.000","%a.s.","22.210","deg","20.000","°C","971.000","hPa","0.826","-0.01532","0.000401","-0.00012","0","11.08","Humid","30.45","0","49.40","251719.17","SABD0002000012","AAV2.0.0.13","4.0.0.2323","PSt7-10","171027-008","9/15/2022 2:43:31 PM","0000-00","0","no battery","V","","µV","","µV"
"11/15/2022","17:54:17","7","default","171425599","OXY_CH7","34.014","min","185.912","μmol/L","Humid","21.195","deg","90587","µV","28.755","°C","1025.000","hPa","36.0","pmil","0","55.700","deg","20.000","°C","100.000","%a.s.","22.210","deg","20.000","°C","971.000","hPa","0.826","-0.01532","0.000401","-0.00012","0","11.08","Humid","30.45","0","49.40","251717.19","SABD0002000012","AAV2.0.0.13","4.0.0.2323","PSt7-10","171027-008","9/15/2022 2:43:31 PM","0000-00","0","no battery","V","","µV","","µV"
"11/15/2022","17:54:18","7","default","171425599","OXY_CH7","34.031","min","185.912","μmol/L","Humid","21.195","deg","90590","µV","28.755","°C","1025.000","hPa","36.0","pmil","0","55.700","deg","20.000","°C","100.000","%a.s.","22.210","deg","20.000","°C","971.000","hPa","0.826","-0.01532","0.000401","-0.00012","0","11.08","Humid","30.45","0","49.40","251714.97","SABD0002000012","AAV2.0.0.13","4.0.0.2323","PSt7-10","171027-008","9/15/2022 2:43:31 PM","0000-00","0","no battery","V","","µV","","µV"
"11/15/2022","17:54:19","7","default","171425599","OXY_CH7","34.047","min","185.947","μmol/L","Humid","21.195","deg","90587","µV","28.749","°C","1025.000","hPa","36.0","pmil","0","55.700","deg","20.000","°C","100.000","%a.s.","22.210","deg","20.000","°C","971.000","hPa","0.826","-0.01532","0.000401","-0.00012","0","11.08","Humid","30.45","0","49.40","251717.37","SABD0002000012","AAV2.0.0.13","4.0.0.2323","PSt7-10","171027-008","9/15/2022 2:43:31 PM","0000-00","0","no battery","V","","µV","","µV"
"11/15/2022","17:54:20","7","default","171425599","OXY_CH7","34.064","min","185.863","μmol/L","Humid","21.198","deg","90593","µV","28.755","°C","1025.000","hPa","36.0","pmil","0","55.700","deg","20.000","°C","100.000","%a.s.","22.210","deg","20.000","°C","971.000","hPa","0.826","-0.01532","0.000401","-0.00012","0","11.08","Humid","30.45","0","49.40","251717.06","SABD0002000012","AAV2.0.0.13","4.0.0.2323","PSt7-10","171027-008","9/15/2022 2:43:31 PM","0000-00","0","no battery","V","","µV","","µV"
"11/15/2022","17:54:21","7","default","171425599","OXY_CH7","34.080","min","185.912","μmol/L","Humid","21.195","deg","90598","µV","28.755","°C","1025.000","hPa","36.0","pmil","0","55.700","deg","20.000","°C","100.000","%a.s.","22.210","deg","20.000","°C","971.000","hPa","0.826","-0.01532","0.000401","-0.00012","0","11.08","Humid","30.45","0","49.40","251707.41","SABD0002000012","AAV2.0.0.13","4.0.0.2323","PSt7-10","171027-008","9/15/2022 2:43:31 PM","0000-00","0","no battery","V","","µV","","µV"
"11/15/2022","17:54:22","7","default","171425599","OXY_CH7","34.097","min","185.898","μmol/L","Humid","21.198","deg","90597","µV","28.749","°C","1025.000","hPa","36.0","pmil","0","55.700","deg","20.000","°C","100.000","%a.s.","22.210","deg","20.000","°C","971.000","hPa","0.826","-0.01532","0.000401","-0.00012","0","11.08","Humid","30.45","0","49.40","251709.48","SABD0002000012","AAV2.0.0.13","4.0.0.2323","PSt7-10","171027-008","9/15/2022 2:43:31 PM","0000-00","0","no battery","V","","µV","","µV"
"11/15/2022","17:54:23","7","default","171425599","OXY_CH7","34.114","min","185.867","μmol/L","Humid","21.202","deg","90594","µV","28.743","°C","1025.000","hPa","36.0","pmil","0","55.700","deg","20.000","°C","100.000","%a.s.","22.210","deg","20.000","°C","971.000","hPa","0.826","-0.01532","0.000401","-0.00012","0","11.08","Humid","30.45","0","49.40","251707.54","SABD0002000012","AAV2.0.0.13","4.0.0.2323","PSt7-10","171027-008","9/15/2022 2:43:31 PM","0000-00","0","no battery","V","","µV","","µV"
"11/15/2022","17:54:24","7","default","171425599","OXY_CH7","34.131","min","185.797","μmol/L","Humid","21.202","deg","90599","µV","28.755","°C","1025.000","hPa","36.0","pmil","0","55.700","deg","20.000","°C","100.000","%a.s.","22.210","deg","20.000","°C","971.000","hPa","0.826","-0.01532","0.000401","-0.00012","0","11.08","Humid","30.45","0","49.40","251729.70","SABD0002000012","AAV2.0.0.13","4.0.0.2323","PSt7-10","171027-008","9/15/2022 2:43:31 PM","0000-00","0","no battery","V","","µV","","µV"
"11/15/2022","17:54:25","7","default","171425599","OXY_CH7","34.147","min","185.982","μmol/L","Humid","21.195","deg","90598","µV","28.743","°C","1025.000","hPa","36.0","pmil","0","55.700","deg","20.000","°C","100.000","%a.s.","22.210","deg","20.000","°C","971.000","hPa","0.826","-0.01532","0.000401","-0.00012","0","11.08","Humid","30.45","0","49.40","251708.30","SABD0002000012","AAV2.0.0.13","4.0.0.2323","PSt7-10","171027-008","9/15/2022 2:43:31 PM","0000-00","0","no battery","V","","µV","","µV"
"11/15/2022","17:54:26","7","default","171425599","OXY_CH7","34.164","min","185.898","μmol/L","Humid","21.198","deg","90598","µV","28.749","°C","1025.000","hPa","36.0","pmil","0","55.700","deg","20.000","°C","100.000","%a.s.","22.210","deg","20.000","°C","971.000","hPa","0.826","-0.01532","0.000401","-0.00012","0","11.08","Humid","30.45","0","49.40","251690.86","SABD0002000012","AAV2.0.0.13","4.0.0.2323","PSt7-10","171027-008","9/15/2022 2:43:31 PM","0000-00","0","no battery","V","","µV","","µV"
"11/15/2022","17:54:27","7","default","171425599","OXY_CH7","34.181","min","185.962","μmol/L","Humid","21.192","deg","90601","µV","28.755","°C","1025.000","hPa","36.0","pmil","0","55.700","deg","20.000","°C","100.000","%a.s.","22.210","deg","20.000","°C","971.000","hPa","0.826","-0.01532","0.000401","-0.00012","0","11.08","Humid","30.45","0","49.40","251703.62","SABD0002000012","AAV2.0.0.13","4.0.0.2323","PSt7-10","171027-008","9/15/2022 2:43:31 PM","0000-00","0","no battery","V","","µV","","µV"
"11/15/2022","17:54:28","7","default","171425599","OXY_CH7","34.197","min","185.964","μmol/L","Humid","21.194","deg","90599","µV","28.749","°C","1025.000","hPa","36.0","pmil","0","55.700","deg","20.000","°C","100.000","%a.s.","22.210","deg","20.000","°C","971.000","hPa","0.826","-0.01532","0.000401","-0.00012","0","11.08","Humid","30.45","0","49.40","251698.88","SABD0002000012","AAV2.0.0.13","4.0.0.2323","PSt7-10","171027-008","9/15/2022 2:43:31 PM","0000-00","0","no battery","V","","µV","","µV"
"11/15/2022","17:54:29","7","default","171425599","OXY_CH7","34.213","min","185.881","μmol/L","Humid","21.199","deg","90598","µV","28.749","°C","1025.000","hPa","36.0","pmil","0","55.700","deg","20.000","°C","100.000","%a.s.","22.210","deg","20.000","°C","971.000","hPa","0.826","-0.01532","0.000401","-0.00012","0","11.08","Humid","30.45","0","49.40","251708.35","SABD0002000012","AAV2.0.0.13","4.0.0.2323","PSt7-10","171027-008","9/15/2022 2:43:31 PM","0000-00","0","no battery","V","","µV","","µV"
"11/15/2022","17:54:30","7","default","171425599","OXY_CH7","34.230","min","185.844","μmol/L","Humid","21.197","deg","90612","µV","28.762","°C","1025.000","hPa","36.0","pmil","0","55.700","deg","20.000","°C","100.000","%a.s.","22.210","deg","20.000","°C","971.000","hPa","0.826","-0.01532","0.000401","-0.00012","0","11.08","Humid","30.45","0","49.40","251698.38","SABD0002000012","AAV2.0.0.13","4.0.0.2323","PSt7-10","171027-008","9/15/2022 2:43:31 PM","0000-00","0","no battery","V","","µV","","µV"
"11/15/2022","17:54:31","7","default","171425599","OXY_CH7","34.247","min","185.914","μmol/L","Humid","21.197","deg","90603","µV","28.749","°C","1025.000","hPa","36.0","pmil","0","55.700","deg","20.000","°C","100.000","%a.s.","22.210","deg","20.000","°C","971.000","hPa","0.826","-0.01532","0.000401","-0.00012","0","11.08","Humid","30.45","0","49.40","251706.24","SABD0002000012","AAV2.0.0.13","4.0.0.2323","PSt7-10","171027-008","9/15/2022 2:43:31 PM","0000-00","0","no battery","V","","µV","","µV"
"11/15/2022","17:54:32","7","default","171425599","OXY_CH7","34.264","min","185.931","μmol/L","Humid","21.196","deg","90605","µV","28.749","°C","1025.000","hPa","36.0","pmil","0","55.700","deg","20.000","°C","100.000","%a.s.","22.210","deg","20.000","°C","971.000","hPa","0.826","-0.01532","0.000401","-0.00012","0","11.08","Humid","30.45","0","49.40","251715.99","SABD0002000012","AAV2.0.0.13","4.0.0.2323","PSt7-10","171027-008","9/15/2022 2:43:31 PM","0000-00","0","no battery","V","","µV","","µV"
"11/15/2022","17:54:33","7","default","171425599","OXY_CH7","34.281","min","185.898","μmol/L","Humid","21.198","deg","90614","µV","28.749","°C","1025.000","hPa","36.0","pmil","0","55.700","deg","20.000","°C","100.000","%a.s.","22.210","deg","20.000","°C","971.000","hPa","0.826","-0.01532","0.000401","-0.00012","0","11.08","Humid","30.45","0","49.40","251698.00","SABD0002000012","AAV2.0.0.13","4.0.0.2323","PSt7-10","171027-008","9/15/2022 2:43:31 PM","0000-00","0","no battery","V","","µV","","µV"
"11/15/2022","17:54:34","7","default","171425599","OXY_CH7","34.297","min","185.898","μmol/L","Humid","21.198","deg","90610","µV","28.749","°C","1025.000","hPa","36.0","pmil","0","55.700","deg","20.000","°C","100.000","%a.s.","22.210","deg","20.000","°C","971.000","hPa","0.826","-0.01532","0.000401","-0.00012","0","11.08","Humid","30.45","0","49.40","251709.06","SABD0002000012","AAV2.0.0.13","4.0.0.2323","PSt7-10","171027-008","9/15/2022 2:43:31 PM","0000-00","0","no battery","V","","µV","","µV"
"11/15/2022","17:54:35","7","default","171425599","OXY_CH7","34.314","min","185.865","μmol/L","Humid","21.200","deg","90611","µV","28.749","°C","1025.000","hPa","36.0","pmil","0","55.700","deg","20.000","°C","100.000","%a.s.","22.210","deg","20.000","°C","971.000","hPa","0.826","-0.01532","0.000401","-0.00012","0","11.08","Humid","30.45","0","49.40","251700.38","SABD0002000012","AAV2.0.0.13","4.0.0.2323","PSt7-10","171027-008","9/15/2022 2:43:31 PM","0000-00","0","no battery","V","","µV","","µV"
"11/15/2022","17:54:36","7","default","171425599","OXY_CH7","34.330","min","185.863","μmol/L","Humid","21.198","deg","90620","µV","28.755","°C","1025.000","hPa","36.0","pmil","0","55.700","deg","20.000","°C","100.000","%a.s.","22.210","deg","20.000","°C","971.000","hPa","0.826","-0.01532","0.000401","-0.00012","0","11.08","Humid","30.45","0","49.40","251696.33","SABD0002000012","AAV2.0.0.13","4.0.0.2323","PSt7-10","171027-008","9/15/2022 2:43:31 PM","0000-00","0","no battery","V","","µV","","µV"
"11/15/2022","17:54:37","7","default","171425599","OXY_CH7","34.347","min","185.900","μmol/L","Humid","21.200","deg","90621","µV","28.743","°C","1025.000","hPa","36.0","pmil","0","55.700","deg","20.000","°C","100.000","%a.s.","22.210","deg","20.000","°C","971.000","hPa","0.826","-0.01532","0.000401","-0.00012","0","11.08","Humid","30.45","0","49.40","251689.80","SABD0002000012","AAV2.0.0.13","4.0.0.2323","PSt7-10","171027-008","9/15/2022 2:43:31 PM","0000-00","0","no battery","V","","µV","","µV"
"11/15/2022","17:54:38","7","default","171425599","OXY_CH7","34.364","min","185.846","μmol/L","Humid","21.199","deg","90620","µV","28.755","°C","1025.000","hPa","36.0","pmil","0","55.700","deg","20.000","°C","100.000","%a.s.","22.210","deg","20.000","°C","971.000","hPa","0.826","-0.01532","0.000401","-0.00012","0","11.08","Humid","30.45","0","49.40","251702.27","SABD0002000012","AAV2.0.0.13","4.0.0.2323","PSt7-10","171027-008","9/15/2022 2:43:31 PM","0000-00","0","no battery","V","","µV","","µV"
"11/15/2022","17:54:39","7","default","171425599","OXY_CH7","34.380","min","185.832","μmol/L","Humid","21.202","deg","90621","µV","28.749","°C","1025.000","hPa","36.0","pmil","0","55.700","deg","20.000","°C","100.000","%a.s.","22.210","deg","20.000","°C","971.000","hPa","0.826","-0.01532","0.000401","-0.00012","0","11.08","Humid","30.45","0","49.40","251698.96","SABD0002000012","AAV2.0.0.13","4.0.0.2323","PSt7-10","171027-008","9/15/2022 2:43:31 PM","0000-00","0","no battery","V","","µV","","µV"
"11/15/2022","17:54:40","7","default","171425599","OXY_CH7","34.397","min","185.780","μmol/L","Humid","21.203","deg","90622","µV","28.755","°C","1025.000","hPa","36.0","pmil","0","55.700","deg","20.000","°C","100.000","%a.s.","22.210","deg","20.000","°C","971.000","hPa","0.826","-0.01532","0.000401","-0.00012","0","11.08","Humid","30.45","0","49.40","251695.24","SABD0002000012","AAV2.0.0.13","4.0.0.2323","PSt7-10","171027-008","9/15/2022 2:43:31 PM","0000-00","0","no battery","V","","µV","","µV"
"11/15/2022","17:54:41","7","default","171425599","OXY_CH7","34.414","min","185.931","μmol/L","Humid","21.196","deg","90623","µV","28.749","°C","1025.000","hPa","36.0","pmil","0","55.700","deg","20.000","°C","100.000","%a.s.","22.210","deg","20.000","°C","971.000","hPa","0.826","-0.01532","0.000401","-0.00012","0","11.08","Humid","30.45","0","49.40","251701.52","SABD0002000012","AAV2.0.0.13","4.0.0.2323","PSt7-10","171027-008","9/15/2022 2:43:31 PM","0000-00","0","no battery","V","","µV","","µV"
"11/15/2022","17:54:42","7","default","171425599","OXY_CH7","34.431","min","185.815","μmol/L","Humid","21.203","deg","90630","µV","28.749","°C","1025.000","hPa","36.0","pmil","0","55.700","deg","20.000","°C","100.000","%a.s.","22.210","deg","20.000","°C","971.000","hPa","0.826","-0.01532","0.000401","-0.00012","0","11.08","Humid","30.45","0","49.40","251686.28","SABD0002000012","AAV2.0.0.13","4.0.0.2323","PSt7-10","171027-008","9/15/2022 2:43:31 PM","0000-00","0","no battery","V","","µV","","µV"
"11/15/2022","17:54:43","7","default","171425599","OXY_CH7","34.447","min","185.766","μmol/L","Humid","21.206","deg","90635","µV","28.749","°C","1025.000","hPa","36.0","pmil","0","55.700","deg","20.000","°C","100.000","%a.s.","22.210","deg","20.000","°C","971.000","hPa","0.826","-0.01532","0.000401","-0.00012","0","11.08","Humid","30.45","0","49.40","251693.41","SABD0002000012","AAV2.0.0.13","4.0.0.2323","PSt7-10","171027-008","9/15/2022 2:43:31 PM","0000-00","0","no battery","V","","µV","","µV"
"11/15/2022","17:54:44","7","default","171425599","OXY_CH7","34.464","min","185.830","μmol/L","Humid","21.200","deg","90629","µV","28.755","°C","1025.000","hPa","36.0","pmil","0","55.700","deg","20.000","°C","100.000","%a.s.","22.210","deg","20.000","°C","971.000","hPa","0.826","-0.01532","0.000401","-0.00012","0","11.08","Humid","30.45","0","49.40","251690.34","SABD0002000012","AAV2.0.0.13","4.0.0.2323","PSt7-10","171027-008","9/15/2022 2:43:31 PM","0000-00","0","no battery","V","","µV","","µV"
"11/15/2022","17:54:45","7","default","171425599","OXY_CH7","34.481","min","185.848","μmol/L","Humid","21.201","deg","90628","µV","28.749","°C","1025.000","hPa","36.0","pmil","0","55.700","deg","20.000","°C","100.000","%a.s.","22.210","deg","20.000","°C","971.000","hPa","0.826","-0.01532","0.000401","-0.00012","0","11.08","Humid","30.45","0","49.40","251686.53","SABD0002000012","AAV2.0.0.13","4.0.0.2323","PSt7-10","171027-008","9/15/2022 2:43:31 PM","0000-00","0","no battery","V","","µV","","µV"
"11/15/2022","17:54:46","7","default","171425599","OXY_CH7","34.497","min","185.764","μmol/L","Humid","21.204","deg","90635","µV","28.755","°C","1025.000","hPa","36.0","pmil","0","55.700","deg","20.000","°C","100.000","%a.s.","22.210","deg","20.000","°C","971.000","hPa","0.826","-0.01532","0.000401","-0.00012","0","11.08","Humid","30.45","0","49.40","251692.48","SABD0002000012","AAV2.0.0.13","4.0.0.2323","PSt7-10","171027-008","9/15/2022 2:43:31 PM","0000-00","0","no battery","V","","µV","","µV"
"11/15/2022","17:54:47","7","default","171425599","OXY_CH7","34.513","min","185.848","μmol/L","Humid","21.201","deg","90641","µV","28.749","°C","1025.000","hPa","36.0","pmil","0","55.700","deg","20.000","°C","100.000","%a.s.","22.210","deg","20.000","°C","971.000","hPa","0.826","-0.01532","0.000401","-0.00012","0","11.08","Humid","30.45","0","49.40","251689.25","SABD0002000012","AAV2.0.0.13","4.0.0.2323","PSt7-10","171027-008","9/15/2022 2:43:31 PM","0000-00","0","no battery","V","","µV","","µV"
"11/15/2022","17:54:48","7","default","171425599","OXY_CH7","34.530","min","185.846","μmol/L","Humid","21.199","deg","90640","µV","28.755","°C","1025.000","hPa","36.0","pmil","0","55.700","deg","20.000","°C","100.000","%a.s.","22.210","deg","20.000","°C","971.000","hPa","0.826","-0.01532","0.000401","-0.00012","0","11.08","Humid","30.45","0","49.40","251688.94","SABD0002000012","AAV2.0.0.13","4.0.0.2323","PSt7-10","171027-008","9/15/2022 2:43:31 PM","0000-00","0","no battery","V","","µV","","µV"
"11/15/2022","17:54:49","7","default","171425599","OXY_CH7","34.547","min","185.799","μmol/L","Humid","21.204","deg","90636","µV","28.749","°C","1025.000","hPa","36.0","pmil","0","55.700","deg","20.000","°C","100.000","%a.s.","22.210","deg","20.000","°C","971.000","hPa","0.826","-0.01532","0.000401","-0.00012","0","11.08","Humid","30.45","0","49.40","251690.22","SABD0002000012","AAV2.0.0.13","4.0.0.2323","PSt7-10","171027-008","9/15/2022 2:43:31 PM","0000-00","0","no battery","V","","µV","","µV"
"11/15/2022","17:54:50","7","default","171425599","OXY_CH7","34.564","min","185.867","μmol/L","Humid","21.202","deg","90647","µV","28.743","°C","1025.000","hPa","36.0","pmil","0","55.700","deg","20.000","°C","100.000","%a.s.","22.210","deg","20.000","°C","971.000","hPa","0.826","-0.01532","0.000401","-0.00012","0","11.08","Humid","30.45","0","49.40","251695.61","SABD0002000012","AAV2.0.0.13","4.0.0.2323","PSt7-10","171027-008","9/15/2022 2:43:31 PM","0000-00","0","no battery","V","","µV","","µV"
"11/15/2022","17:54:51","7","default","171425599","OXY_CH7","34.581","min","185.848","μmol/L","Humid","21.201","deg","90647","µV","28.749","°C","1025.000","hPa","36.0","pmil","0","55.700","deg","20.000","°C","100.000","%a.s.","22.210","deg","20.000","°C","971.000","hPa","0.826","-0.01532","0.000401","-0.00012","0","11.08","Humid","30.45","0","49.40","251697.60","SABD0002000012","AAV2.0.0.13","4.0.0.2323","PSt7-10","171027-008","9/15/2022 2:43:31 PM","0000-00","0","no battery","V","","µV","","µV"
"11/15/2022","17:54:52","7","default","171425599","OXY_CH7","34.597","min","185.830","μmol/L","Humid","21.200","deg","90646","µV","28.755","°C","1025.000","hPa","36.0","pmil","0","55.700","deg","20.000","°C","100.000","%a.s.","22.210","deg","20.000","°C","971.000","hPa","0.826","-0.01532","0.000401","-0.00012","0","11.08","Humid","30.45","0","49.40","251693.50","SABD0002000012","AAV2.0.0.13","4.0.0.2323","PSt7-10","171027-008","9/15/2022 2:43:31 PM","0000-00","0","no battery","V","","µV","","µV"
"11/15/2022","17:54:53","7","default","171425599","OXY_CH7","34.614","min","185.747","μmol/L","Humid","21.205","deg","90646","µV","28.755","°C","1025.000","hPa","36.0","pmil","0","55.700","deg","20.000","°C","100.000","%a.s.","22.210","deg","20.000","°C","971.000","hPa","0.826","-0.01532","0.000401","-0.00012","0","11.08","Humid","30.45","0","49.40","251686.63","SABD0002000012","AAV2.0.0.13","4.0.0.2323","PSt7-10","171027-008","9/15/2022 2:43:31 PM","0000-00","0","no battery","V","","µV","","µV"
"11/15/2022","17:54:54","7","default","171425599","OXY_CH7","34.631","min","185.848","μmol/L","Humid","21.201","deg","90654","µV","28.749","°C","1025.000","hPa","36.0","pmil","0","55.700","deg","20.000","°C","100.000","%a.s.","22.210","deg","20.000","°C","971.000","hPa","0.826","-0.01532","0.000401","-0.00012","0","11.08","Humid","30.45","0","49.40","251688.33","SABD0002000012","AAV2.0.0.13","4.0.0.2323","PSt7-10","171027-008","9/15/2022 2:43:31 PM","0000-00","0","no battery","V","","µV","","µV"
"11/15/2022","17:54:55","7","default","171425599","OXY_CH7","34.647","min","185.799","μmol/L","Humid","21.204","deg","90661","µV","28.749","°C","1025.000","hPa","36.0","pmil","0","55.700","deg","20.000","°C","100.000","%a.s.","22.210","deg","20.000","°C","971.000","hPa","0.826","-0.01532","0.000401","-0.00012","0","11.08","Humid","30.45","0","49.40","251700.74","SABD0002000012","AAV2.0.0.13","4.0.0.2323","PSt7-10","171027-008","9/15/2022 2:43:31 PM","0000-00","0","no battery","V","","µV","","µV"
"11/15/2022","17:54:56","7","default","171425599","OXY_CH7","34.663","min","185.764","μmol/L","Humid","21.204","deg","90656","µV","28.755","°C","1025.000","hPa","36.0","pmil","0","55.700","deg","20.000","°C","100.000","%a.s.","22.210","deg","20.000","°C","971.000","hPa","0.826","-0.01532","0.000401","-0.00012","0","11.08","Humid","30.45","0","49.40","251696.28","SABD0002000012","AAV2.0.0.13","4.0.0.2323","PSt7-10","171027-008","9/15/2022 2:43:31 PM","0000-00","0","no battery","V","","µV","","µV"
"11/15/2022","17:54:57","7","default","171425599","OXY_CH7","34.680","min","185.813","μmol/L","Humid","21.201","deg","90653","µV","28.755","°C","1025.000","hPa","36.0","pmil","0","55.700","deg","20.000","°C","100.000","%a.s.","22.210","deg","20.000","°C","971.000","hPa","0.826","-0.01532","0.000401","-0.00012","0","11.08","Humid","30.45","0","49.40","251687.71","SABD0002000012","AAV2.0.0.13","4.0.0.2323","PSt7-10","171027-008","9/15/2022 2:43:31 PM","0000-00","0","no battery","V","","µV","","µV"
"11/15/2022","17:54:58","7","default","171425599","OXY_CH7","34.697","min","185.815","μmol/L","Humid","21.203","deg","90660","µV","28.749","°C","1025.000","hPa","36.0","pmil","0","55.700","deg","20.000","°C","100.000","%a.s.","22.210","deg","20.000","°C","971.000","hPa","0.826","-0.01532","0.000401","-0.00012","0","11.08","Humid","30.45","0","49.40","251696.10","SABD0002000012","AAV2.0.0.13","4.0.0.2323","PSt7-10","171027-008","9/15/2022 2:43:31 PM","0000-00","0","no battery","V","","µV","","µV"
"11/15/2022","17:54:59","7","default","171425599","OXY_CH7","34.714","min","185.782","μmol/L","Humid","21.205","deg","90659","µV","28.749","°C","1025.000","hPa","36.0","pmil","0","55.700","deg","20.000","°C","100.000","%a.s.","22.210","deg","20.000","°C","971.000","hPa","0.826","-0.01532","0.000401","-0.00012","0","11.08","Humid","30.45","0","49.40","251690.29","SABD0002000012","AAV2.0.0.13","4.0.0.2323","PSt7-10","171027-008","9/15/2022 2:43:31 PM","0000-00","0","no battery","V","","µV","","µV"
"11/15/2022","17:55:00","7","default","171425599","OXY_CH7","34.731","min","185.797","μmol/L","Humid","21.202","deg","90660","µV","28.755","°C","1025.000","hPa","36.0","pmil","0","55.700","deg","20.000","°C","100.000","%a.s.","22.210","deg","20.000","°C","971.000","hPa","0.826","-0.01532","0.000401","-0.00012","0","11.08","Humid","30.45","0","49.40","251692.16","SABD0002000012","AAV2.0.0.13","4.0.0.2323","PSt7-10","171027-008","9/15/2022 2:43:31 PM","0000-00","0","no battery","V","","µV","","µV"
"11/15/2022","17:55:01","7","default","171425599","OXY_CH7","34.747","min","185.782","μmol/L","Humid","21.205","deg","90669","µV","28.749","°C","1025.000","hPa","36.0","pmil","0","55.700","deg","20.000","°C","100.000","%a.s.","22.210","deg","20.000","°C","971.000","hPa","0.826","-0.01532","0.000401","-0.00012","0","11.08","Humid","30.45","0","49.40","251689.40","SABD0002000012","AAV2.0.0.13","4.0.0.2323","PSt7-10","171027-008","9/15/2022 2:43:31 PM","0000-00","0","no battery","V","","µV","","µV"
"11/15/2022","17:55:02","7","default","171425599","OXY_CH7","34.764","min","185.747","μmol/L","Humid","21.205","deg","90668","µV","28.755","°C","1025.000","hPa","36.0","pmil","0","55.700","deg","20.000","°C","100.000","%a.s.","22.210","deg","20.000","°C","971.000","hPa","0.826","-0.01532","0.000401","-0.00012","0","11.08","Humid","30.45","0","49.40","251696.37","SABD0002000012","AAV2.0.0.13","4.0.0.2323","PSt7-10","171027-008","9/15/2022 2:43:31 PM","0000-00","0","no battery","V","","µV","","µV"
"11/15/2022","17:55:03","7","default","171425599","OXY_CH7","34.780","min","185.815","μmol/L","Humid","21.203","deg","90672","µV","28.749","°C","1025.000","hPa","36.0","pmil","0","55.700","deg","20.000","°C","100.000","%a.s.","22.210","deg","20.000","°C","971.000","hPa","0.826","-0.01532","0.000401","-0.00012","0","11.08","Humid","30.45","0","49.40","251684.24","SABD0002000012","AAV2.0.0.13","4.0.0.2323","PSt7-10","171027-008","9/15/2022 2:43:31 PM","0000-00","0","no battery","V","","µV","","µV"
"11/15/2022","17:55:04","7","default","171425599","OXY_CH7","34.797","min","185.785","μmol/L","Humid","21.207","deg","90677","µV","28.743","°C","1025.000","hPa","36.0","pmil","0","55.700","deg","20.000","°C","100.000","%a.s.","22.210","deg","20.000","°C","971.000","hPa","0.826","-0.01532","0.000401","-0.00012","0","11.08","Humid","30.45","0","49.40","251682.68","SABD0002000012","AAV2.0.0.13","4.0.0.2323","PSt7-10","171027-008","9/15/2022 2:43:31 PM","0000-00","0","no battery","V","","µV","","µV"
"11/15/2022","17:55:05","7","default","171425599","OXY_CH7","34.814","min","185.768","μmol/L","Humid","21.208","deg","90673","µV","28.743","°C","1025.000","hPa","36.0","pmil","0","55.700","deg","20.000","°C","100.000","%a.s.","22.210","deg","20.000","°C","971.000","hPa","0.826","-0.01532","0.000401","-0.00012","0","11.08","Humid","30.45","0","49.40","251678.15","SABD0002000012","AAV2.0.0.13","4.0.0.2323","PSt7-10","171027-008","9/15/2022 2:43:31 PM","0000-00","0","no battery","V","","µV","","µV"
"11/15/2022","17:55:06","7","default","171425599","OXY_CH7","34.830","min","185.799","μmol/L","Humid","21.204","deg","90670","µV","28.749","°C","1025.000","hPa","36.0","pmil","0","55.700","deg","20.000","°C","100.000","%a.s.","22.210","deg","20.000","°C","971.000","hPa","0.826","-0.01532","0.000401","-0.00012","0","11.08","Humid","30.45","0","49.40","251670.51","SABD0002000012","AAV2.0.0.13","4.0.0.2323","PSt7-10","171027-008","9/15/2022 2:43:31 PM","0000-00","0","no battery","V","","µV","","µV"
"11/15/2022","17:55:07","7","default","171425599","OXY_CH7","34.847","min","185.717","μmol/L","Humid","21.209","deg","90675","µV","28.749","°C","1025.000","hPa","36.0","pmil","0","55.700","deg","20.000","°C","100.000","%a.s.","22.210","deg","20.000","°C","971.000","hPa","0.826","-0.01532","0.000401","-0.00012","0","11.08","Humid","30.45","0","49.40","251675.60","SABD0002000012","AAV2.0.0.13","4.0.0.2323","PSt7-10","171027-008","9/15/2022 2:43:31 PM","0000-00","0","no battery","V","","µV","","µV"
"11/15/2022","17:55:08","7","default","171425599","OXY_CH7","34.864","min","185.834","μmol/L","Humid","21.204","deg","90678","µV","28.743","°C","1025.000","hPa","36.0","pmil","0","55.700","deg","20.000","°C","100.000","%a.s.","22.210","deg","20.000","°C","971.000","hPa","0.826","-0.01532","0.000401","-0.00012","0","11.08","Humid","30.45","0","49.40","251674.95","SABD0002000012","AAV2.0.0.13","4.0.0.2323","PSt7-10","171027-008","9/15/2022 2:43:31 PM","0000-00","0","no battery","V","","µV","","µV"
"11/15/2022","17:55:09","7","default","171425599","OXY_CH7","34.881","min","185.752","μmol/L","Humid","21.209","deg","90674","µV","28.743","°C","1025.000","hPa","36.0","pmil","0","55.700","deg","20.000","°C","100.000","%a.s.","22.210","deg","20.000","°C","971.000","hPa","0.826","-0.01532","0.000401","-0.00012","0","11.08","Humid","30.45","0","49.40","251683.15","SABD0002000012","AAV2.0.0.13","4.0.0.2323","PSt7-10","171027-008","9/15/2022 2:43:31 PM","0000-00","0","no battery","V","","µV","","µV"
"11/15/2022","17:55:10","7","default","171425599","OXY_CH7","34.898","min","185.768","μmol/L","Humid","21.208","deg","90681","µV","28.743","°C","1025.000","hPa","36.0","pmil","0","55.700","deg","20.000","°C","100.000","%a.s.","22.210","deg","20.000","°C","971.000","hPa","0.826","-0.01532","0.000401","-0.00012","0","11.08","Humid","30.45","0","49.40","251677.34","SABD0002000012","AAV2.0.0.13","4.0.0.2323","PSt7-10","171027-008","9/15/2022 2:43:31 PM","0000-00","0","no battery","V","","µV","","µV"
"11/15/2022","17:55:11","7","default","171425599","OXY_CH7","34.914","min","185.782","μmol/L","Humid","21.205","deg","90677","µV","28.749","°C","1025.000","hPa","36.0","pmil","0","55.700","deg","20.000","°C","100.000","%a.s.","22.210","deg","20.000","°C","971.000","hPa","0.826","-0.01532","0.000401","-0.00012","0","11.08","Humid","30.45","0","49.40","251672.82","SABD0002000012","AAV2.0.0.13","4.0.0.2323","PSt7-10","171027-008","9/15/2022 2:43:31 PM","0000-00","0","no battery","V","","µV","","µV"
"11/15/2022","17:55:12","7","default","171425599","OXY_CH7","34.930","min","185.651","μmol/L","Humid","21.213","deg","90683","µV","28.749","°C","1025.000","hPa","36.0","pmil","0","55.700","deg","20.000","°C","100.000","%a.s.","22.210","deg","20.000","°C","971.000","hPa","0.826","-0.01532","0.000401","-0.00012","0","11.08","Humid","30.45","0","49.40","251664.06","SABD0002000012","AAV2.0.0.13","4.0.0.2323","PSt7-10","171027-008","9/15/2022 2:43:31 PM","0000-00","0","no battery","V","","µV","","µV"
"11/15/2022","17:55:13","7","default","171425599","OXY_CH7","34.947","min","185.752","μmol/L","Humid","21.209","deg","90685","µV","28.743","°C","1025.000","hPa","36.0","pmil","0","55.700","deg","20.000","°C","100.000","%a.s.","22.210","deg","20.000","°C","971.000","hPa","0.826","-0.01532","0.000401","-0.00012","0","11.08","Humid","30.45","0","49.40","251675.25","SABD0002000012","AAV2.0.0.13","4.0.0.2323","PSt7-10","171027-008","9/15/2022 2:43:31 PM","0000-00","0","no battery","V","","µV","","µV"
"11/15/2022","17:55:14","7","default","171425599","OXY_CH7","34.964","min","185.785","μmol/L","Humid","21.207","deg","90684","µV","28.743","°C","1025.000","hPa","36.0","pmil","0","55.700","deg","20.000","°C","100.000","%a.s.","22.210","deg","20.000","°C","971.000","hPa","0.826","-0.01532","0.000401","-0.00012","0","11.08","Humid","30.45","0","49.40","251673.43","SABD0002000012","AAV2.0.0.13","4.0.0.2323","PSt7-10","171027-008","9/15/2022 2:43:31 PM","0000-00","0","no battery","V","","µV","","µV"
"11/15/2022","17:55:15","7","default","171425599","OXY_CH7","34.980","min","185.869","μmol/L","Humid","21.204","deg","90694","µV","28.737","°C","1025.000","hPa","36.0","pmil","0","55.700","deg","20.000","°C","100.000","%a.s.","22.210","deg","20.000","°C","971.000","hPa","0.826","-0.01532","0.000401","-0.00012","0","11.08","Humid","30.45","0","49.40","251664.73","SABD0002000012","AAV2.0.0.13","4.0.0.2323","PSt7-10","171027-008","9/15/2022 2:43:31 PM","0000-00","0","no battery","V","","µV","","µV"
"11/15/2022","17:55:16","7","default","171425599","OXY_CH7","34.997","min","185.801","μmol/L","Humid","21.206","deg","90694","µV","28.743","°C","1025.000","hPa","36.0","pmil","0","55.700","deg","20.000","°C","100.000","%a.s.","22.210","deg","20.000","°C","971.000","hPa","0.826","-0.01532","0.000401","-0.00012","0","11.08","Humid","30.45","0","49.40","251675.67","SABD0002000012","AAV2.0.0.13","4.0.0.2323","PSt7-10","171027-008","9/15/2022 2:43:31 PM","0000-00","0","no battery","V","","µV","","µV"
"11/15/2022","17:55:17","7","default","171425599","OXY_CH7","35.014","min","185.752","μmol/L","Humid","21.209","deg","90696","µV","28.743","°C","1025.000","hPa","36.0","pmil","0","55.700","deg","20.000","°C","100.000","%a.s.","22.210","deg","20.000","°C","971.000","hPa","0.826","-0.01532","0.000401","-0.00012","0","11.08","Humid","30.45","0","49.40","251680.71","SABD0002000012","AAV2.0.0.13","4.0.0.2323","PSt7-10","171027-008","9/15/2022 2:43:31 PM","0000-00","0","no battery","V","","µV","","µV"
"11/15/2022","17:55:18","7","default","171425599","OXY_CH7","35.031","min","185.766","μmol/L","Humid","21.206","deg","90698","µV","28.749","°C","1025.000","hPa","36.0","pmil","0","55.700","deg","20.000","°C","100.000","%a.s.","22.210","deg","20.000","°C","971.000","hPa","0.826","-0.01532","0.000401","-0.00012","0","11.08","Humid","30.45","0","49.40","251682.35","SABD0002000012","AAV2.0.0.13","4.0.0.2323","PSt7-10","171027-008","9/15/2022 2:43:31 PM","0000-00","0","no battery","V","","µV","","µV"
"11/15/2022","17:55:19","7","default","171425599","OXY_CH7","35.047","min","185.752","μmol/L","Humid","21.209","deg","90697","µV","28.743","°C","1025.000","hPa","36.0","pmil","0","55.700","deg","20.000","°C","100.000","%a.s.","22.210","deg","20.000","°C","971.000","hPa","0.826","-0.01532","0.000401","-0.00012","0","11.08","Humid","30.45","0","49.40","251665.34","SABD0002000012","AAV2.0.0.13","4.0.0.2323","PSt7-10","171027-008","9/15/2022 2:43:31 PM","0000-00","0","no battery","V","","µV","","µV"
"11/15/2022","17:55:20","7","default","171425599","OXY_CH7","35.064","min","185.667","μmol/L","Humid","21.212","deg","90695","µV","28.749","°C","1025.000","hPa","36.0","pmil","0","55.700","deg","20.000","°C","100.000","%a.s.","22.210","deg","20.000","°C","971.000","hPa","0.826","-0.01532","0.000401","-0.00012","0","11.08","Humid","30.45","0","49.40","251670.65","SABD0002000012","AAV2.0.0.13","4.0.0.2323","PSt7-10","171027-008","9/15/2022 2:43:31 PM","0000-00","0","no battery","V","","µV","","µV"
"11/15/2022","17:55:21","7","default","171425599","OXY_CH7","35.081","min","185.684","μmol/L","Humid","21.211","deg","90700","µV","28.749","°C","1025.000","hPa","36.0","pmil","0","55.700","deg","20.000","°C","100.000","%a.s.","22.210","deg","20.000","°C","971.000","hPa","0.826","-0.01532","0.000401","-0.00012","0","11.08","Humid","30.45","0","49.40","251668.16","SABD0002000012","AAV2.0.0.13","4.0.0.2323","PSt7-10","171027-008","9/15/2022 2:43:31 PM","0000-00","0","no battery","V","","µV","","µV"
"11/15/2022","17:55:22","7","default","171425599","OXY_CH7","35.097","min","185.766","μmol/L","Humid","21.206","deg","90707","µV","28.749","°C","1025.000","hPa","36.0","pmil","0","55.700","deg","20.000","°C","100.000","%a.s.","22.210","deg","20.000","°C","971.000","hPa","0.826","-0.01532","0.000401","-0.00012","0","11.08","Humid","30.45","0","49.40","251678.93","SABD0002000012","AAV2.0.0.13","4.0.0.2323","PSt7-10","171027-008","9/15/2022 2:43:31 PM","0000-00","0","no battery","V","","µV","","µV"
"11/15/2022","17:55:23","7","default","171425599","OXY_CH7","35.114","min","185.766","μmol/L","Humid","21.206","deg","90694","µV","28.749","°C","1025.000","hPa","36.0","pmil","0","55.700","deg","20.000","°C","100.000","%a.s.","22.210","deg","20.000","°C","971.000","hPa","0.826","-0.01532","0.000401","-0.00012","0","11.08","Humid","30.45","0","49.40","251680.07","SABD0002000012","AAV2.0.0.13","4.0.0.2323","PSt7-10","171027-008","9/15/2022 2:43:31 PM","0000-00","0","no battery","V","","µV","","µV"
"11/15/2022","17:55:24","7","default","171425599","OXY_CH7","35.130","min","185.665","μmol/L","Humid","21.210","deg","90703","µV","28.755","°C","1025.000","hPa","36.0","pmil","0","55.700","deg","20.000","°C","100.000","%a.s.","22.210","deg","20.000","°C","971.000","hPa","0.826","-0.01532","0.000401","-0.00012","0","11.08","Humid","30.45","0","49.40","251670.38","SABD0002000012","AAV2.0.0.13","4.0.0.2323","PSt7-10","171027-008","9/15/2022 2:43:31 PM","0000-00","0","no battery","V","","µV","","µV"
"11/15/2022","17:55:25","7","default","171425599","OXY_CH7","35.147","min","185.799","μmol/L","Humid","21.204","deg","90709","µV","28.749","°C","1025.000","hPa","36.0","pmil","0","55.700","deg","20.000","°C","100.000","%a.s.","22.210","deg","20.000","°C","971.000","hPa","0.826","-0.01532","0.000401","-0.00012","0","11.08","Humid","30.45","0","49.40","251692.13","SABD0002000012","AAV2.0.0.13","4.0.0.2323","PSt7-10","171027-008","9/15/2022 2:43:31 PM","0000-00","0","no battery","V","","µV","","µV"
"11/15/2022","17:55:26","7","default","171425599","OXY_CH7","35.164","min","185.651","μmol/L","Humid","21.213","deg","90716","µV","28.749","°C","1025.000","hPa","36.0","pmil","0","55.700","deg","20.000","°C","100.000","%a.s.","22.210","deg","20.000","°C","971.000","hPa","0.826","-0.01532","0.000401","-0.00012","0","11.08","Humid","30.45","0","49.40","251683.38","SABD0002000012","AAV2.0.0.13","4.0.0.2323","PSt7-10","171027-008","9/15/2022 2:43:31 PM","0000-00","0","no battery","V","","µV","","µV"
"11/15/2022","17:55:27","7","default","171425599","OXY_CH7","35.181","min","185.686","μmol/L","Humid","21.213","deg","90711","µV","28.743","°C","1025.000","hPa","36.0","pmil","0","55.700","deg","20.000","°C","100.000","%a.s.","22.210","deg","20.000","°C","971.000","hPa","0.826","-0.01532","0.000401","-0.00012","0","11.08","Humid","30.45","0","49.40","251675.89","SABD0002000012","AAV2.0.0.13","4.0.0.2323","PSt7-10","171027-008","9/15/2022 2:43:31 PM","0000-00","0","no battery","V","","µV","","µV"
"11/15/2022","17:55:28","7","default","171425599","OXY_CH7","35.197","min","185.634","μmol/L","Humid","21.214","deg","90705","µV","28.749","°C","1025.000","hPa","36.0","pmil","0","55.700","deg","20.000","°C","100.000","%a.s.","22.210","deg","20.000","°C","971.000","hPa","0.826","-0.01532","0.000401","-0.00012","0","11.08","Humid","30.45","0","49.40","251676.92","SABD0002000012","AAV2.0.0.13","4.0.0.2323","PSt7-10","171027-008","9/15/2022 2:43:31 PM","0000-00","0","no battery","V","","µV","","µV"
"11/15/2022","17:55:29","7","default","171425599","OXY_CH7","35.214","min","185.684","μmol/L","Humid","21.211","deg","90709","µV","28.749","°C","1025.000","hPa","36.0","pmil","0","55.700","deg","20.000","°C","100.000","%a.s.","22.210","deg","20.000","°C","971.000","hPa","0.826","-0.01532","0.000401","-0.00012","0","11.08","Humid","30.45","0","49.40","251669.30","SABD0002000012","AAV2.0.0.13","4.0.0.2323","PSt7-10","171027-008","9/15/2022 2:43:31 PM","0000-00","0","no battery","V","","µV","","µV"
"11/15/2022","17:55:30","7","default","171425599","OXY_CH7","35.230","min","185.752","μmol/L","Humid","21.209","deg","90709","µV","28.743","°C","1025.000","hPa","36.0","pmil","0","55.700","deg","20.000","°C","100.000","%a.s.","22.210","deg","20.000","°C","971.000","hPa","0.826","-0.01532","0.000401","-0.00012","0","11.08","Humid","30.45","0","49.40","251682.22","SABD0002000012","AAV2.0.0.13","4.0.0.2323","PSt7-10","171027-008","9/15/2022 2:43:31 PM","0000-00","0","no battery","V","","µV","","µV"
"11/15/2022","17:55:31","7","default","171425599","OXY_CH7","35.247","min","185.620","μmol/L","Humid","21.217","deg","90724","µV","28.743","°C","1025.000","hPa","36.0","pmil","0","55.700","deg","20.000","°C","100.000","%a.s.","22.210","deg","20.000","°C","971.000","hPa","0.826","-0.01532","0.000401","-0.00012","0","11.08","Humid","30.45","0","49.40","251683.27","SABD0002000012","AAV2.0.0.13","4.0.0.2323","PSt7-10","171027-008","9/15/2022 2:43:31 PM","0000-00","0","no battery","V","","µV","","µV"
"11/15/2022","17:55:32","7","default","171425599","OXY_CH7","35.264","min","185.653","μmol/L","Humid","21.215","deg","90716","µV","28.743","°C","1025.000","hPa","36.0","pmil","0","55.700","deg","20.000","°C","100.000","%a.s.","22.210","deg","20.000","°C","971.000","hPa","0.826","-0.01532","0.000401","-0.00012","0","11.08","Humid","30.45","0","49.40","251670.45","SABD0002000012","AAV2.0.0.13","4.0.0.2323","PSt7-10","171027-008","9/15/2022 2:43:31 PM","0000-00","0","no battery","V","","µV","","µV"
"11/15/2022","17:55:33","7","default","171425599","OXY_CH7","35.280","min","185.702","μmol/L","Humid","21.212","deg","90715","µV","28.743","°C","1025.000","hPa","36.0","pmil","0","55.700","deg","20.000","°C","100.000","%a.s.","22.210","deg","20.000","°C","971.000","hPa","0.826","-0.01532","0.000401","-0.00012","0","11.08","Humid","30.45","0","49.40","251660.88","SABD0002000012","AAV2.0.0.13","4.0.0.2323","PSt7-10","171027-008","9/15/2022 2:43:31 PM","0000-00","0","no battery","V","","µV","","µV"
"11/15/2022","17:55:34","7","default","171425599","OXY_CH7","35.297","min","185.634","μmol/L","Humid","21.214","deg","90722","µV","28.749","°C","1025.000","hPa","36.0","pmil","0","55.700","deg","20.000","°C","100.000","%a.s.","22.210","deg","20.000","°C","971.000","hPa","0.826","-0.01532","0.000401","-0.00012","0","11.08","Humid","30.45","0","49.40","251662.90","SABD0002000012","AAV2.0.0.13","4.0.0.2323","PSt7-10","171027-008","9/15/2022 2:43:31 PM","0000-00","0","no battery","V","","µV","","µV"
"11/15/2022","17:55:35","7","default","171425599","OXY_CH7","35.314","min","185.752","μmol/L","Humid","21.209","deg","90719","µV","28.743","°C","1025.000","hPa","36.0","pmil","0","55.700","deg","20.000","°C","100.000","%a.s.","22.210","deg","20.000","°C","971.000","hPa","0.826","-0.01532","0.000401","-0.00012","0","11.08","Humid","30.45","0","49.40","251658.96","SABD0002000012","AAV2.0.0.13","4.0.0.2323","PSt7-10","171027-008","9/15/2022 2:43:31 PM","0000-00","0","no battery","V","","µV","","µV"
"11/15/2022","17:55:36","7","default","171425599","OXY_CH7","35.331","min","185.669","μmol/L","Humid","21.214","deg","90717","µV","28.743","°C","1025.000","hPa","36.0","pmil","0","55.700","deg","20.000","°C","100.000","%a.s.","22.210","deg","20.000","°C","971.000","hPa","0.826","-0.01532","0.000401","-0.00012","0","11.08","Humid","30.45","0","49.40","251653.15","SABD0002000012","AAV2.0.0.13","4.0.0.2323","PSt7-10","171027-008","9/15/2022 2:43:31 PM","0000-00","0","no battery","V","","µV","","µV"
"11/15/2022","17:55:37","7","default","171425599","OXY_CH7","35.347","min","185.704","μmol/L","Humid","21.214","deg","90726","µV","28.737","°C","1025.000","hPa","36.0","pmil","0","55.700","deg","20.000","°C","100.000","%a.s.","22.210","deg","20.000","°C","971.000","hPa","0.826","-0.01532","0.000401","-0.00012","0","11.08","Humid","30.45","0","49.40","251663.25","SABD0002000012","AAV2.0.0.13","4.0.0.2323","PSt7-10","171027-008","9/15/2022 2:43:31 PM","0000-00","0","no battery","V","","µV","","µV"
"11/15/2022","17:55:38","7","default","171425599","OXY_CH7","35.364","min","185.618","μmol/L","Humid","21.215","deg","90724","µV","28.749","°C","1025.000","hPa","36.0","pmil","0","55.700","deg","20.000","°C","100.000","%a.s.","22.210","deg","20.000","°C","971.000","hPa","0.826","-0.01532","0.000401","-0.00012","0","11.08","Humid","30.45","0","49.40","251659.12","SABD0002000012","AAV2.0.0.13","4.0.0.2323","PSt7-10","171027-008","9/15/2022 2:43:31 PM","0000-00","0","no battery","V","","µV","","µV"
"11/15/2022","17:55:39","7","default","171425599","OXY_CH7","35.381","min","185.653","μmol/L","Humid","21.215","deg","90727","µV","28.743","°C","1025.000","hPa","36.0","pmil","0","55.700","deg","20.000","°C","100.000","%a.s.","22.210","deg","20.000","°C","971.000","hPa","0.826","-0.01532","0.000401","-0.00012","0","11.08","Humid","30.45","0","49.40","251656.59","SABD0002000012","AAV2.0.0.13","4.0.0.2323","PSt7-10","171027-008","9/15/2022 2:43:31 PM","0000-00","0","no battery","V","","µV","","µV"
"11/15/2022","17:55:40","7","default","171425599","OXY_CH7","35.397","min","185.618","μmol/L","Humid","21.215","deg","90725","µV","28.749","°C","1025.000","hPa","36.0","pmil","0","55.700","deg","20.000","°C","100.000","%a.s.","22.210","deg","20.000","°C","971.000","hPa","0.826","-0.01532","0.000401","-0.00012","0","11.08","Humid","30.45","0","49.40","251654.05","SABD0002000012","AAV2.0.0.13","4.0.0.2323","PSt7-10","171027-008","9/15/2022 2:43:31 PM","0000-00","0","no battery","V","","µV","","µV"
"11/15/2022","17:55:41","7","default","171425599","OXY_CH7","35.414","min","185.719","μmol/L","Humid","21.211","deg","90732","µV","28.743","°C","1025.000","hPa","36.0","pmil","0","55.700","deg","20.000","°C","100.000","%a.s.","22.210","deg","20.000","°C","971.000","hPa","0.826","-0.01532","0.000401","-0.00012","0","11.08","Humid","30.45","0","49.40","251662.31","SABD0002000012","AAV2.0.0.13","4.0.0.2323","PSt7-10","171027-008","9/15/2022 2:43:31 PM","0000-00","0","no battery","V","","µV","","µV"
"11/15/2022","17:55:42","7","default","171425599","OXY_CH7","35.430","min","185.737","μmol/L","Humid","21.212","deg","90730","µV","28.737","°C","1025.000","hPa","36.0","pmil","0","55.700","deg","20.000","°C","100.000","%a.s.","22.210","deg","20.000","°C","971.000","hPa","0.826","-0.01532","0.000401","-0.00012","0","11.08","Humid","30.45","0","49.40","251655.06","SABD0002000012","AAV2.0.0.13","4.0.0.2323","PSt7-10","171027-008","9/15/2022 2:43:31 PM","0000-00","0","no battery","V","","µV","","µV"
"11/15/2022","17:55:43","7","default","171425599","OXY_CH7","35.447","min","185.702","μmol/L","Humid","21.212","deg","90738","µV","28.743","°C","1025.000","hPa","36.0","pmil","0","55.700","deg","20.000","°C","100.000","%a.s.","22.210","deg","20.000","°C","971.000","hPa","0.826","-0.01532","0.000401","-0.00012","0","11.08","Humid","30.45","0","49.40","251658.26","SABD0002000012","AAV2.0.0.13","4.0.0.2323","PSt7-10","171027-008","9/15/2022 2:43:31 PM","0000-00","0","no battery","V","","µV","","µV"
"11/15/2022","17:55:44","7","default","171425599","OXY_CH7","35.464","min","185.686","μmol/L","Humid","21.213","deg","90740","µV","28.743","°C","1025.000","hPa","36.0","pmil","0","55.700","deg","20.000","°C","100.000","%a.s.","22.210","deg","20.000","°C","971.000","hPa","0.826","-0.01532","0.000401","-0.00012","0","11.08","Humid","30.45","0","49.40","251664.67","SABD0002000012","AAV2.0.0.13","4.0.0.2323","PSt7-10","171027-008","9/15/2022 2:43:31 PM","0000-00","0","no battery","V","","µV","","µV"
"11/15/2022","17:55:45","7","default","171425599","OXY_CH7","35.481","min","185.669","μmol/L","Humid","21.214","deg","90734","µV","28.743","°C","1025.000","hPa","36.0","pmil","0","55.700","deg","20.000","°C","100.000","%a.s.","22.210","deg","20.000","°C","971.000","hPa","0.826","-0.01532","0.000401","-0.00012","0","11.08","Humid","30.45","0","49.40","251668.64","SABD0002000012","AAV2.0.0.13","4.0.0.2323","PSt7-10","171027-008","9/15/2022 2:43:31 PM","0000-00","0","no battery","V","","µV","","µV"
"11/15/2022","17:55:46","7","default","171425599","OXY_CH7","35.497","min","185.700","μmol/L","Humid","21.210","deg","90732","µV","28.749","°C","1025.000","hPa","36.0","pmil","0","55.700","deg","20.000","°C","100.000","%a.s.","22.210","deg","20.000","°C","971.000","hPa","0.826","-0.01532","0.000401","-0.00012","0","11.08","Humid","30.45","0","49.40","251658.87","SABD0002000012","AAV2.0.0.13","4.0.0.2323","PSt7-10","171027-008","9/15/2022 2:43:31 PM","0000-00","0","no battery","V","","µV","","µV"
"11/15/2022","17:55:47","7","default","171425599","OXY_CH7","35.514","min","185.634","μmol/L","Humid","21.214","deg","90743","µV","28.749","°C","1025.000","hPa","36.0","pmil","0","55.700","deg","20.000","°C","100.000","%a.s.","22.210","deg","20.000","°C","971.000","hPa","0.826","-0.01532","0.000401","-0.00012","0","11.08","Humid","30.45","0","49.40","251653.46","SABD0002000012","AAV2.0.0.13","4.0.0.2323","PSt7-10","171027-008","9/15/2022 2:43:31 PM","0000-00","0","no battery","V","","µV","","µV"
"11/15/2022","17:55:48","7","default","171425599","OXY_CH7","35.531","min","185.634","μmol/L","Humid","21.214","deg","90743","µV","28.749","°C","1025.000","hPa","36.0","pmil","0","55.700","deg","20.000","°C","100.000","%a.s.","22.210","deg","20.000","°C","971.000","hPa","0.826","-0.01532","0.000401","-0.00012","0","11.08","Humid","30.45","0","49.40","251668.12","SABD0002000012","AAV2.0.0.13","4.0.0.2323","PSt7-10","171027-008","9/15/2022 2:43:31 PM","0000-00","0","no battery","V","","µV","","µV"
"11/15/2022","17:55:49","7","default","171425599","OXY_CH7","35.547","min","185.653","μmol/L","Humid","21.215","deg","90746","µV","28.743","°C","1025.000","hPa","36.0","pmil","0","55.700","deg","20.000","°C","100.000","%a.s.","22.210","deg","20.000","°C","971.000","hPa","0.826","-0.01532","0.000401","-0.00012","0","11.08","Humid","30.45","0","49.40","251653.02","SABD0002000012","AAV2.0.0.13","4.0.0.2323","PSt7-10","171027-008","9/15/2022 2:43:31 PM","0000-00","0","no battery","V","","µV","","µV"
"11/15/2022","17:55:50","7","default","171425599","OXY_CH7","35.563","min","185.636","μmol/L","Humid","21.216","deg","90742","µV","28.743","°C","1025.000","hPa","36.0","pmil","0","55.700","deg","20.000","°C","100.000","%a.s.","22.210","deg","20.000","°C","971.000","hPa","0.826","-0.01532","0.000401","-0.00012","0","11.08","Humid","30.45","0","49.40","251650.46","SABD0002000012","AAV2.0.0.13","4.0.0.2323","PSt7-10","171027-008","9/15/2022 2:43:31 PM","0000-00","0","no battery","V","","µV","","µV"
"11/15/2022","17:55:51","7","default","171425599","OXY_CH7","35.580","min","185.671","μmol/L","Humid","21.216","deg","90743","µV","28.737","°C","1025.000","hPa","36.0","pmil","0","55.700","deg","20.000","°C","100.000","%a.s.","22.210","deg","20.000","°C","971.000","hPa","0.826","-0.01532","0.000401","-0.00012","0","11.08","Humid","30.45","0","49.40","251652.90","SABD0002000012","AAV2.0.0.13","4.0.0.2323","PSt7-10","171027-008","9/15/2022 2:43:31 PM","0000-00","0","no battery","V","","µV","","µV"
"11/15/2022","17:55:52","7","default","171425599","OXY_CH7","35.597","min","185.669","μmol/L","Humid","21.214","deg","90748","µV","28.743","°C","1025.000","hPa","36.0","pmil","0","55.700","deg","20.000","°C","100.000","%a.s.","22.210","deg","20.000","°C","971.000","hPa","0.826","-0.01532","0.000401","-0.00012","0","11.08","Humid","30.45","0","49.40","251658.25","SABD0002000012","AAV2.0.0.13","4.0.0.2323","PSt7-10","171027-008","9/15/2022 2:43:31 PM","0000-00","0","no battery","V","","µV","","µV"
"11/15/2022","17:55:53","7","default","171425599","OXY_CH7","35.614","min","185.601","μmol/L","Humid","21.216","deg","90749","µV","28.749","°C","1025.000","hPa","36.0","pmil","0","55.700","deg","20.000","°C","100.000","%a.s.","22.210","deg","20.000","°C","971.000","hPa","0.826","-0.01532","0.000401","-0.00012","0","11.08","Humid","30.45","0","49.40","251646.86","SABD0002000012","AAV2.0.0.13","4.0.0.2323","PSt7-10","171027-008","9/15/2022 2:43:31 PM","0000-00","0","no battery","V","","µV","","µV"
"11/15/2022","17:55:54","7","default","171425599","OXY_CH7","35.631","min","185.754","μmol/L","Humid","21.211","deg","90748","µV","28.737","°C","1025.000","hPa","36.0","pmil","0","55.700","deg","20.000","°C","100.000","%a.s.","22.210","deg","20.000","°C","971.000","hPa","0.826","-0.01532","0.000401","-0.00012","0","11.08","Humid","30.45","0","49.40","251651.14","SABD0002000012","AAV2.0.0.13","4.0.0.2323","PSt7-10","171027-008","9/15/2022 2:43:31 PM","0000-00","0","no battery","V","","µV","","µV"
"11/15/2022","17:55:55","7","default","171425599","OXY_CH7","35.647","min","185.636","μmol/L","Humid","21.216","deg","90752","µV","28.743","°C","1025.000","hPa","36.0","pmil","0","55.700","deg","20.000","°C","100.000","%a.s.","22.210","deg","20.000","°C","971.000","hPa","0.826","-0.01532","0.000401","-0.00012","0","11.08","Humid","30.45","0","49.40","251646.71","SABD0002000012","AAV2.0.0.13","4.0.0.2323","PSt7-10","171027-008","9/15/2022 2:43:31 PM","0000-00","0","no battery","V","","µV","","µV"
"11/15/2022","17:55:56","7","default","171425599","OXY_CH7","35.664","min","185.653","μmol/L","Humid","21.215","deg","90756","µV","28.743","°C","1025.000","hPa","36.0","pmil","0","55.700","deg","20.000","°C","100.000","%a.s.","22.210","deg","20.000","°C","971.000","hPa","0.826","-0.01532","0.000401","-0.00012","0","11.08","Humid","30.45","0","49.40","251641.85","SABD0002000012","AAV2.0.0.13","4.0.0.2323","PSt7-10","171027-008","9/15/2022 2:43:31 PM","0000-00","0","no battery","V","","µV","","µV"
"11/15/2022","17:55:57","7","default","171425599","OXY_CH7","35.681","min","185.569","μmol/L","Humid","21.218","deg","90755","µV","28.749","°C","1025.000","hPa","36.0","pmil","0","55.700","deg","20.000","°C","100.000","%a.s.","22.210","deg","20.000","°C","971.000","hPa","0.826","-0.01532","0.000401","-0.00012","0","11.08","Humid","30.45","0","49.40","251646.73","SABD0002000012","AAV2.0.0.13","4.0.0.2323","PSt7-10","171027-008","9/15/2022 2:43:31 PM","0000-00","0","no battery","V","","µV","","µV"
"11/15/2022","17:55:58","7","default","171425599","OXY_CH7","35.697","min","185.639","μmol/L","Humid","21.218","deg","90756","µV","28.737","°C","1025.000","hPa","36.0","pmil","0","55.700","deg","20.000","°C","100.000","%a.s.","22.210","deg","20.000","°C","971.000","hPa","0.826","-0.01532","0.000401","-0.00012","0","11.08","Humid","30.45","0","49.40","251650.15","SABD0002000012","AAV2.0.0.13","4.0.0.2323","PSt7-10","171027-008","9/15/2022 2:43:31 PM","0000-00","0","no battery","V","","µV","","µV"
"11/15/2022","17:55:59","7","default","171425599","OXY_CH7","35.713","min","185.653","μmol/L","Humid","21.215","deg","90755","µV","28.743","°C","1025.000","hPa","36.0","pmil","0","55.700","deg","20.000","°C","100.000","%a.s.","22.210","deg","20.000","°C","971.000","hPa","0.826","-0.01532","0.000401","-0.00012","0","11.08","Humid","30.45","0","49.40","251650.52","SABD0002000012","AAV2.0.0.13","4.0.0.2323","PSt7-10","171027-008","9/15/2022 2:43:31 PM","0000-00","0","no battery","V","","µV","","µV"
"11/15/2022","17:56:00","7","default","171425599","OXY_CH7","35.730","min","185.601","μmol/L","Humid","21.216","deg","90762","µV","28.749","°C","1025.000","hPa","36.0","pmil","0","55.700","deg","20.000","°C","100.000","%a.s.","22.210","deg","20.000","°C","971.000","hPa","0.826","-0.01532","0.000401","-0.00012","0","11.08","Humid","30.45","0","49.40","251654.15","SABD0002000012","AAV2.0.0.13","4.0.0.2323","PSt7-10","171027-008","9/15/2022 2:43:31 PM","0000-00","0","no battery","V","","µV","","µV"
"11/15/2022","17:56:01","7","default","171425599","OXY_CH7","35.747","min","185.566","μmol/L","Humid","21.216","deg","90759","µV","28.755","°C","1025.000","hPa","36.0","pmil","0","55.700","deg","20.000","°C","100.000","%a.s.","22.210","deg","20.000","°C","971.000","hPa","0.826","-0.01532","0.000401","-0.00012","0","11.08","Humid","30.45","0","49.40","251644.22","SABD0002000012","AAV2.0.0.13","4.0.0.2323","PSt7-10","171027-008","9/15/2022 2:43:31 PM","0000-00","0","no battery","V","","µV","","µV"
"11/15/2022","17:56:02","7","default","171425599","OXY_CH7","35.764","min","185.719","μmol/L","Humid","21.211","deg","90769","µV","28.743","°C","1025.000","hPa","36.0","pmil","0","55.700","deg","20.000","°C","100.000","%a.s.","22.210","deg","20.000","°C","971.000","hPa","0.826","-0.01532","0.000401","-0.00012","0","11.08","Humid","30.45","0","49.40","251643.57","SABD0002000012","AAV2.0.0.13","4.0.0.2323","PSt7-10","171027-008","9/15/2022 2:43:31 PM","0000-00","0","no battery","V","","µV","","µV"
"11/15/2022","17:56:03","7","default","171425599","OXY_CH7","35.781","min","185.669","μmol/L","Humid","21.214","deg","90756","µV","28.743","°C","1025.000","hPa","36.0","pmil","0","55.700","deg","20.000","°C","100.000","%a.s.","22.210","deg","20.000","°C","971.000","hPa","0.826","-0.01532","0.000401","-0.00012","0","11.08","Humid","30.45","0","49.40","251640.16","SABD0002000012","AAV2.0.0.13","4.0.0.2323","PSt7-10","171027-008","9/15/2022 2:43:31 PM","0000-00","0","no battery","V","","µV","","µV"
"11/15/2022","17:56:04","7","default","171425599","OXY_CH7","35.797","min","185.569","μmol/L","Humid","21.218","deg","90763","µV","28.749","°C","1025.000","hPa","36.0","pmil","0","55.700","deg","20.000","°C","100.000","%a.s.","22.210","deg","20.000","°C","971.000","hPa","0.826","-0.01532","0.000401","-0.00012","0","11.08","Humid","30.45","0","49.40","251644.18","SABD0002000012","AAV2.0.0.13","4.0.0.2323","PSt7-10","171027-008","9/15/2022 2:43:31 PM","0000-00","0","no battery","V","","µV","","µV"
"11/15/2022","17:56:05","7","default","171425599","OXY_CH7","35.814","min","185.604","μmol/L","Humid","21.218","deg","90769","µV","28.743","°C","1025.000","hPa","36.0","pmil","0","55.700","deg","20.000","°C","100.000","%a.s.","22.210","deg","20.000","°C","971.000","hPa","0.826","-0.01532","0.000401","-0.00012","0","11.08","Humid","30.45","0","49.40","251651.53","SABD0002000012","AAV2.0.0.13","4.0.0.2323","PSt7-10","171027-008","9/15/2022 2:43:31 PM","0000-00","0","no battery","V","","µV","","µV"
"11/15/2022","17:56:06","7","default","171425599","OXY_CH7","35.830","min","185.585","μmol/L","Humid","21.217","deg","90773","µV","28.749","°C","1025.000","hPa","36.0","pmil","0","55.700","deg","20.000","°C","100.000","%a.s.","22.210","deg","20.000","°C","971.000","hPa","0.826","-0.01532","0.000401","-0.00012","0","11.08","Humid","30.45","0","49.40","251644.87","SABD0002000012","AAV2.0.0.13","4.0.0.2323","PSt7-10","171027-008","9/15/2022 2:43:31 PM","0000-00","0","no battery","V","","µV","","µV"
"11/15/2022","17:56:07","7","default","171425599","OXY_CH7","35.847","min","185.604","μmol/L","Humid","21.218","deg","90768","µV","28.743","°C","1025.000","hPa","36.0","pmil","0","55.700","deg","20.000","°C","100.000","%a.s.","22.210","deg","20.000","°C","971.000","hPa","0.826","-0.01532","0.000401","-0.00012","0","11.08","Humid","30.45","0","49.40","251640.43","SABD0002000012","AAV2.0.0.13","4.0.0.2323","PSt7-10","171027-008","9/15/2022 2:43:31 PM","0000-00","0","no battery","V","","µV","","µV"
"11/15/2022","17:56:08","7","default","171425599","OXY_CH7","35.864","min","185.618","μmol/L","Humid","21.215","deg","90774","µV","28.749","°C","1025.000","hPa","36.0","pmil","0","55.700","deg","20.000","°C","100.000","%a.s.","22.210","deg","20.000","°C","971.000","hPa","0.826","-0.01532","0.000401","-0.00012","0","11.08","Humid","30.45","0","49.40","251640.41","SABD0002000012","AAV2.0.0.13","4.0.0.2323","PSt7-10","171027-008","9/15/2022 2:43:31 PM","0000-00","0","no battery","V","","µV","","µV"
"11/15/2022","17:56:09","7","default","171425599","OXY_CH7","35.880","min","185.571","μmol/L","Humid","21.220","deg","90779","µV","28.743","°C","1025.000","hPa","36.0","pmil","0","55.700","deg","20.000","°C","100.000","%a.s.","22.210","deg","20.000","°C","971.000","hPa","0.826","-0.01532","0.000401","-0.00012","0","11.08","Humid","30.45","0","49.40","251638.15","SABD0002000012","AAV2.0.0.13","4.0.0.2323","PSt7-10","171027-008","9/15/2022 2:43:31 PM","0000-00","0","no battery","V","","µV","","µV"
"11/15/2022","17:56:10","7","default","171425599","OXY_CH7","35.897","min","185.671","μmol/L","Humid","21.216","deg","90776","µV","28.737","°C","1025.000","hPa","36.0","pmil","0","55.700","deg","20.000","°C","100.000","%a.s.","22.210","deg","20.000","°C","971.000","hPa","0.826","-0.01532","0.000401","-0.00012","0","11.08","Humid","30.45","0","49.40","251637.63","SABD0002000012","AAV2.0.0.13","4.0.0.2323","PSt7-10","171027-008","9/15/2022 2:43:31 PM","0000-00","0","no battery","V","","µV","","µV"
"11/15/2022","17:56:11","7","default","171425599","OXY_CH7","35.914","min","185.669","μmol/L","Humid","21.214","deg","90779","µV","28.743","°C","1025.000","hPa","36.0","pmil","0","55.700","deg","20.000","°C","100.000","%a.s.","22.210","deg","20.000","°C","971.000","hPa","0.826","-0.01532","0.000401","-0.00012","0","11.08","Humid","30.45","0","49.40","251633.31","SABD0002000012","AAV2.0.0.13","4.0.0.2323","PSt7-10","171027-008","9/15/2022 2:43:31 PM","0000-00","0","no battery","V","","µV","","µV"
"11/15/2022","17:56:12","7","default","171425599","OXY_CH7","35.931","min","185.552","μmol/L","Humid","21.219","deg","90781","µV","28.749","°C","1025.000","hPa","36.0","pmil","0","55.700","deg","20.000","°C","100.000","%a.s.","22.210","deg","20.000","°C","971.000","hPa","0.826","-0.01532","0.000401","-0.00012","0","11.08","Humid","30.45","0","49.40","251630.60","SABD0002000012","AAV2.0.0.13","4.0.0.2323","PSt7-10","171027-008","9/15/2022 2:43:31 PM","0000-00","0","no battery","V","","µV","","µV"
"11/15/2022","17:56:13","7","default","171425599","OXY_CH7","35.947","min","185.587","μmol/L","Humid","21.219","deg","90778","µV","28.743","°C","1025.000","hPa","36.0","pmil","0","55.700","deg","20.000","°C","100.000","%a.s.","22.210","deg","20.000","°C","971.000","hPa","0.826","-0.01532","0.000401","-0.00012","0","11.08","Humid","30.45","0","49.40","251636.54","SABD0002000012","AAV2.0.0.13","4.0.0.2323","PSt7-10","171027-008","9/15/2022 2:43:31 PM","0000-00","0","no battery","V","","µV","","µV"
"11/15/2022","17:56:14","7","default","171425599","OXY_CH7","35.964","min","185.536","μmol/L","Humid","21.220","deg","90785","µV","28.749","°C","1025.000","hPa","36.0","pmil","0","55.700","deg","20.000","°C","100.000","%a.s.","22.210","deg","20.000","°C","971.000","hPa","0.826","-0.01532","0.000401","-0.00012","0","11.08","Humid","30.45","0","49.40","251633.89","SABD0002000012","AAV2.0.0.13","4.0.0.2323","PSt7-10","171027-008","9/15/2022 2:43:31 PM","0000-00","0","no battery","V","","µV","","µV"
"11/15/2022","17:56:15","7","default","171425599","OXY_CH7","35.980","min","185.589","μmol/L","Humid","21.221","deg","90786","µV","28.737","°C","1025.000","hPa","36.0","pmil","0","55.700","deg","20.000","°C","100.000","%a.s.","22.210","deg","20.000","°C","971.000","hPa","0.826","-0.01532","0.000401","-0.00012","0","11.08","Humid","30.45","0","49.40","251635.43","SABD0002000012","AAV2.0.0.13","4.0.0.2323","PSt7-10","171027-008","9/15/2022 2:43:31 PM","0000-00","0","no battery","V","","µV","","µV"
"11/15/2022","17:56:16","7","default","171425599","OXY_CH7","35.997","min","185.606","μmol/L","Humid","21.220","deg","90787","µV","28.737","°C","1025.000","hPa","36.0","pmil","0","55.700","deg","20.000","°C","100.000","%a.s.","22.210","deg","20.000","°C","971.000","hPa","0.826","-0.01532","0.000401","-0.00012","0","11.08","Humid","30.45","0","49.40","251642.49","SABD0002000012","AAV2.0.0.13","4.0.0.2323","PSt7-10","171027-008","9/15/2022 2:43:31 PM","0000-00","0","no battery","V","","µV","","µV"
"11/15/2022","17:56:17","7","default","171425599","OXY_CH7","36.013","min","185.556","μmol/L","Humid","21.223","deg","90786","µV","28.737","°C","1025.000","hPa","36.0","pmil","0","55.700","deg","20.000","°C","100.000","%a.s.","22.210","deg","20.000","°C","971.000","hPa","0.826","-0.01532","0.000401","-0.00012","0","11.08","Humid","30.45","0","49.40","251634.87","SABD0002000012","AAV2.0.0.13","4.0.0.2323","PSt7-10","171027-008","9/15/2022 2:43:31 PM","0000-00","0","no battery","V","","µV","","µV"
"11/15/2022","17:56:18","7","default","171425599","OXY_CH7","36.030","min","185.606","μmol/L","Humid","21.220","deg","90792","µV","28.737","°C","1025.000","hPa","36.0","pmil","0","55.700","deg","20.000","°C","100.000","%a.s.","22.210","deg","20.000","°C","971.000","hPa","0.826","-0.01532","0.000401","-0.00012","0","11.08","Humid","30.45","0","49.40","251635.91","SABD0002000012","AAV2.0.0.13","4.0.0.2323","PSt7-10","171027-008","9/15/2022 2:43:31 PM","0000-00","0","no battery","V","","µV","","µV"
"11/15/2022","17:56:19","7","default","171425599","OXY_CH7","36.047","min","185.554","μmol/L","Humid","21.221","deg","90794","µV","28.743","°C","1025.000","hPa","36.0","pmil","0","55.700","deg","20.000","°C","100.000","%a.s.","22.210","deg","20.000","°C","971.000","hPa","0.826","-0.01532","0.000401","-0.00012","0","11.08","Humid","30.45","0","49.40","251639.52","SABD0002000012","AAV2.0.0.13","4.0.0.2323","PSt7-10","171027-008","9/15/2022 2:43:31 PM","0000-00","0","no battery","V","","µV","","µV"
"11/15/2022","17:56:20","7","default","171425599","OXY_CH7","36.064","min","185.523","μmol/L","Humid","21.225","deg","90803","µV","28.737","°C","1025.000","hPa","36.0","pmil","0","55.700","deg","20.000","°C","100.000","%a.s.","22.210","deg","20.000","°C","971.000","hPa","0.826","-0.01532","0.000401","-0.00012","0","11.08","Humid","30.45","0","49.40","251633.56","SABD0002000012","AAV2.0.0.13","4.0.0.2323","PSt7-10","171027-008","9/15/2022 2:43:31 PM","0000-00","0","no battery","V","","µV","","µV"
"11/15/2022","17:56:21","7","default","171425599","OXY_CH7","36.081","min","185.556","μmol/L","Humid","21.223","deg","90801","µV","28.737","°C","1025.000","hPa","36.0","pmil","0","55.700","deg","20.000","°C","100.000","%a.s.","22.210","deg","20.000","°C","971.000","hPa","0.826","-0.01532","0.000401","-0.00012","0","11.08","Humid","30.45","0","49.40","251638.18","SABD0002000012","AAV2.0.0.13","4.0.0.2323","PSt7-10","171027-008","9/15/2022 2:43:31 PM","0000-00","0","no battery","V","","µV","","µV"
"11/15/2022","17:56:22","7","default","171425599","OXY_CH7","36.097","min","185.554","μmol/L","Humid","21.221","deg","90798","µV","28.743","°C","1025.000","hPa","36.0","pmil","0","55.700","deg","20.000","°C","100.000","%a.s.","22.210","deg","20.000","°C","971.000","hPa","0.826","-0.01532","0.000401","-0.00012","0","11.08","Humid","30.45","0","49.40","251645.98","SABD0002000012","AAV2.0.0.13","4.0.0.2323","PSt7-10","171027-008","9/15/2022 2:43:31 PM","0000-00","0","no battery","V","","µV","","µV"
"11/15/2022","17:56:23","7","default","171425599","OXY_CH7","36.114","min","185.503","μmol/L","Humid","21.222","deg","90812","µV","28.749","°C","1025.000","hPa","36.0","pmil","0","55.700","deg","20.000","°C","100.000","%a.s.","22.210","deg","20.000","°C","971.000","hPa","0.826","-0.01532","0.000401","-0.00012","0","11.08","Humid","30.45","0","49.40","251644.89","SABD0002000012","AAV2.0.0.13","4.0.0.2323","PSt7-10","171027-008","9/15/2022 2:43:31 PM","0000-00","0","no battery","V","","µV","","µV"
"11/15/2022","17:56:24","7","default","171425599","OXY_CH7","36.130","min","185.554","μmol/L","Humid","21.221","deg","90809","µV","28.743","°C","1025.000","hPa","36.0","pmil","0","55.700","deg","20.000","°C","100.000","%a.s.","22.210","deg","20.000","°C","971.000","hPa","0.826","-0.01532","0.000401","-0.00012","0","11.08","Humid","30.45","0","49.40","251641.76","SABD0002000012","AAV2.0.0.13","4.0.0.2323","PSt7-10","171027-008","9/15/2022 2:43:31 PM","0000-00","0","no battery","V","","µV","","µV"
"11/15/2022","17:56:25","7","default","171425599","OXY_CH7","36.147","min","185.523","μmol/L","Humid","21.225","deg","90806","µV","28.737","°C","1025.000","hPa","36.0","pmil","0","55.700","deg","20.000","°C","100.000","%a.s.","22.210","deg","20.000","°C","971.000","hPa","0.826","-0.01532","0.000401","-0.00012","0","11.08","Humid","30.45","0","49.40","251652.73","SABD0002000012","AAV2.0.0.13","4.0.0.2323","PSt7-10","171027-008","9/15/2022 2:43:31 PM","0000-00","0","no battery","V","","µV","","µV"
"11/15/2022","17:56:26","7","default","171425599","OXY_CH7","36.164","min","185.556","μmol/L","Humid","21.223","deg","90821","µV","28.737","°C","1025.000","hPa","36.0","pmil","0","55.700","deg","20.000","°C","100.000","%a.s.","22.210","deg","20.000","°C","971.000","hPa","0.826","-0.01532","0.000401","-0.00012","0","11.08","Humid","30.45","0","49.40","251656.68","SABD0002000012","AAV2.0.0.13","4.0.0.2323","PSt7-10","171027-008","9/15/2022 2:43:31 PM","0000-00","0","no battery","V","","µV","","µV"
"11/15/2022","17:56:27","7","default","171425599","OXY_CH7","36.180","min","185.538","μmol/L","Humid","21.222","deg","90809","µV","28.743","°C","1025.000","hPa","36.0","pmil","0","55.700","deg","20.000","°C","100.000","%a.s.","22.210","deg","20.000","°C","971.000","hPa","0.826","-0.01532","0.000401","-0.00012","0","11.08","Humid","30.45","0","49.40","251640.43","SABD0002000012","AAV2.0.0.13","4.0.0.2323","PSt7-10","171027-008","9/15/2022 2:43:31 PM","0000-00","0","no battery","V","","µV","","µV"
"11/15/2022","17:56:28","7","default","171425599","OXY_CH7","36.197","min","185.523","μmol/L","Humid","21.225","deg","90812","µV","28.737","°C","1025.000","hPa","36.0","pmil","0","55.700","deg","20.000","°C","100.000","%a.s.","22.210","deg","20.000","°C","971.000","hPa","0.826","-0.01532","0.000401","-0.00012","0","11.08","Humid","30.45","0","49.40","251641.65","SABD0002000012","AAV2.0.0.13","4.0.0.2323","PSt7-10","171027-008","9/15/2022 2:43:31 PM","0000-00","0","no battery","V","","µV","","µV"
"11/15/2022","17:56:29","7","default","171425599","OXY_CH7","36.214","min","185.556","μmol/L","Humid","21.223","deg","90816","µV","28.737","°C","1025.000","hPa","36.0","pmil","0","55.700","deg","20.000","°C","100.000","%a.s.","22.210","deg","20.000","°C","971.000","hPa","0.826","-0.01532","0.000401","-0.00012","0","11.08","Humid","30.45","0","49.40","251641.96","SABD0002000012","AAV2.0.0.13","4.0.0.2323","PSt7-10","171027-008","9/15/2022 2:43:31 PM","0000-00","0","no battery","V","","µV","","µV"
"11/15/2022","17:56:30","7","default","171425599","OXY_CH7","36.231","min","185.556","μmol/L","Humid","21.223","deg","90821","µV","28.737","°C","1025.000","hPa","36.0","pmil","0","55.700","deg","20.000","°C","100.000","%a.s.","22.210","deg","20.000","°C","971.000","hPa","0.826","-0.01532","0.000401","-0.00012","0","11.08","Humid","30.45","0","49.40","251642.54","SABD0002000012","AAV2.0.0.13","4.0.0.2323","PSt7-10","171027-008","9/15/2022 2:43:31 PM","0000-00","0","no battery","V","","µV","","µV"
"11/15/2022","17:56:31","7","default","171425599","OXY_CH7","36.247","min","185.472","μmol/L","Humid","21.226","deg","90811","µV","28.743","°C","1025.000","hPa","36.0","pmil","0","55.700","deg","20.000","°C","100.000","%a.s.","22.210","deg","20.000","°C","971.000","hPa","0.826","-0.01532","0.000401","-0.00012","0","11.08","Humid","30.45","0","49.40","251631.47","SABD0002000012","AAV2.0.0.13","4.0.0.2323","PSt7-10","171027-008","9/15/2022 2:43:31 PM","0000-00","0","no battery","V","","µV","","µV"
"11/15/2022","17:56:32","7","default","171425599","OXY_CH7","36.263","min","185.573","μmol/L","Humid","21.222","deg","90822","µV","28.737","°C","1025.000","hPa","36.0","pmil","0","55.700","deg","20.000","°C","100.000","%a.s.","22.210","deg","20.000","°C","971.000","hPa","0.826","-0.01532","0.000401","-0.00012","0","11.08","Humid","30.45","0","49.40","251635.23","SABD0002000012","AAV2.0.0.13","4.0.0.2323","PSt7-10","171027-008","9/15/2022 2:43:31 PM","0000-00","0","no battery","V","","µV","","µV"
"11/15/2022","17:56:33","7","default","171425599","OXY_CH7","36.280","min","185.489","μmol/L","Humid","21.225","deg","90824","µV","28.743","°C","1025.000","hPa","36.0","pmil","0","55.700","deg","20.000","°C","100.000","%a.s.","22.210","deg","20.000","°C","971.000","hPa","0.826","-0.01532","0.000401","-0.00012","0","11.08","Humid","30.45","0","49.40","251638.02","SABD0002000012","AAV2.0.0.13","4.0.0.2323","PSt7-10","171027-008","9/15/2022 2:43:31 PM","0000-00","0","no battery","V","","µV","","µV"
"11/15/2022","17:56:34","7","default","171425599","OXY_CH7","36.297","min","185.505","μmol/L","Humid","21.224","deg","90822","µV","28.743","°C","1025.000","hPa","36.0","pmil","0","55.700","deg","20.000","°C","100.000","%a.s.","22.210","deg","20.000","°C","971.000","hPa","0.826","-0.01532","0.000401","-0.00012","0","11.08","Humid","30.45","0","49.40","251642.33","SABD0002000012","AAV2.0.0.13","4.0.0.2323","PSt7-10","171027-008","9/15/2022 2:43:31 PM","0000-00","0","no battery","V","","µV","","µV"
"11/15/2022","17:56:35","7","default","171425599","OXY_CH7","36.314","min","185.505","μmol/L","Humid","21.224","deg","90819","µV","28.743","°C","1025.000","hPa","36.0","pmil","0","55.700","deg","20.000","°C","100.000","%a.s.","22.210","deg","20.000","°C","971.000","hPa","0.826","-0.01532","0.000401","-0.00012","0","11.08","Humid","30.45","0","49.40","251644.06","SABD0002000012","AAV2.0.0.13","4.0.0.2323","PSt7-10","171027-008","9/15/2022 2:43:31 PM","0000-00","0","no battery","V","","µV","","µV"
"11/15/2022","17:56:36","7","default","171425599","OXY_CH7","36.331","min","185.523","μmol/L","Humid","21.225","deg","90823","µV","28.737","°C","1025.000","hPa","36.0","pmil","0","55.700","deg","20.000","°C","100.000","%a.s.","22.210","deg","20.000","°C","971.000","hPa","0.826","-0.01532","0.000401","-0.00012","0","11.08","Humid","30.45","0","49.40","251644.19","SABD0002000012","AAV2.0.0.13","4.0.0.2323","PSt7-10","171027-008","9/15/2022 2:43:31 PM","0000-00","0","no battery","V","","µV","","µV"
"11/15/2022","17:56:37","7","default","171425599","OXY_CH7","36.347","min","185.472","μmol/L","Humid","21.226","deg","90832","µV","28.743","°C","1025.000","hPa","36.0","pmil","0","55.700","deg","20.000","°C","100.000","%a.s.","22.210","deg","20.000","°C","971.000","hPa","0.826","-0.01532","0.000401","-0.00012","0","11.08","Humid","30.45","0","49.40","251645.90","SABD0002000012","AAV2.0.0.13","4.0.0.2323","PSt7-10","171027-008","9/15/2022 2:43:31 PM","0000-00","0","no battery","V","","µV","","µV"
"11/15/2022","17:56:38","7","default","171425599","OXY_CH7","36.364","min","185.439","μmol/L","Humid","21.228","deg","90835","µV","28.743","°C","1025.000","hPa","36.0","pmil","0","55.700","deg","20.000","°C","100.000","%a.s.","22.210","deg","20.000","°C","971.000","hPa","0.826","-0.01532","0.000401","-0.00012","0","11.08","Humid","30.45","0","49.40","251643.73","SABD0002000012","AAV2.0.0.13","4.0.0.2323","PSt7-10","171027-008","9/15/2022 2:43:31 PM","0000-00","0","no battery","V","","µV","","µV"
"11/15/2022","17:56:39","7","default","171425599","OXY_CH7","36.380","min","185.505","μmol/L","Humid","21.224","deg","90836","µV","28.743","°C","1025.000","hPa","36.0","pmil","0","55.700","deg","20.000","°C","100.000","%a.s.","22.210","deg","20.000","°C","971.000","hPa","0.826","-0.01532","0.000401","-0.00012","0","11.08","Humid","30.45","0","49.40","251646.96","SABD0002000012","AAV2.0.0.13","4.0.0.2323","PSt7-10","171027-008","9/15/2022 2:43:31 PM","0000-00","0","no battery","V","","µV","","µV"
"11/15/2022","17:56:40","7","default","171425599","OXY_CH7","36.397","min","185.505","μmol/L","Humid","21.224","deg","90833","µV","28.743","°C","1025.000","hPa","36.0","pmil","0","55.700","deg","20.000","°C","100.000","%a.s.","22.210","deg","20.000","°C","971.000","hPa","0.826","-0.01532","0.000401","-0.00012","0","11.08","Humid","30.45","0","49.40","251639.94","SABD0002000012","AAV2.0.0.13","4.0.0.2323","PSt7-10","171027-008","9/15/2022 2:43:31 PM","0000-00","0","no battery","V","","µV","","µV"
"11/15/2022","17:56:41","7","default","171425599","OXY_CH7","36.414","min","185.507","μmol/L","Humid","21.226","deg","90834","µV","28.737","°C","1025.000","hPa","36.0","pmil","0","55.700","deg","20.000","°C","100.000","%a.s.","22.210","deg","20.000","°C","971.000","hPa","0.826","-0.01532","0.000401","-0.00012","0","11.08","Humid","30.45","0","49.40","251633.31","SABD0002000012","AAV2.0.0.13","4.0.0.2323","PSt7-10","171027-008","9/15/2022 2:43:31 PM","0000-00","0","no battery","V","","µV","","µV"
"11/15/2022","17:56:42","7","default","171425599","OXY_CH7","36.431","min","185.489","μmol/L","Humid","21.225","deg","90832","µV","28.743","°C","1025.000","hPa","36.0","pmil","0","55.700","deg","20.000","°C","100.000","%a.s.","22.210","deg","20.000","°C","971.000","hPa","0.826","-0.01532","0.000401","-0.00012","0","11.08","Humid","30.45","0","49.40","251628.29","SABD0002000012","AAV2.0.0.13","4.0.0.2323","PSt7-10","171027-008","9/15/2022 2:43:31 PM","0000-00","0","no battery","V","","µV","","µV"
"11/15/2022","17:56:43","7","default","171425599","OXY_CH7","36.447","min","185.472","μmol/L","Humid","21.226","deg","90842","µV","28.743","°C","1025.000","hPa","36.0","pmil","0","55.700","deg","20.000","°C","100.000","%a.s.","22.210","deg","20.000","°C","971.000","hPa","0.826","-0.01532","0.000401","-0.00012","0","11.08","Humid","30.45","0","49.40","251640.36","SABD0002000012","AAV2.0.0.13","4.0.0.2323","PSt7-10","171027-008","9/15/2022 2:43:31 PM","0000-00","0","no battery","V","","µV","","µV"
"11/15/2022","17:56:44","7","default","171425599","OXY_CH7","36.464","min","185.456","μmol/L","Humid","21.227","deg","90833","µV","28.743","°C","1025.000","hPa","36.0","pmil","0","55.700","deg","20.000","°C","100.000","%a.s.","22.210","deg","20.000","°C","971.000","hPa","0.826","-0.01532","0.000401","-0.00012","0","11.08","Humid","30.45","0","49.40","251634.07","SABD0002000012","AAV2.0.0.13","4.0.0.2323","PSt7-10","171027-008","9/15/2022 2:43:31 PM","0000-00","0","no battery","V","","µV","","µV"
"11/15/2022","17:56:45","7","default","171425599","OXY_CH7","36.481","min","185.575","μmol/L","Humid","21.224","deg","90845","µV","28.731","°C","1025.000","hPa","36.0","pmil","0","55.700","deg","20.000","°C","100.000","%a.s.","22.210","deg","20.000","°C","971.000","hPa","0.826","-0.01532","0.000401","-0.00012","0","11.08","Humid","30.45","0","49.40","251642.42","SABD0002000012","AAV2.0.0.13","4.0.0.2323","PSt7-10","171027-008","9/15/2022 2:43:31 PM","0000-00","0","no battery","V","","µV","","µV"
"11/15/2022","17:56:46","7","default","171425599","OXY_CH7","36.497","min","185.491","μmol/L","Humid","21.227","deg","90834","µV","28.737","°C","1025.000","hPa","36.0","pmil","0","55.700","deg","20.000","°C","100.000","%a.s.","22.210","deg","20.000","°C","971.000","hPa","0.826","-0.01532","0.000401","-0.00012","0","11.08","Humid","30.45","0","49.40","251636.37","SABD0002000012","AAV2.0.0.13","4.0.0.2323","PSt7-10","171027-008","9/15/2022 2:43:31 PM","0000-00","0","no battery","V","","µV","","µV"
"11/15/2022","17:56:47","7","default","171425599","OXY_CH7","36.513","min","185.439","μmol/L","Humid","21.228","deg","90846","µV","28.743","°C","1025.000","hPa","36.0","pmil","0","55.700","deg","20.000","°C","100.000","%a.s.","22.210","deg","20.000","°C","971.000","hPa","0.826","-0.01532","0.000401","-0.00012","0","11.08","Humid","30.45","0","49.40","251631.51","SABD0002000012","AAV2.0.0.13","4.0.0.2323","PSt7-10","171027-008","9/15/2022 2:43:31 PM","0000-00","0","no battery","V","","µV","","µV"
"11/15/2022","17:56:48","7","default","171425599","OXY_CH7","36.530","min","185.472","μmol/L","Humid","21.226","deg","90852","µV","28.743","°C","1025.000","hPa","36.0","pmil","0","55.700","deg","20.000","°C","100.000","%a.s.","22.210","deg","20.000","°C","971.000","hPa","0.826","-0.01532","0.000401","-0.00012","0","11.08","Humid","30.45","0","49.40","251621.81","SABD0002000012","AAV2.0.0.13","4.0.0.2323","PSt7-10","171027-008","9/15/2022 2:43:31 PM","0000-00","0","no battery","V","","µV","","µV"
"11/15/2022","17:56:49","7","default","171425599","OXY_CH7","36.547","min","185.404","μmol/L","Humid","21.228","deg","90850","µV","28.749","°C","1025.000","hPa","36.0","pmil","0","55.700","deg","20.000","°C","100.000","%a.s.","22.210","deg","20.000","°C","971.000","hPa","0.826","-0.01532","0.000401","-0.00012","0","11.08","Humid","30.45","0","49.40","251634.41","SABD0002000012","AAV2.0.0.13","4.0.0.2323","PSt7-10","171027-008","9/15/2022 2:43:31 PM","0000-00","0","no battery","V","","µV","","µV"
"11/15/2022","17:56:50","7","default","171425599","OXY_CH7","36.564","min","185.507","μmol/L","Humid","21.226","deg","90843","µV","28.737","°C","1025.000","hPa","36.0","pmil","0","55.700","deg","20.000","°C","100.000","%a.s.","22.210","deg","20.000","°C","971.000","hPa","0.826","-0.01532","0.000401","-0.00012","0","11.08","Humid","30.45","0","49.40","251626.72","SABD0002000012","AAV2.0.0.13","4.0.0.2323","PSt7-10","171027-008","9/15/2022 2:43:31 PM","0000-00","0","no battery","V","","µV","","µV"
"11/15/2022","17:56:51","7","default","171425599","OXY_CH7","36.581","min","185.491","μmol/L","Humid","21.227","deg","90850","µV","28.737","°C","1025.000","hPa","36.0","pmil","0","55.700","deg","20.000","°C","100.000","%a.s.","22.210","deg","20.000","°C","971.000","hPa","0.826","-0.01532","0.000401","-0.00012","0","11.08","Humid","30.45","0","49.40","251621.56","SABD0002000012","AAV2.0.0.13","4.0.0.2323","PSt7-10","171027-008","9/15/2022 2:43:31 PM","0000-00","0","no battery","V","","µV","","µV"
"11/15/2022","17:56:52","7","default","171425599","OXY_CH7","36.597","min","185.406","μmol/L","Humid","21.230","deg","90855","µV","28.743","°C","1025.000","hPa","36.0","pmil","0","55.700","deg","20.000","°C","100.000","%a.s.","22.210","deg","20.000","°C","971.000","hPa","0.826","-0.01532","0.000401","-0.00012","0","11.08","Humid","30.45","0","49.40","251610.97","SABD0002000012","AAV2.0.0.13","4.0.0.2323","PSt7-10","171027-008","9/15/2022 2:43:31 PM","0000-00","0","no battery","V","","µV","","µV"
"11/15/2022","17:56:53","7","default","171425599","OXY_CH7","36.614","min","185.491","μmol/L","Humid","21.227","deg","90852","µV","28.737","°C","1025.000","hPa","36.0","pmil","0","55.700","deg","20.000","°C","100.000","%a.s.","22.210","deg","20.000","°C","971.000","hPa","0.826","-0.01532","0.000401","-0.00012","0","11.08","Humid","30.45","0","49.40","251622.31","SABD0002000012","AAV2.0.0.13","4.0.0.2323","PSt7-10","171027-008","9/15/2022 2:43:31 PM","0000-00","0","no battery","V","","µV","","µV"
"11/15/2022","17:56:54","7","default","171425599","OXY_CH7","36.631","min","185.505","μmol/L","Humid","21.224","deg","90864","µV","28.743","°C","1025.000","hPa","36.0","pmil","0","55.700","deg","20.000","°C","100.000","%a.s.","22.210","deg","20.000","°C","971.000","hPa","0.826","-0.01532","0.000401","-0.00012","0","11.08","Humid","30.45","0","49.40","251626.81","SABD0002000012","AAV2.0.0.13","4.0.0.2323","PSt7-10","171027-008","9/15/2022 2:43:31 PM","0000-00","0","no battery","V","","µV","","µV"
"11/15/2022","17:56:55","7","default","171425599","OXY_CH7","36.647","min","185.423","μmol/L","Humid","21.229","deg","90854","µV","28.743","°C","1025.000","hPa","36.0","pmil","0","55.700","deg","20.000","°C","100.000","%a.s.","22.210","deg","20.000","°C","971.000","hPa","0.826","-0.01532","0.000401","-0.00012","0","11.08","Humid","30.45","0","49.40","251630.41","SABD0002000012","AAV2.0.0.13","4.0.0.2323","PSt7-10","171027-008","9/15/2022 2:43:31 PM","0000-00","0","no battery","V","","µV","","µV"
"11/15/2022","17:56:56","7","default","171425599","OXY_CH7","36.664","min","185.441","μmol/L","Humid","21.230","deg","90862","µV","28.737","°C","1025.000","hPa","36.0","pmil","0","55.700","deg","20.000","°C","100.000","%a.s.","22.210","deg","20.000","°C","971.000","hPa","0.826","-0.01532","0.000401","-0.00012","0","11.08","Humid","30.45","0","49.40","251630.95","SABD0002000012","AAV2.0.0.13","4.0.0.2323","PSt7-10","171027-008","9/15/2022 2:43:31 PM","0000-00","0","no battery","V","","µV","","µV"
"11/15/2022","17:56:57","7","default","171425599","OXY_CH7","36.680","min","185.456","μmol/L","Humid","21.227","deg","90863","µV","28.743","°C","1025.000","hPa","36.0","pmil","0","55.700","deg","20.000","°C","100.000","%a.s.","22.210","deg","20.000","°C","971.000","hPa","0.826","-0.01532","0.000401","-0.00012","0","11.08","Humid","30.45","0","49.40","251637.29","SABD0002000012","AAV2.0.0.13","4.0.0.2323","PSt7-10","171027-008","9/15/2022 2:43:31 PM","0000-00","0","no battery","V","","µV","","µV"
"11/15/2022","17:56:58","7","default","171425599","OXY_CH7","36.697","min","185.423","μmol/L","Humid","21.229","deg","90860","µV","28.743","°C","1025.000","hPa","36.0","pmil","0","55.700","deg","20.000","°C","100.000","%a.s.","22.210","deg","20.000","°C","971.000","hPa","0.826","-0.01532","0.000401","-0.00012","0","11.08","Humid","30.45","0","49.40","251638.12","SABD0002000012","AAV2.0.0.13","4.0.0.2323","PSt7-10","171027-008","9/15/2022 2:43:31 PM","0000-00","0","no battery","V","","µV","","µV"
"11/15/2022","17:56:59","7","default","171425599","OXY_CH7","36.714","min","185.374","μmol/L","Humid","21.232","deg","90867","µV","28.743","°C","1025.000","hPa","36.0","pmil","0","55.700","deg","20.000","°C","100.000","%a.s.","22.210","deg","20.000","°C","971.000","hPa","0.826","-0.01532","0.000401","-0.00012","0","11.08","Humid","30.45","0","49.40","251627.59","SABD0002000012","AAV2.0.0.13","4.0.0.2323","PSt7-10","171027-008","9/15/2022 2:43:31 PM","0000-00","0","no battery","V","","µV","","µV"
"11/15/2022","17:57:00","7","default","171425599","OXY_CH7","36.731","min","185.441","μmol/L","Humid","21.230","deg","90866","µV","28.737","°C","1025.000","hPa","36.0","pmil","0","55.700","deg","20.000","°C","100.000","%a.s.","22.210","deg","20.000","°C","971.000","hPa","0.826","-0.01532","0.000401","-0.00012","0","11.08","Humid","30.45","0","49.40","251638.14","SABD0002000012","AAV2.0.0.13","4.0.0.2323","PSt7-10","171027-008","9/15/2022 2:43:31 PM","0000-00","0","no battery","V","","µV","","µV"
"11/15/2022","17:57:01","7","default","171425599","OXY_CH7","36.747","min","185.374","μmol/L","Humid","21.232","deg","90865","µV","28.743","°C","1025.000","hPa","36.0","pmil","0","55.700","deg","20.000","°C","100.000","%a.s.","22.210","deg","20.000","°C","971.000","hPa","0.826","-0.01532","0.000401","-0.00012","0","11.08","Humid","30.45","0","49.40","251624.75","SABD0002000012","AAV2.0.0.13","4.0.0.2323","PSt7-10","171027-008","9/15/2022 2:43:31 PM","0000-00","0","no battery","V","","µV","","µV"
"11/15/2022","17:57:02","7","default","171425599","OXY_CH7","36.764","min","185.493","μmol/L","Humid","21.229","deg","90871","µV","28.731","°C","1025.000","hPa","36.0","pmil","0","55.700","deg","20.000","°C","100.000","%a.s.","22.210","deg","20.000","°C","971.000","hPa","0.826","-0.01532","0.000401","-0.00012","0","11.08","Humid","30.45","0","49.40","251619.80","SABD0002000012","AAV2.0.0.13","4.0.0.2323","PSt7-10","171027-008","9/15/2022 2:43:31 PM","0000-00","0","no battery","V","","µV","","µV"
"11/15/2022","17:57:03","7","default","171425599","OXY_CH7","36.781","min","185.425","μmol/L","Humid","21.231","deg","90865","µV","28.737","°C","1025.000","hPa","36.0","pmil","0","55.700","deg","20.000","°C","100.000","%a.s.","22.210","deg","20.000","°C","971.000","hPa","0.826","-0.01532","0.000401","-0.00012","0","11.08","Humid","30.45","0","49.40","251625.67","SABD0002000012","AAV2.0.0.13","4.0.0.2323","PSt7-10","171027-008","9/15/2022 2:43:31 PM","0000-00","0","no battery","V","","µV","","µV"
"11/15/2022","17:57:04","7","default","171425599","OXY_CH7","36.797","min","185.441","μmol/L","Humid","21.230","deg","90871","µV","28.737","°C","1025.000","hPa","36.0","pmil","0","55.700","deg","20.000","°C","100.000","%a.s.","22.210","deg","20.000","°C","971.000","hPa","0.826","-0.01532","0.000401","-0.00012","0","11.08","Humid","30.45","0","49.40","251615.24","SABD0002000012","AAV2.0.0.13","4.0.0.2323","PSt7-10","171027-008","9/15/2022 2:43:31 PM","0000-00","0","no battery","V","","µV","","µV"
"11/15/2022","17:57:05","7","default","171425599","OXY_CH7","36.813","min","185.423","μmol/L","Humid","21.229","deg","90873","µV","28.743","°C","1025.000","hPa","36.0","pmil","0","55.700","deg","20.000","°C","100.000","%a.s.","22.210","deg","20.000","°C","971.000","hPa","0.826","-0.01532","0.000401","-0.00012","0","11.08","Humid","30.45","0","49.40","251609.23","SABD0002000012","AAV2.0.0.13","4.0.0.2323","PSt7-10","171027-008","9/15/2022 2:43:31 PM","0000-00","0","no battery","V","","µV","","µV"
"11/15/2022","17:57:06","7","default","171425599","OXY_CH7","36.830","min","185.357","μmol/L","Humid","21.233","deg","90879","µV","28.743","°C","1025.000","hPa","36.0","pmil","0","55.700","deg","20.000","°C","100.000","%a.s.","22.210","deg","20.000","°C","971.000","hPa","0.826","-0.01532","0.000401","-0.00012","0","11.08","Humid","30.45","0","49.40","251626.66","SABD0002000012","AAV2.0.0.13","4.0.0.2323","PSt7-10","171027-008","9/15/2022 2:43:31 PM","0000-00","0","no battery","V","","µV","","µV"
"11/15/2022","17:57:07","7","default","171425599","OXY_CH7","36.847","min","185.425","μmol/L","Humid","21.231","deg","90874","µV","28.737","°C","1025.000","hPa","36.0","pmil","0","55.700","deg","20.000","°C","100.000","%a.s.","22.210","deg","20.000","°C","971.000","hPa","0.826","-0.01532","0.000401","-0.00012","0","11.08","Humid","30.45","0","49.40","251627.01","SABD0002000012","AAV2.0.0.13","4.0.0.2323","PSt7-10","171027-008","9/15/2022 2:43:31 PM","0000-00","0","no battery","V","","µV","","µV"
"11/15/2022","17:57:08","7","default","171425599","OXY_CH7","36.864","min","185.343","μmol/L","Humid","21.236","deg","90880","µV","28.737","°C","1025.000","hPa","36.0","pmil","0","55.700","deg","20.000","°C","100.000","%a.s.","22.210","deg","20.000","°C","971.000","hPa","0.826","-0.01532","0.000401","-0.00012","0","11.08","Humid","30.45","0","49.40","251613.43","SABD0002000012","AAV2.0.0.13","4.0.0.2323","PSt7-10","171027-008","9/15/2022 2:43:31 PM","0000-00","0","no battery","V","","µV","","µV"
"11/15/2022","17:57:09","7","default","171425599","OXY_CH7","36.881","min","185.408","μmol/L","Humid","21.232","deg","90882","µV","28.737","°C","1025.000","hPa","36.0","pmil","0","55.700","deg","20.000","°C","100.000","%a.s.","22.210","deg","20.000","°C","971.000","hPa","0.826","-0.01532","0.000401","-0.00012","0","11.08","Humid","30.45","0","49.40","251617.82","SABD0002000012","AAV2.0.0.13","4.0.0.2323","PSt7-10","171027-008","9/15/2022 2:43:31 PM","0000-00","0","no battery","V","","µV","","µV"
"11/15/2022","17:57:10","7","default","171425599","OXY_CH7","36.897","min","185.408","μmol/L","Humid","21.232","deg","90881","µV","28.737","°C","1025.000","hPa","36.0","pmil","0","55.700","deg","20.000","°C","100.000","%a.s.","22.210","deg","20.000","°C","971.000","hPa","0.826","-0.01532","0.000401","-0.00012","0","11.08","Humid","30.45","0","49.40","251619.06","SABD0002000012","AAV2.0.0.13","4.0.0.2323","PSt7-10","171027-008","9/15/2022 2:43:31 PM","0000-00","0","no battery","V","","µV","","µV"
"11/15/2022","17:57:11","7","default","171425599","OXY_CH7","36.914","min","185.441","μmol/L","Humid","21.230","deg","90879","µV","28.737","°C","1025.000","hPa","36.0","pmil","0","55.700","deg","20.000","°C","100.000","%a.s.","22.210","deg","20.000","°C","971.000","hPa","0.826","-0.01532","0.000401","-0.00012","0","11.08","Humid","30.45","0","49.40","251617.56","SABD0002000012","AAV2.0.0.13","4.0.0.2323","PSt7-10","171027-008","9/15/2022 2:43:31 PM","0000-00","0","no battery","V","","µV","","µV"
"11/15/2022","17:57:12","7","default","171425599","OXY_CH7","36.930","min","185.441","μmol/L","Humid","21.230","deg","90892","µV","28.737","°C","1025.000","hPa","36.0","pmil","0","55.700","deg","20.000","°C","100.000","%a.s.","22.210","deg","20.000","°C","971.000","hPa","0.826","-0.01532","0.000401","-0.00012","0","11.08","Humid","30.45","0","49.40","251623.27","SABD0002000012","AAV2.0.0.13","4.0.0.2323","PSt7-10","171027-008","9/15/2022 2:43:31 PM","0000-00","0","no battery","V","","µV","","µV"
"11/15/2022","17:57:13","7","default","171425599","OXY_CH7","36.947","min","185.359","μmol/L","Humid","21.235","deg","90887","µV","28.737","°C","1025.000","hPa","36.0","pmil","0","55.700","deg","20.000","°C","100.000","%a.s.","22.210","deg","20.000","°C","971.000","hPa","0.826","-0.01532","0.000401","-0.00012","0","11.08","Humid","30.45","0","49.40","251627.39","SABD0002000012","AAV2.0.0.13","4.0.0.2323","PSt7-10","171027-008","9/15/2022 2:43:31 PM","0000-00","0","no battery","V","","µV","","µV"
"11/15/2022","17:57:14","7","default","171425599","OXY_CH7","36.964","min","185.390","μmol/L","Humid","21.231","deg","90884","µV","28.743","°C","1025.000","hPa","36.0","pmil","0","55.700","deg","20.000","°C","100.000","%a.s.","22.210","deg","20.000","°C","971.000","hPa","0.826","-0.01532","0.000401","-0.00012","0","11.08","Humid","30.45","0","49.40","251629.69","SABD0002000012","AAV2.0.0.13","4.0.0.2323","PSt7-10","171027-008","9/15/2022 2:43:31 PM","0000-00","0","no battery","V","","µV","","µV"
"11/15/2022","17:57:15","7","default","171425599","OXY_CH7","36.981","min","185.441","μmol/L","Humid","21.230","deg","90893","µV","28.737","°C","1025.000","hPa","36.0","pmil","0","55.700","deg","20.000","°C","100.000","%a.s.","22.210","deg","20.000","°C","971.000","hPa","0.826","-0.01532","0.000401","-0.00012","0","11.08","Humid","30.45","0","49.40","251635.56","SABD0002000012","AAV2.0.0.13","4.0.0.2323","PSt7-10","171027-008","9/15/2022 2:43:31 PM","0000-00","0","no battery","V","","µV","","µV"
"11/15/2022","17:57:16","7","default","171425599","OXY_CH7","36.997","min","185.446","μmol/L","Humid","21.234","deg","90894","µV","28.725","°C","1025.000","hPa","36.0","pmil","0","55.700","deg","20.000","°C","100.000","%a.s.","22.210","deg","20.000","°C","971.000","hPa","0.826","-0.01532","0.000401","-0.00012","0","11.08","Humid","30.45","0","49.40","251613.46","SABD0002000012","AAV2.0.0.13","4.0.0.2323","PSt7-10","171027-008","9/15/2022 2:43:31 PM","0000-00","0","no battery","V","","µV","","µV"
"11/15/2022","17:57:17","7","default","171425599","OXY_CH7","37.014","min","185.308","μmol/L","Humid","21.236","deg","90897","µV","28.743","°C","1025.000","hPa","36.0","pmil","0","55.700","deg","20.000","°C","100.000","%a.s.","22.210","deg","20.000","°C","971.000","hPa","0.826","-0.01532","0.000401","-0.00012","0","11.08","Humid","30.45","0","49.40","251619.96","SABD0002000012","AAV2.0.0.13","4.0.0.2323","PSt7-10","171027-008","9/15/2022 2:43:31 PM","0000-00","0","no battery","V","","µV","","µV"
"11/15/2022","17:57:18","7","default","171425599","OXY_CH7","37.031","min","185.308","μmol/L","Humid","21.236","deg","90889","µV","28.743","°C","1025.000","hPa","36.0","pmil","0","55.700","deg","20.000","°C","100.000","%a.s.","22.210","deg","20.000","°C","971.000","hPa","0.826","-0.01532","0.000401","-0.00012","0","11.08","Humid","30.45","0","49.40","251624.65","SABD0002000012","AAV2.0.0.13","4.0.0.2323","PSt7-10","171027-008","9/15/2022 2:43:31 PM","0000-00","0","no battery","V","","µV","","µV"
"11/15/2022","17:57:19","7","default","171425599","OXY_CH7","37.047","min","185.392","μmol/L","Humid","21.233","deg","90896","µV","28.737","°C","1025.000","hPa","36.0","pmil","0","55.700","deg","20.000","°C","100.000","%a.s.","22.210","deg","20.000","°C","971.000","hPa","0.826","-0.01532","0.000401","-0.00012","0","11.08","Humid","30.45","0","49.40","251615.74","SABD0002000012","AAV2.0.0.13","4.0.0.2323","PSt7-10","171027-008","9/15/2022 2:43:31 PM","0000-00","0","no battery","V","","µV","","µV"
"11/15/2022","17:57:20","7","default","171425599","OXY_CH7","37.064","min","185.408","μmol/L","Humid","21.232","deg","90907","µV","28.737","°C","1025.000","hPa","36.0","pmil","0","55.700","deg","20.000","°C","100.000","%a.s.","22.210","deg","20.000","°C","971.000","hPa","0.826","-0.01532","0.000401","-0.00012","0","11.08","Humid","30.45","0","49.40","251620.48","SABD0002000012","AAV2.0.0.13","4.0.0.2323","PSt7-10","171027-008","9/15/2022 2:43:31 PM","0000-00","0","no battery","V","","µV","","µV"
"11/15/2022","17:57:21","7","default","171425599","OXY_CH7","37.080","min","185.374","μmol/L","Humid","21.232","deg","90898","µV","28.743","°C","1025.000","hPa","36.0","pmil","0","55.700","deg","20.000","°C","100.000","%a.s.","22.210","deg","20.000","°C","971.000","hPa","0.826","-0.01532","0.000401","-0.00012","0","11.08","Humid","30.45","0","49.40","251616.85","SABD0002000012","AAV2.0.0.13","4.0.0.2323","PSt7-10","171027-008","9/15/2022 2:43:31 PM","0000-00","0","no battery","V","","µV","","µV"
"11/15/2022","17:57:22","7","default","171425599","OXY_CH7","37.097","min","185.425","μmol/L","Humid","21.231","deg","90895","µV","28.737","°C","1025.000","hPa","36.0","pmil","0","55.700","deg","20.000","°C","100.000","%a.s.","22.210","deg","20.000","°C","971.000","hPa","0.826","-0.01532","0.000401","-0.00012","0","11.08","Humid","30.45","0","49.40","251604.74","SABD0002000012","AAV2.0.0.13","4.0.0.2323","PSt7-10","171027-008","9/15/2022 2:43:31 PM","0000-00","0","no battery","V","","µV","","µV"
"11/15/2022","17:57:23","7","default","171425599","OXY_CH7","37.114","min","185.343","μmol/L","Humid","21.236","deg","90905","µV","28.737","°C","1025.000","hPa","36.0","pmil","0","55.700","deg","20.000","°C","100.000","%a.s.","22.210","deg","20.000","°C","971.000","hPa","0.826","-0.01532","0.000401","-0.00012","0","11.08","Humid","30.45","0","49.40","251605.38","SABD0002000012","AAV2.0.0.13","4.0.0.2323","PSt7-10","171027-008","9/15/2022 2:43:31 PM","0000-00","0","no battery","V","","µV","","µV"
"11/15/2022","17:57:24","7","default","171425599","OXY_CH7","37.131","min","185.326","μmol/L","Humid","21.237","deg","90903","µV","28.737","°C","1025.000","hPa","36.0","pmil","0","55.700","deg","20.000","°C","100.000","%a.s.","22.210","deg","20.000","°C","971.000","hPa","0.826","-0.01532","0.000401","-0.00012","0","11.08","Humid","30.45","0","49.40","251616.90","SABD0002000012","AAV2.0.0.13","4.0.0.2323","PSt7-10","171027-008","9/15/2022 2:43:31 PM","0000-00","0","no battery","V","","µV","","µV"
"11/15/2022","17:57:25","7","default","171425599","OXY_CH7","37.147","min","185.343","μmol/L","Humid","21.236","deg","90910","µV","28.737","°C","1025.000","hPa","36.0","pmil","0","55.700","deg","20.000","°C","100.000","%a.s.","22.210","deg","20.000","°C","971.000","hPa","0.826","-0.01532","0.000401","-0.00012","0","11.08","Humid","30.45","0","49.40","251623.54","SABD0002000012","AAV2.0.0.13","4.0.0.2323","PSt7-10","171027-008","9/15/2022 2:43:31 PM","0000-00","0","no battery","V","","µV","","µV"
"11/15/2022","17:57:26","7","default","171425599","OXY_CH7","37.163","min","185.294","μmol/L","Humid","21.239","deg","90909","µV","28.737","°C","1025.000","hPa","36.0","pmil","0","55.700","deg","20.000","°C","100.000","%a.s.","22.210","deg","20.000","°C","971.000","hPa","0.826","-0.01532","0.000401","-0.00012","0","11.08","Humid","30.45","0","49.40","251613.63","SABD0002000012","AAV2.0.0.13","4.0.0.2323","PSt7-10","171027-008","9/15/2022 2:43:31 PM","0000-00","0","no battery","V","","µV","","µV"
"11/15/2022","17:57:27","7","default","171425599","OXY_CH7","37.180","min","185.343","μmol/L","Humid","21.236","deg","90910","µV","28.737","°C","1025.000","hPa","36.0","pmil","0","55.700","deg","20.000","°C","100.000","%a.s.","22.210","deg","20.000","°C","971.000","hPa","0.826","-0.01532","0.000401","-0.00012","0","11.08","Humid","30.45","0","49.40","251616.39","SABD0002000012","AAV2.0.0.13","4.0.0.2323","PSt7-10","171027-008","9/15/2022 2:43:31 PM","0000-00","0","no battery","V","","µV","","µV"
"11/15/2022","17:57:28","7","default","171425599","OXY_CH7","37.197","min","185.359","μmol/L","Humid","21.235","deg","90903","µV","28.737","°C","1025.000","hPa","36.0","pmil","0","55.700","deg","20.000","°C","100.000","%a.s.","22.210","deg","20.000","°C","971.000","hPa","0.826","-0.01532","0.000401","-0.00012","0","11.08","Humid","30.45","0","49.40","251611.58","SABD0002000012","AAV2.0.0.13","4.0.0.2323","PSt7-10","171027-008","9/15/2022 2:43:31 PM","0000-00","0","no battery","V","","µV","","µV"
"11/15/2022","17:57:29","7","default","171425599","OXY_CH7","37.214","min","185.408","μmol/L","Humid","21.232","deg","90914","µV","28.737","°C","1025.000","hPa","36.0","pmil","0","55.700","deg","20.000","°C","100.000","%a.s.","22.210","deg","20.000","°C","971.000","hPa","0.826","-0.01532","0.000401","-0.00012","0","11.08","Humid","30.45","0","49.40","251614.11","SABD0002000012","AAV2.0.0.13","4.0.0.2323","PSt7-10","171027-008","9/15/2022 2:43:31 PM","0000-00","0","no battery","V","","µV","","µV"
"11/15/2022","17:57:30","7","default","171425599","OXY_CH7","37.231","min","185.374","μmol/L","Humid","21.232","deg","90915","µV","28.743","°C","1025.000","hPa","36.0","pmil","0","55.700","deg","20.000","°C","100.000","%a.s.","22.210","deg","20.000","°C","971.000","hPa","0.826","-0.01532","0.000401","-0.00012","0","11.08","Humid","30.45","0","49.40","251612.12","SABD0002000012","AAV2.0.0.13","4.0.0.2323","PSt7-10","171027-008","9/15/2022 2:43:31 PM","0000-00","0","no battery","V","","µV","","µV"
"11/15/2022","17:57:31","7","default","171425599","OXY_CH7","37.247","min","185.310","μmol/L","Humid","21.238","deg","90909","µV","28.737","°C","1025.000","hPa","36.0","pmil","0","55.700","deg","20.000","°C","100.000","%a.s.","22.210","deg","20.000","°C","971.000","hPa","0.826","-0.01532","0.000401","-0.00012","0","11.08","Humid","30.45","0","49.40","251606.65","SABD0002000012","AAV2.0.0.13","4.0.0.2323","PSt7-10","171027-008","9/15/2022 2:43:31 PM","0000-00","0","no battery","V","","µV","","µV"
"11/15/2022","17:57:32","7","default","171425599","OXY_CH7","37.264","min","185.341","μmol/L","Humid","21.234","deg","90919","µV","28.743","°C","1025.000","hPa","36.0","pmil","0","55.700","deg","20.000","°C","100.000","%a.s.","22.210","deg","20.000","°C","971.000","hPa","0.826","-0.01532","0.000401","-0.00012","0","11.08","Humid","30.45","0","49.40","251616.25","SABD0002000012","AAV2.0.0.13","4.0.0.2323","PSt7-10","171027-008","9/15/2022 2:43:31 PM","0000-00","0","no battery","V","","µV","","µV"
"11/15/2022","17:57:33","7","default","171425599","OXY_CH7","37.281","min","185.310","μmol/L","Humid","21.238","deg","90914","µV","28.737","°C","1025.000","hPa","36.0","pmil","0","55.700","deg","20.000","°C","100.000","%a.s.","22.210","deg","20.000","°C","971.000","hPa","0.826","-0.01532","0.000401","-0.00012","0","11.08","Humid","30.45","0","49.40","251609.74","SABD0002000012","AAV2.0.0.13","4.0.0.2323","PSt7-10","171027-008","9/15/2022 2:43:31 PM","0000-00","0","no battery","V","","µV","","µV"
"11/15/2022","17:57:34","7","default","171425599","OXY_CH7","37.297","min","185.291","μmol/L","Humid","21.237","deg","90919","µV","28.743","°C","1025.000","hPa","36.0","pmil","0","55.700","deg","20.000","°C","100.000","%a.s.","22.210","deg","20.000","°C","971.000","hPa","0.826","-0.01532","0.000401","-0.00012","0","11.08","Humid","30.45","0","49.40","251615.88","SABD0002000012","AAV2.0.0.13","4.0.0.2323","PSt7-10","171027-008","9/15/2022 2:43:31 PM","0000-00","0","no battery","V","","µV","","µV"
"11/15/2022","17:57:35","7","default","171425599","OXY_CH7","37.313","min","185.378","μmol/L","Humid","21.236","deg","90919","µV","28.731","°C","1025.000","hPa","36.0","pmil","0","55.700","deg","20.000","°C","100.000","%a.s.","22.210","deg","20.000","°C","971.000","hPa","0.826","-0.01532","0.000401","-0.00012","0","11.08","Humid","30.45","0","49.40","251609.20","SABD0002000012","AAV2.0.0.13","4.0.0.2323","PSt7-10","171027-008","9/15/2022 2:43:31 PM","0000-00","0","no battery","V","","µV","","µV"
"11/15/2022","17:57:36","7","default","171425599","OXY_CH7","37.330","min","185.291","μmol/L","Humid","21.237","deg","90916","µV","28.743","°C","1025.000","hPa","36.0","pmil","0","55.700","deg","20.000","°C","100.000","%a.s.","22.210","deg","20.000","°C","971.000","hPa","0.826","-0.01532","0.000401","-0.00012","0","11.08","Humid","30.45","0","49.40","251620.52","SABD0002000012","AAV2.0.0.13","4.0.0.2323","PSt7-10","171027-008","9/15/2022 2:43:31 PM","0000-00","0","no battery","V","","µV","","µV"
"11/15/2022","17:57:37","7","default","171425599","OXY_CH7","37.347","min","185.392","μmol/L","Humid","21.233","deg","90931","µV","28.737","°C","1025.000","hPa","36.0","pmil","0","55.700","deg","20.000","°C","100.000","%a.s.","22.210","deg","20.000","°C","971.000","hPa","0.826","-0.01532","0.000401","-0.00012","0","11.08","Humid","30.45","0","49.40","251618.92","SABD0002000012","AAV2.0.0.13","4.0.0.2323","PSt7-10","171027-008","9/15/2022 2:43:31 PM","0000-00","0","no battery","V","","µV","","µV"
"11/15/2022","17:57:38","7","default","171425599","OXY_CH7","37.364","min","185.294","μmol/L","Humid","21.239","deg","90930","µV","28.737","°C","1025.000","hPa","36.0","pmil","0","55.700","deg","20.000","°C","100.000","%a.s.","22.210","deg","20.000","°C","971.000","hPa","0.826","-0.01532","0.000401","-0.00012","0","11.08","Humid","30.45","0","49.40","251610.84","SABD0002000012","AAV2.0.0.13","4.0.0.2323","PSt7-10","171027-008","9/15/2022 2:43:31 PM","0000-00","0","no battery","V","","µV","","µV"
"11/15/2022","17:57:39","7","default","171425599","OXY_CH7","37.381","min","185.226","μmol/L","Humid","21.241","deg","90926","µV","28.743","°C","1025.000","hPa","36.0","pmil","0","55.700","deg","20.000","°C","100.000","%a.s.","22.210","deg","20.000","°C","971.000","hPa","0.826","-0.01532","0.000401","-0.00012","0","11.08","Humid","30.45","0","49.40","251611.46","SABD0002000012","AAV2.0.0.13","4.0.0.2323","PSt7-10","171027-008","9/15/2022 2:43:31 PM","0000-00","0","no battery","V","","µV","","µV"
"11/15/2022","17:57:40","7","default","171425599","OXY_CH7","37.397","min","185.363","μmol/L","Humid","21.239","deg","90933","µV","28.725","°C","1025.000","hPa","36.0","pmil","0","55.700","deg","20.000","°C","100.000","%a.s.","22.210","deg","20.000","°C","971.000","hPa","0.826","-0.01532","0.000401","-0.00012","0","11.08","Humid","30.45","0","49.40","251598.98","SABD0002000012","AAV2.0.0.13","4.0.0.2323","PSt7-10","171027-008","9/15/2022 2:43:31 PM","0000-00","0","no battery","V","","µV","","µV"
"11/15/2022","17:57:41","7","default","171425599","OXY_CH7","37.414","min","185.343","μmol/L","Humid","21.236","deg","90936","µV","28.737","°C","1025.000","hPa","36.0","pmil","0","55.700","deg","20.000","°C","100.000","%a.s.","22.210","deg","20.000","°C","971.000","hPa","0.826","-0.01532","0.000401","-0.00012","0","11.08","Humid","30.45","0","49.40","251614.19","SABD0002000012","AAV2.0.0.13","4.0.0.2323","PSt7-10","171027-008","9/15/2022 2:43:31 PM","0000-00","0","no battery","V","","µV","","µV"
"11/15/2022","17:57:42","7","default","171425599","OXY_CH7","37.431","min","185.294","μmol/L","Humid","21.239","deg","90934","µV","28.737","°C","1025.000","hPa","36.0","pmil","0","55.700","deg","20.000","°C","100.000","%a.s.","22.210","deg","20.000","°C","971.000","hPa","0.826","-0.01532","0.000401","-0.00012","0","11.08","Humid","30.45","0","49.40","251628.62","SABD0002000012","AAV2.0.0.13","4.0.0.2323","PSt7-10","171027-008","9/15/2022 2:43:31 PM","0000-00","0","no battery","V","","µV","","µV"
"11/15/2022","17:57:43","7","default","171425599","OXY_CH7","37.447","min","185.294","μmol/L","Humid","21.239","deg","90939","µV","28.737","°C","1025.000","hPa","36.0","pmil","0","55.700","deg","20.000","°C","100.000","%a.s.","22.210","deg","20.000","°C","971.000","hPa","0.826","-0.01532","0.000401","-0.00012","0","11.08","Humid","30.45","0","49.40","251608.30","SABD0002000012","AAV2.0.0.13","4.0.0.2323","PSt7-10","171027-008","9/15/2022 2:43:31 PM","0000-00","0","no battery","V","","µV","","µV"
"11/15/2022","17:57:44","7","default","171425599","OXY_CH7","37.464","min","185.275","μmol/L","Humid","21.238","deg","90942","µV","28.743","°C","1025.000","hPa","36.0","pmil","0","55.700","deg","20.000","°C","100.000","%a.s.","22.210","deg","20.000","°C","971.000","hPa","0.826","-0.01532","0.000401","-0.00012","0","11.08","Humid","30.45","0","49.40","251605.17","SABD0002000012","AAV2.0.0.13","4.0.0.2323","PSt7-10","171027-008","9/15/2022 2:43:31 PM","0000-00","0","no battery","V","","µV","","µV"
"11/15/2022","17:57:45","7","default","171425599","OXY_CH7","37.480","min","185.259","μmol/L","Humid","21.239","deg","90940","µV","28.743","°C","1025.000","hPa","36.0","pmil","0","55.700","deg","20.000","°C","100.000","%a.s.","22.210","deg","20.000","°C","971.000","hPa","0.826","-0.01532","0.000401","-0.00012","0","11.08","Humid","30.45","0","49.40","251603.96","SABD0002000012","AAV2.0.0.13","4.0.0.2323","PSt7-10","171027-008","9/15/2022 2:43:31 PM","0000-00","0","no battery","V","","µV","","µV"
"11/15/2022","17:57:46","7","default","171425599","OXY_CH7","37.497","min","185.244","μmol/L","Humid","21.242","deg","90938","µV","28.737","°C","1025.000","hPa","36.0","pmil","0","55.700","deg","20.000","°C","100.000","%a.s.","22.210","deg","20.000","°C","971.000","hPa","0.826","-0.01532","0.000401","-0.00012","0","11.08","Humid","30.45","0","49.40","251597.49","SABD0002000012","AAV2.0.0.13","4.0.0.2323","PSt7-10","171027-008","9/15/2022 2:43:31 PM","0000-00","0","no battery","V","","µV","","µV"
"11/15/2022","17:57:47","7","default","171425599","OXY_CH7","37.514","min","185.294","μmol/L","Humid","21.239","deg","90946","µV","28.737","°C","1025.000","hPa","36.0","pmil","0","55.700","deg","20.000","°C","100.000","%a.s.","22.210","deg","20.000","°C","971.000","hPa","0.826","-0.01532","0.000401","-0.00012","0","11.08","Humid","30.45","0","49.40","251602.16","SABD0002000012","AAV2.0.0.13","4.0.0.2323","PSt7-10","171027-008","9/15/2022 2:43:31 PM","0000-00","0","no battery","V","","µV","","µV"
"11/15/2022","17:57:48","7","default","171425599","OXY_CH7","37.531","min","185.294","μmol/L","Humid","21.239","deg","90950","µV","28.737","°C","1025.000","hPa","36.0","pmil","0","55.700","deg","20.000","°C","100.000","%a.s.","22.210","deg","20.000","°C","971.000","hPa","0.826","-0.01532","0.000401","-0.00012","0","11.08","Humid","30.45","0","49.40","251592.20","SABD0002000012","AAV2.0.0.13","4.0.0.2323","PSt7-10","171027-008","9/15/2022 2:43:31 PM","0000-00","0","no battery","V","","µV","","µV"
"11/15/2022","17:57:49","7","default","171425599","OXY_CH7","37.547","min","185.326","μmol/L","Humid","21.237","deg","90943","µV","28.737","°C","1025.000","hPa","36.0","pmil","0","55.700","deg","20.000","°C","100.000","%a.s.","22.210","deg","20.000","°C","971.000","hPa","0.826","-0.01532","0.000401","-0.00012","0","11.08","Humid","30.45","0","49.40","251600.52","SABD0002000012","AAV2.0.0.13","4.0.0.2323","PSt7-10","171027-008","9/15/2022 2:43:31 PM","0000-00","0","no battery","V","","µV","","µV"
"11/15/2022","17:57:50","7","default","171425599","OXY_CH7","37.564","min","185.275","μmol/L","Humid","21.238","deg","90945","µV","28.743","°C","1025.000","hPa","36.0","pmil","0","55.700","deg","20.000","°C","100.000","%a.s.","22.210","deg","20.000","°C","971.000","hPa","0.826","-0.01532","0.000401","-0.00012","0","11.08","Humid","30.45","0","49.40","251592.53","SABD0002000012","AAV2.0.0.13","4.0.0.2323","PSt7-10","171027-008","9/15/2022 2:43:31 PM","0000-00","0","no battery","V","","µV","","µV"
"11/15/2022","17:57:51","7","default","171425599","OXY_CH7","37.581","min","185.296","μmol/L","Humid","21.241","deg","90949","µV","28.731","°C","1025.000","hPa","36.0","pmil","0","55.700","deg","20.000","°C","100.000","%a.s.","22.210","deg","20.000","°C","971.000","hPa","0.826","-0.01532","0.000401","-0.00012","0","11.08","Humid","30.45","0","49.40","251602.05","SABD0002000012","AAV2.0.0.13","4.0.0.2323","PSt7-10","171027-008","9/15/2022 2:43:31 PM","0000-00","0","no battery","V","","µV","","µV"
"11/15/2022","17:57:52","7","default","171425599","OXY_CH7","37.597","min","185.291","μmol/L","Humid","21.237","deg","90952","µV","28.743","°C","1025.000","hPa","36.0","pmil","0","55.700","deg","20.000","°C","100.000","%a.s.","22.210","deg","20.000","°C","971.000","hPa","0.826","-0.01532","0.000401","-0.00012","0","11.08","Humid","30.45","0","49.40","251600.58","SABD0002000012","AAV2.0.0.13","4.0.0.2323","PSt7-10","171027-008","9/15/2022 2:43:31 PM","0000-00","0","no battery","V","","µV","","µV"
"11/15/2022","17:57:53","7","default","171425599","OXY_CH7","37.613","min","185.277","μmol/L","Humid","21.240","deg","90955","µV","28.737","°C","1025.000","hPa","36.0","pmil","0","55.700","deg","20.000","°C","100.000","%a.s.","22.210","deg","20.000","°C","971.000","hPa","0.826","-0.01532","0.000401","-0.00012","0","11.08","Humid","30.45","0","49.40","251600.37","SABD0002000012","AAV2.0.0.13","4.0.0.2323","PSt7-10","171027-008","9/15/2022 2:43:31 PM","0000-00","0","no battery","V","","µV","","µV"
"11/15/2022","17:57:54","7","default","171425599","OXY_CH7","37.630","min","185.296","μmol/L","Humid","21.241","deg","90953","µV","28.731","°C","1025.000","hPa","36.0","pmil","0","55.700","deg","20.000","°C","100.000","%a.s.","22.210","deg","20.000","°C","971.000","hPa","0.826","-0.01532","0.000401","-0.00012","0","11.08","Humid","30.45","0","49.40","251594.38","SABD0002000012","AAV2.0.0.13","4.0.0.2323","PSt7-10","171027-008","9/15/2022 2:43:31 PM","0000-00","0","no battery","V","","µV","","µV"
"11/15/2022","17:57:55","7","default","171425599","OXY_CH7","37.647","min","185.294","μmol/L","Humid","21.239","deg","90961","µV","28.737","°C","1025.000","hPa","36.0","pmil","0","55.700","deg","20.000","°C","100.000","%a.s.","22.210","deg","20.000","°C","971.000","hPa","0.826","-0.01532","0.000401","-0.00012","0","11.08","Humid","30.45","0","49.40","251595.43","SABD0002000012","AAV2.0.0.13","4.0.0.2323","PSt7-10","171027-008","9/15/2022 2:43:31 PM","0000-00","0","no battery","V","","µV","","µV"
"11/15/2022","17:57:56","7","default","171425599","OXY_CH7","37.664","min","185.261","μmol/L","Humid","21.241","deg","90956","µV","28.737","°C","1025.000","hPa","36.0","pmil","0","55.700","deg","20.000","°C","100.000","%a.s.","22.210","deg","20.000","°C","971.000","hPa","0.826","-0.01532","0.000401","-0.00012","0","11.08","Humid","30.45","0","49.40","251594.48","SABD0002000012","AAV2.0.0.13","4.0.0.2323","PSt7-10","171027-008","9/15/2022 2:43:31 PM","0000-00","0","no battery","V","","µV","","µV"
"11/15/2022","17:57:57","7","default","171425599","OXY_CH7","37.680","min","185.263","μmol/L","Humid","21.243","deg","90961","µV","28.731","°C","1025.000","hPa","36.0","pmil","0","55.700","deg","20.000","°C","100.000","%a.s.","22.210","deg","20.000","°C","971.000","hPa","0.826","-0.01532","0.000401","-0.00012","0","11.08","Humid","30.45","0","49.40","251597.38","SABD0002000012","AAV2.0.0.13","4.0.0.2323","PSt7-10","171027-008","9/15/2022 2:43:31 PM","0000-00","0","no battery","V","","µV","","µV"
"11/15/2022","17:57:58","7","default","171425599","OXY_CH7","37.697","min","185.246","μmol/L","Humid","21.244","deg","90962","µV","28.731","°C","1025.000","hPa","36.0","pmil","0","55.700","deg","20.000","°C","100.000","%a.s.","22.210","deg","20.000","°C","971.000","hPa","0.826","-0.01532","0.000401","-0.00012","0","11.08","Humid","30.45","0","49.40","251589.50","SABD0002000012","AAV2.0.0.13","4.0.0.2323","PSt7-10","171027-008","9/15/2022 2:43:31 PM","0000-00","0","no battery","V","","µV","","µV"
"11/15/2022","17:57:59","7","default","171425599","OXY_CH7","37.714","min","185.246","μmol/L","Humid","21.244","deg","90960","µV","28.731","°C","1025.000","hPa","36.0","pmil","0","55.700","deg","20.000","°C","100.000","%a.s.","22.210","deg","20.000","°C","971.000","hPa","0.826","-0.01532","0.000401","-0.00012","0","11.08","Humid","30.45","0","49.40","251594.10","SABD0002000012","AAV2.0.0.13","4.0.0.2323","PSt7-10","171027-008","9/15/2022 2:43:31 PM","0000-00","0","no battery","V","","µV","","µV"
"11/15/2022","17:58:00","7","default","171425599","OXY_CH7","37.731","min","185.310","μmol/L","Humid","21.238","deg","90968","µV","28.737","°C","1025.000","hPa","36.0","pmil","0","55.700","deg","20.000","°C","100.000","%a.s.","22.210","deg","20.000","°C","971.000","hPa","0.826","-0.01532","0.000401","-0.00012","0","11.08","Humid","30.45","0","49.40","251587.22","SABD0002000012","AAV2.0.0.13","4.0.0.2323","PSt7-10","171027-008","9/15/2022 2:43:31 PM","0000-00","0","no battery","V","","µV","","µV"
"11/15/2022","17:58:01","7","default","171425599","OXY_CH7","37.747","min","185.279","μmol/L","Humid","21.242","deg","90967","µV","28.731","°C","1025.000","hPa","36.0","pmil","0","55.700","deg","20.000","°C","100.000","%a.s.","22.210","deg","20.000","°C","971.000","hPa","0.826","-0.01532","0.000401","-0.00012","0","11.08","Humid","30.45","0","49.40","251597.10","SABD0002000012","AAV2.0.0.13","4.0.0.2323","PSt7-10","171027-008","9/15/2022 2:43:31 PM","0000-00","0","no battery","V","","µV","","µV"
"11/15/2022","17:58:02","7","default","171425599","OXY_CH7","37.764","min","185.212","μmol/L","Humid","21.244","deg","90972","µV","28.737","°C","1025.000","hPa","36.0","pmil","0","55.700","deg","20.000","°C","100.000","%a.s.","22.210","deg","20.000","°C","971.000","hPa","0.826","-0.01532","0.000401","-0.00012","0","11.08","Humid","30.45","0","49.40","251582.55","SABD0002000012","AAV2.0.0.13","4.0.0.2323","PSt7-10","171027-008","9/15/2022 2:43:31 PM","0000-00","0","no battery","V","","µV","","µV"
"11/15/2022","17:58:03","7","default","171425599","OXY_CH7","37.780","min","185.197","μmol/L","Humid","21.247","deg","90970","µV","28.731","°C","1025.000","hPa","36.0","pmil","0","55.700","deg","20.000","°C","100.000","%a.s.","22.210","deg","20.000","°C","971.000","hPa","0.826","-0.01532","0.000401","-0.00012","0","11.08","Humid","30.45","0","49.40","251581.53","SABD0002000012","AAV2.0.0.13","4.0.0.2323","PSt7-10","171027-008","9/15/2022 2:43:31 PM","0000-00","0","no battery","V","","µV","","µV"
"11/15/2022","17:58:04","7","default","171425599","OXY_CH7","37.797","min","185.226","μmol/L","Humid","21.241","deg","90971","µV","28.743","°C","1025.000","hPa","36.0","pmil","0","55.700","deg","20.000","°C","100.000","%a.s.","22.210","deg","20.000","°C","971.000","hPa","0.826","-0.01532","0.000401","-0.00012","0","11.08","Humid","30.45","0","49.40","251584.95","SABD0002000012","AAV2.0.0.13","4.0.0.2323","PSt7-10","171027-008","9/15/2022 2:43:31 PM","0000-00","0","no battery","V","","µV","","µV"
"11/15/2022","17:58:05","7","default","171425599","OXY_CH7","37.814","min","185.310","μmol/L","Humid","21.238","deg","90981","µV","28.737","°C","1025.000","hPa","36.0","pmil","0","55.700","deg","20.000","°C","100.000","%a.s.","22.210","deg","20.000","°C","971.000","hPa","0.826","-0.01532","0.000401","-0.00012","0","11.08","Humid","30.45","0","49.40","251585.61","SABD0002000012","AAV2.0.0.13","4.0.0.2323","PSt7-10","171027-008","9/15/2022 2:43:31 PM","0000-00","0","no battery","V","","µV","","µV"
"11/15/2022","17:58:06","7","default","171425599","OXY_CH7","37.831","min","185.296","μmol/L","Humid","21.241","deg","90973","µV","28.731","°C","1025.000","hPa","36.0","pmil","0","55.700","deg","20.000","°C","100.000","%a.s.","22.210","deg","20.000","°C","971.000","hPa","0.826","-0.01532","0.000401","-0.00012","0","11.08","Humid","30.45","0","49.40","251589.82","SABD0002000012","AAV2.0.0.13","4.0.0.2323","PSt7-10","171027-008","9/15/2022 2:43:31 PM","0000-00","0","no battery","V","","µV","","µV"
"11/15/2022","17:58:07","7","default","171425599","OXY_CH7","37.847","min","185.244","μmol/L","Humid","21.242","deg","90981","µV","28.737","°C","1025.000","hPa","36.0","pmil","0","55.700","deg","20.000","°C","100.000","%a.s.","22.210","deg","20.000","°C","971.000","hPa","0.826","-0.01532","0.000401","-0.00012","0","11.08","Humid","30.45","0","49.40","251597.62","SABD0002000012","AAV2.0.0.13","4.0.0.2323","PSt7-10","171027-008","9/15/2022 2:43:31 PM","0000-00","0","no battery","V","","µV","","µV"
"11/15/2022","17:58:08","7","default","171425599","OXY_CH7","37.864","min","185.195","μmol/L","Humid","21.245","deg","90978","µV","28.737","°C","1025.000","hPa","36.0","pmil","0","55.700","deg","20.000","°C","100.000","%a.s.","22.210","deg","20.000","°C","971.000","hPa","0.826","-0.01532","0.000401","-0.00012","0","11.08","Humid","30.45","0","49.40","251596.17","SABD0002000012","AAV2.0.0.13","4.0.0.2323","PSt7-10","171027-008","9/15/2022 2:43:31 PM","0000-00","0","no battery","V","","µV","","µV"
"11/15/2022","17:58:09","7","default","171425599","OXY_CH7","37.880","min","185.261","μmol/L","Humid","21.241","deg","90979","µV","28.737","°C","1025.000","hPa","36.0","pmil","0","55.700","deg","20.000","°C","100.000","%a.s.","22.210","deg","20.000","°C","971.000","hPa","0.826","-0.01532","0.000401","-0.00012","0","11.08","Humid","30.45","0","49.40","251598.92","SABD0002000012","AAV2.0.0.13","4.0.0.2323","PSt7-10","171027-008","9/15/2022 2:43:31 PM","0000-00","0","no battery","V","","µV","","µV"
"11/15/2022","17:58:10","7","default","171425599","OXY_CH7","37.897","min","185.195","μmol/L","Humid","21.245","deg","90984","µV","28.737","°C","1025.000","hPa","36.0","pmil","0","55.700","deg","20.000","°C","100.000","%a.s.","22.210","deg","20.000","°C","971.000","hPa","0.826","-0.01532","0.000401","-0.00012","0","11.08","Humid","30.45","0","49.40","251590.45","SABD0002000012","AAV2.0.0.13","4.0.0.2323","PSt7-10","171027-008","9/15/2022 2:43:31 PM","0000-00","0","no battery","V","","µV","","µV"
"11/15/2022","17:58:11","7","default","171425599","OXY_CH7","37.914","min","185.296","μmol/L","Humid","21.241","deg","90981","µV","28.731","°C","1025.000","hPa","36.0","pmil","0","55.700","deg","20.000","°C","100.000","%a.s.","22.210","deg","20.000","°C","971.000","hPa","0.826","-0.01532","0.000401","-0.00012","0","11.08","Humid","30.45","0","49.40","251597.45","SABD0002000012","AAV2.0.0.13","4.0.0.2323","PSt7-10","171027-008","9/15/2022 2:43:31 PM","0000-00","0","no battery","V","","µV","","µV"
"11/15/2022","17:58:12","7","default","171425599","OXY_CH7","37.930","min","185.263","μmol/L","Humid","21.243","deg","90995","µV","28.731","°C","1025.000","hPa","36.0","pmil","0","55.700","deg","20.000","°C","100.000","%a.s.","22.210","deg","20.000","°C","971.000","hPa","0.826","-0.01532","0.000401","-0.00012","0","11.08","Humid","30.45","0","49.40","251596.16","SABD0002000012","AAV2.0.0.13","4.0.0.2323","PSt7-10","171027-008","9/15/2022 2:43:31 PM","0000-00","0","no battery","V","","µV","","µV"
"11/15/2022","17:58:13","7","default","171425599","OXY_CH7","37.947","min","185.212","μmol/L","Humid","21.244","deg","90981","µV","28.737","°C","1025.000","hPa","36.0","pmil","0","55.700","deg","20.000","°C","100.000","%a.s.","22.210","deg","20.000","°C","971.000","hPa","0.826","-0.01532","0.000401","-0.00012","0","11.08","Humid","30.45","0","49.40","251588.34","SABD0002000012","AAV2.0.0.13","4.0.0.2323","PSt7-10","171027-008","9/15/2022 2:43:31 PM","0000-00","0","no battery","V","","µV","","µV"
"11/15/2022","17:58:14","7","default","171425599","OXY_CH7","37.964","min","185.127","μmol/L","Humid","21.247","deg","90986","µV","28.743","°C","1025.000","hPa","36.0","pmil","0","55.700","deg","20.000","°C","100.000","%a.s.","22.210","deg","20.000","°C","971.000","hPa","0.826","-0.01532","0.000401","-0.00012","0","11.08","Humid","30.45","0","49.40","251583.03","SABD0002000012","AAV2.0.0.13","4.0.0.2323","PSt7-10","171027-008","9/15/2022 2:43:31 PM","0000-00","0","no battery","V","","µV","","µV"
"11/15/2022","17:58:15","7","default","171425599","OXY_CH7","37.981","min","185.230","μmol/L","Humid","21.245","deg","90994","µV","28.731","°C","1025.000","hPa","36.0","pmil","0","55.700","deg","20.000","°C","100.000","%a.s.","22.210","deg","20.000","°C","971.000","hPa","0.826","-0.01532","0.000401","-0.00012","0","11.08","Humid","30.45","0","49.40","251586.84","SABD0002000012","AAV2.0.0.13","4.0.0.2323","PSt7-10","171027-008","9/15/2022 2:43:31 PM","0000-00","0","no battery","V","","µV","","µV"
"11/15/2022","17:58:16","7","default","171425599","OXY_CH7","37.997","min","185.146","μmol/L","Humid","21.248","deg","90998","µV","28.737","°C","1025.000","hPa","36.0","pmil","0","55.700","deg","20.000","°C","100.000","%a.s.","22.210","deg","20.000","°C","971.000","hPa","0.826","-0.01532","0.000401","-0.00012","0","11.08","Humid","30.45","0","49.40","251594.16","SABD0002000012","AAV2.0.0.13","4.0.0.2323","PSt7-10","171027-008","9/15/2022 2:43:31 PM","0000-00","0","no battery","V","","µV","","µV"
"11/15/2022","17:58:17","7","default","171425599","OXY_CH7","38.013","min","185.230","μmol/L","Humid","21.245","deg","90997","µV","28.731","°C","1025.000","hPa","36.0","pmil","0","55.700","deg","20.000","°C","100.000","%a.s.","22.210","deg","20.000","°C","971.000","hPa","0.826","-0.01532","0.000401","-0.00012","0","11.08","Humid","30.45","0","49.40","251578.16","SABD0002000012","AAV2.0.0.13","4.0.0.2323","PSt7-10","171027-008","9/15/2022 2:43:31 PM","0000-00","0","no battery","V","","µV","","µV"
"11/15/2022","17:58:18","7","default","171425599","OXY_CH7","38.030","min","185.195","μmol/L","Humid","21.245","deg","90993","µV","28.737","°C","1025.000","hPa","36.0","pmil","0","55.700","deg","20.000","°C","100.000","%a.s.","22.210","deg","20.000","°C","971.000","hPa","0.826","-0.01532","0.000401","-0.00012","0","11.08","Humid","30.45","0","49.40","251590.84","SABD0002000012","AAV2.0.0.13","4.0.0.2323","PSt7-10","171027-008","9/15/2022 2:43:31 PM","0000-00","0","no battery","V","","µV","","µV"
"11/15/2022","17:58:19","7","default","171425599","OXY_CH7","38.047","min","185.263","μmol/L","Humid","21.243","deg","90995","µV","28.731","°C","1025.000","hPa","36.0","pmil","0","55.700","deg","20.000","°C","100.000","%a.s.","22.210","deg","20.000","°C","971.000","hPa","0.826","-0.01532","0.000401","-0.00012","0","11.08","Humid","30.45","0","49.40","251586.16","SABD0002000012","AAV2.0.0.13","4.0.0.2323","PSt7-10","171027-008","9/15/2022 2:43:31 PM","0000-00","0","no battery","V","","µV","","µV"
"11/15/2022","17:58:20","7","default","171425599","OXY_CH7","38.064","min","185.214","μmol/L","Humid","21.246","deg","91002","µV","28.731","°C","1025.000","hPa","36.0","pmil","0","55.700","deg","20.000","°C","100.000","%a.s.","22.210","deg","20.000","°C","971.000","hPa","0.826","-0.01532","0.000401","-0.00012","0","11.08","Humid","30.45","0","49.40","251574.55","SABD0002000012","AAV2.0.0.13","4.0.0.2323","PSt7-10","171027-008","9/15/2022 2:43:31 PM","0000-00","0","no battery","V","","µV","","µV"
"11/15/2022","17:58:21","7","default","171425599","OXY_CH7","38.081","min","185.214","μmol/L","Humid","21.246","deg","91005","µV","28.731","°C","1025.000","hPa","36.0","pmil","0","55.700","deg","20.000","°C","100.000","%a.s.","22.210","deg","20.000","°C","971.000","hPa","0.826","-0.01532","0.000401","-0.00012","0","11.08","Humid","30.45","0","49.40","251590.76","SABD0002000012","AAV2.0.0.13","4.0.0.2323","PSt7-10","171027-008","9/15/2022 2:43:31 PM","0000-00","0","no battery","V","","µV","","µV"
"11/15/2022","17:58:22","7","default","171425599","OXY_CH7","38.097","min","185.263","μmol/L","Humid","21.243","deg","91001","µV","28.731","°C","1025.000","hPa","36.0","pmil","0","55.700","deg","20.000","°C","100.000","%a.s.","22.210","deg","20.000","°C","971.000","hPa","0.826","-0.01532","0.000401","-0.00012","0","11.08","Humid","30.45","0","49.40","251582.53","SABD0002000012","AAV2.0.0.13","4.0.0.2323","PSt7-10","171027-008","9/15/2022 2:43:31 PM","0000-00","0","no battery","V","","µV","","µV"
"11/15/2022","17:58:23","7","default","171425599","OXY_CH7","38.114","min","185.212","μmol/L","Humid","21.244","deg","91005","µV","28.737","°C","1025.000","hPa","36.0","pmil","0","55.700","deg","20.000","°C","100.000","%a.s.","22.210","deg","20.000","°C","971.000","hPa","0.826","-0.01532","0.000401","-0.00012","0","11.08","Humid","30.45","0","49.40","251581.24","SABD0002000012","AAV2.0.0.13","4.0.0.2323","PSt7-10","171027-008","9/15/2022 2:43:31 PM","0000-00","0","no battery","V","","µV","","µV"
"11/15/2022","17:58:24","7","default","171425599","OXY_CH7","38.131","min","185.162","μmol/L","Humid","21.247","deg","91001","µV","28.737","°C","1025.000","hPa","36.0","pmil","0","55.700","deg","20.000","°C","100.000","%a.s.","22.210","deg","20.000","°C","971.000","hPa","0.826","-0.01532","0.000401","-0.00012","0","11.08","Humid","30.45","0","49.40","251575.14","SABD0002000012","AAV2.0.0.13","4.0.0.2323","PSt7-10","171027-008","9/15/2022 2:43:31 PM","0000-00","0","no battery","V","","µV","","µV"
"11/15/2022","17:58:25","7","default","171425599","OXY_CH7","38.147","min","185.214","μmol/L","Humid","21.246","deg","91007","µV","28.731","°C","1025.000","hPa","36.0","pmil","0","55.700","deg","20.000","°C","100.000","%a.s.","22.210","deg","20.000","°C","971.000","hPa","0.826","-0.01532","0.000401","-0.00012","0","11.08","Humid","30.45","0","49.40","251564.56","SABD0002000012","AAV2.0.0.13","4.0.0.2323","PSt7-10","171027-008","9/15/2022 2:43:31 PM","0000-00","0","no battery","V","","µV","","µV"
"11/15/2022","17:58:26","7","default","171425599","OXY_CH7","38.163","min","185.212","μmol/L","Humid","21.244","deg","91006","µV","28.737","°C","1025.000","hPa","36.0","pmil","0","55.700","deg","20.000","°C","100.000","%a.s.","22.210","deg","20.000","°C","971.000","hPa","0.826","-0.01532","0.000401","-0.00012","0","11.08","Humid","30.45","0","49.40","251567.46","SABD0002000012","AAV2.0.0.13","4.0.0.2323","PSt7-10","171027-008","9/15/2022 2:43:31 PM","0000-00","0","no battery","V","","µV","","µV"
"11/15/2022","17:58:27","7","default","171425599","OXY_CH7","38.180","min","185.130","μmol/L","Humid","21.249","deg","91012","µV","28.737","°C","1025.000","hPa","36.0","pmil","0","55.700","deg","20.000","°C","100.000","%a.s.","22.210","deg","20.000","°C","971.000","hPa","0.826","-0.01532","0.000401","-0.00012","0","11.08","Humid","30.45","0","49.40","251582.28","SABD0002000012","AAV2.0.0.13","4.0.0.2323","PSt7-10","171027-008","9/15/2022 2:43:31 PM","0000-00","0","no battery","V","","µV","","µV"
"11/15/2022","17:58:28","7","default","171425599","OXY_CH7","38.197","min","185.130","μmol/L","Humid","21.249","deg","91008","µV","28.737","°C","1025.000","hPa","36.0","pmil","0","55.700","deg","20.000","°C","100.000","%a.s.","22.210","deg","20.000","°C","971.000","hPa","0.826","-0.01532","0.000401","-0.00012","0","11.08","Humid","30.45","0","49.40","251572.95","SABD0002000012","AAV2.0.0.13","4.0.0.2323","PSt7-10","171027-008","9/15/2022 2:43:31 PM","0000-00","0","no battery","V","","µV","","µV"
"11/15/2022","17:58:29","7","default","171425599","OXY_CH7","38.214","min","185.146","μmol/L","Humid","21.248","deg","91015","µV","28.737","°C","1025.000","hPa","36.0","pmil","0","55.700","deg","20.000","°C","100.000","%a.s.","22.210","deg","20.000","°C","971.000","hPa","0.826","-0.01532","0.000401","-0.00012","0","11.08","Humid","30.45","0","49.40","251585.75","SABD0002000012","AAV2.0.0.13","4.0.0.2323","PSt7-10","171027-008","9/15/2022 2:43:31 PM","0000-00","0","no battery","V","","µV","","µV"
"11/15/2022","17:58:30","7","default","171425599","OXY_CH7","38.231","min","185.130","μmol/L","Humid","21.249","deg","91016","µV","28.737","°C","1025.000","hPa","36.0","pmil","0","55.700","deg","20.000","°C","100.000","%a.s.","22.210","deg","20.000","°C","971.000","hPa","0.826","-0.01532","0.000401","-0.00012","0","11.08","Humid","30.45","0","49.40","251580.06","SABD0002000012","AAV2.0.0.13","4.0.0.2323","PSt7-10","171027-008","9/15/2022 2:43:31 PM","0000-00","0","no battery","V","","µV","","µV"
"11/15/2022","17:58:31","7","default","171425599","OXY_CH7","38.247","min","185.249","μmol/L","Humid","21.246","deg","91014","µV","28.725","°C","1025.000","hPa","36.0","pmil","0","55.700","deg","20.000","°C","100.000","%a.s.","22.210","deg","20.000","°C","971.000","hPa","0.826","-0.01532","0.000401","-0.00012","0","11.08","Humid","30.45","0","49.40","251566.64","SABD0002000012","AAV2.0.0.13","4.0.0.2323","PSt7-10","171027-008","9/15/2022 2:43:31 PM","0000-00","0","no battery","V","","µV","","µV"
"11/15/2022","17:58:32","7","default","171425599","OXY_CH7","38.264","min","185.130","μmol/L","Humid","21.249","deg","91020","µV","28.737","°C","1025.000","hPa","36.0","pmil","0","55.700","deg","20.000","°C","100.000","%a.s.","22.210","deg","20.000","°C","971.000","hPa","0.826","-0.01532","0.000401","-0.00012","0","11.08","Humid","30.45","0","49.40","251574.91","SABD0002000012","AAV2.0.0.13","4.0.0.2323","PSt7-10","171027-008","9/15/2022 2:43:31 PM","0000-00","0","no battery","V","","µV","","µV"
"11/15/2022","17:58:33","7","default","171425599","OXY_CH7","38.281","min","185.164","μmol/L","Humid","21.249","deg","91022","µV","28.731","°C","1025.000","hPa","36.0","pmil","0","55.700","deg","20.000","°C","100.000","%a.s.","22.210","deg","20.000","°C","971.000","hPa","0.826","-0.01532","0.000401","-0.00012","0","11.08","Humid","30.45","0","49.40","251597.35","SABD0002000012","AAV2.0.0.13","4.0.0.2323","PSt7-10","171027-008","9/15/2022 2:43:31 PM","0000-00","0","no battery","V","","µV","","µV"
"11/15/2022","17:58:34","7","default","171425599","OXY_CH7","38.297","min","185.080","μmol/L","Humid","21.252","deg","91024","µV","28.737","°C","1025.000","hPa","36.0","pmil","0","55.700","deg","20.000","°C","100.000","%a.s.","22.210","deg","20.000","°C","971.000","hPa","0.826","-0.01532","0.000401","-0.00012","0","11.08","Humid","30.45","0","49.40","251581.85","SABD0002000012","AAV2.0.0.13","4.0.0.2323","PSt7-10","171027-008","9/15/2022 2:43:31 PM","0000-00","0","no battery","V","","µV","","µV"
"11/15/2022","17:58:35","7","default","171425599","OXY_CH7","38.313","min","185.113","μmol/L","Humid","21.250","deg","91022","µV","28.737","°C","1025.000","hPa","36.0","pmil","0","55.700","deg","20.000","°C","100.000","%a.s.","22.210","deg","20.000","°C","971.000","hPa","0.826","-0.01532","0.000401","-0.00012","0","11.08","Humid","30.45","0","49.40","251585.50","SABD0002000012","AAV2.0.0.13","4.0.0.2323","PSt7-10","171027-008","9/15/2022 2:43:31 PM","0000-00","0","no battery","V","","µV","","µV"
"11/15/2022","17:58:36","7","default","171425599","OXY_CH7","38.330","min","185.064","μmol/L","Humid","21.253","deg","91022","µV","28.737","°C","1025.000","hPa","36.0","pmil","0","55.700","deg","20.000","°C","100.000","%a.s.","22.210","deg","20.000","°C","971.000","hPa","0.826","-0.01532","0.000401","-0.00012","0","11.08","Humid","30.45","0","49.40","251569.22","SABD0002000012","AAV2.0.0.13","4.0.0.2323","PSt7-10","171027-008","9/15/2022 2:43:31 PM","0000-00","0","no battery","V","","µV","","µV"
"11/15/2022","17:58:37","7","default","171425599","OXY_CH7","38.347","min","185.162","μmol/L","Humid","21.247","deg","91027","µV","28.737","°C","1025.000","hPa","36.0","pmil","0","55.700","deg","20.000","°C","100.000","%a.s.","22.210","deg","20.000","°C","971.000","hPa","0.826","-0.01532","0.000401","-0.00012","0","11.08","Humid","30.45","0","49.40","251585.88","SABD0002000012","AAV2.0.0.13","4.0.0.2323","PSt7-10","171027-008","9/15/2022 2:43:31 PM","0000-00","0","no battery","V","","µV","","µV"
"11/15/2022","17:58:38","7","default","171425599","OXY_CH7","38.364","min","185.113","μmol/L","Humid","21.250","deg","91030","µV","28.737","°C","1025.000","hPa","36.0","pmil","0","55.700","deg","20.000","°C","100.000","%a.s.","22.210","deg","20.000","°C","971.000","hPa","0.826","-0.01532","0.000401","-0.00012","0","11.08","Humid","30.45","0","49.40","251571.87","SABD0002000012","AAV2.0.0.13","4.0.0.2323","PSt7-10","171027-008","9/15/2022 2:43:31 PM","0000-00","0","no battery","V","","µV","","µV"
"11/15/2022","17:58:39","7","default","171425599","OXY_CH7","38.381","min","185.080","μmol/L","Humid","21.252","deg","91029","µV","28.737","°C","1025.000","hPa","36.0","pmil","0","55.700","deg","20.000","°C","100.000","%a.s.","22.210","deg","20.000","°C","971.000","hPa","0.826","-0.01532","0.000401","-0.00012","0","11.08","Humid","30.45","0","49.40","251572.99","SABD0002000012","AAV2.0.0.13","4.0.0.2323","PSt7-10","171027-008","9/15/2022 2:43:31 PM","0000-00","0","no battery","V","","µV","","µV"
"11/15/2022","17:58:40","7","default","171425599","OXY_CH7","38.397","min","185.048","μmol/L","Humid","21.254","deg","91032","µV","28.737","°C","1025.000","hPa","36.0","pmil","0","55.700","deg","20.000","°C","100.000","%a.s.","22.210","deg","20.000","°C","971.000","hPa","0.826","-0.01532","0.000401","-0.00012","0","11.08","Humid","30.45","0","49.40","251567.97","SABD0002000012","AAV2.0.0.13","4.0.0.2323","PSt7-10","171027-008","9/15/2022 2:43:31 PM","0000-00","0","no battery","V","","µV","","µV"
"11/15/2022","17:58:41","7","default","171425599","OXY_CH7","38.414","min","185.099","μmol/L","Humid","21.253","deg","91034","µV","28.731","°C","1025.000","hPa","36.0","pmil","0","55.700","deg","20.000","°C","100.000","%a.s.","22.210","deg","20.000","°C","971.000","hPa","0.826","-0.01532","0.000401","-0.00012","0","11.08","Humid","30.45","0","49.40","251565.37","SABD0002000012","AAV2.0.0.13","4.0.0.2323","PSt7-10","171027-008","9/15/2022 2:43:31 PM","0000-00","0","no battery","V","","µV","","µV"
"11/15/2022","17:58:42","7","default","171425599","OXY_CH7","38.431","min","185.066","μmol/L","Humid","21.255","deg","91035","µV","28.731","°C","1025.000","hPa","36.0","pmil","0","55.700","deg","20.000","°C","100.000","%a.s.","22.210","deg","20.000","°C","971.000","hPa","0.826","-0.01532","0.000401","-0.00012","0","11.08","Humid","30.45","0","49.40","251565.25","SABD0002000012","AAV2.0.0.13","4.0.0.2323","PSt7-10","171027-008","9/15/2022 2:43:31 PM","0000-00","0","no battery","V","","µV","","µV"
"11/15/2022","17:58:43","7","default","171425599","OXY_CH7","38.447","min","185.062","μmol/L","Humid","21.251","deg","91032","µV","28.743","°C","1025.000","hPa","36.0","pmil","0","55.700","deg","20.000","°C","100.000","%a.s.","22.210","deg","20.000","°C","971.000","hPa","0.826","-0.01532","0.000401","-0.00012","0","11.08","Humid","30.45","0","49.40","251571.70","SABD0002000012","AAV2.0.0.13","4.0.0.2323","PSt7-10","171027-008","9/15/2022 2:43:31 PM","0000-00","0","no battery","V","","µV","","µV"
"11/15/2022","17:58:44","7","default","171425599","OXY_CH7","38.464","min","185.164","μmol/L","Humid","21.249","deg","91033","µV","28.731","°C","1025.000","hPa","36.0","pmil","0","55.700","deg","20.000","°C","100.000","%a.s.","22.210","deg","20.000","°C","971.000","hPa","0.826","-0.01532","0.000401","-0.00012","0","11.08","Humid","30.45","0","49.40","251565.14","SABD0002000012","AAV2.0.0.13","4.0.0.2323","PSt7-10","171027-008","9/15/2022 2:43:31 PM","0000-00","0","no battery","V","","µV","","µV"
"11/15/2022","17:58:45","7","default","171425599","OXY_CH7","38.480","min","185.132","μmol/L","Humid","21.251","deg","91038","µV","28.731","°C","1025.000","hPa","36.0","pmil","0","55.700","deg","20.000","°C","100.000","%a.s.","22.210","deg","20.000","°C","971.000","hPa","0.826","-0.01532","0.000401","-0.00012","0","11.08","Humid","30.45","0","49.40","251563.26","SABD0002000012","AAV2.0.0.13","4.0.0.2323","PSt7-10","171027-008","9/15/2022 2:43:31 PM","0000-00","0","no battery","V","","µV","","µV"
"11/15/2022","17:58:46","7","default","171425599","OXY_CH7","38.497","min","185.148","μmol/L","Humid","21.250","deg","91036","µV","28.731","°C","1025.000","hPa","36.0","pmil","0","55.700","deg","20.000","°C","100.000","%a.s.","22.210","deg","20.000","°C","971.000","hPa","0.826","-0.01532","0.000401","-0.00012","0","11.08","Humid","30.45","0","49.40","251572.50","SABD0002000012","AAV2.0.0.13","4.0.0.2323","PSt7-10","171027-008","9/15/2022 2:43:31 PM","0000-00","0","no battery","V","","µV","","µV"
"11/15/2022","17:58:47","7","default","171425599","OXY_CH7","38.514","min","185.080","μmol/L","Humid","21.252","deg","91045","µV","28.737","°C","1025.000","hPa","36.0","pmil","0","55.700","deg","20.000","°C","100.000","%a.s.","22.210","deg","20.000","°C","971.000","hPa","0.826","-0.01532","0.000401","-0.00012","0","11.08","Humid","30.45","0","49.40","251561.93","SABD0002000012","AAV2.0.0.13","4.0.0.2323","PSt7-10","171027-008","9/15/2022 2:43:31 PM","0000-00","0","no battery","V","","µV","","µV"
"11/15/2022","17:58:48","7","default","171425599","OXY_CH7","38.531","min","185.066","μmol/L","Humid","21.255","deg","91047","µV","28.731","°C","1025.000","hPa","36.0","pmil","0","55.700","deg","20.000","°C","100.000","%a.s.","22.210","deg","20.000","°C","971.000","hPa","0.826","-0.01532","0.000401","-0.00012","0","11.08","Humid","30.45","0","49.40","251567.56","SABD0002000012","AAV2.0.0.13","4.0.0.2323","PSt7-10","171027-008","9/15/2022 2:43:31 PM","0000-00","0","no battery","V","","µV","","µV"
"11/15/2022","17:58:49","7","default","171425599","OXY_CH7","38.547","min","185.080","μmol/L","Humid","21.252","deg","91041","µV","28.737","°C","1025.000","hPa","36.0","pmil","0","55.700","deg","20.000","°C","100.000","%a.s.","22.210","deg","20.000","°C","971.000","hPa","0.826","-0.01532","0.000401","-0.00012","0","11.08","Humid","30.45","0","49.40","251565.63","SABD0002000012","AAV2.0.0.13","4.0.0.2323","PSt7-10","171027-008","9/15/2022 2:43:31 PM","0000-00","0","no battery","V","","µV","","µV"
"11/15/2022","17:58:50","7","default","171425599","OXY_CH7","38.564","min","185.048","μmol/L","Humid","21.254","deg","91045","µV","28.737","°C","1025.000","hPa","36.0","pmil","0","55.700","deg","20.000","°C","100.000","%a.s.","22.210","deg","20.000","°C","971.000","hPa","0.826","-0.01532","0.000401","-0.00012","0","11.08","Humid","30.45","0","49.40","251564.45","SABD0002000012","AAV2.0.0.13","4.0.0.2323","PSt7-10","171027-008","9/15/2022 2:43:31 PM","0000-00","0","no battery","V","","µV","","µV"
"11/15/2022","17:58:51","7","default","171425599","OXY_CH7","38.580","min","185.132","μmol/L","Humid","21.251","deg","91046","µV","28.731","°C","1025.000","hPa","36.0","pmil","0","55.700","deg","20.000","°C","100.000","%a.s.","22.210","deg","20.000","°C","971.000","hPa","0.826","-0.01532","0.000401","-0.00012","0","11.08","Humid","30.45","0","49.40","251568.63","SABD0002000012","AAV2.0.0.13","4.0.0.2323","PSt7-10","171027-008","9/15/2022 2:43:31 PM","0000-00","0","no battery","V","","µV","","µV"
"11/15/2022","17:58:52","7","default","171425599","OXY_CH7","38.597","min","185.099","μmol/L","Humid","21.253","deg","91056","µV","28.731","°C","1025.000","hPa","36.0","pmil","0","55.700","deg","20.000","°C","100.000","%a.s.","22.210","deg","20.000","°C","971.000","hPa","0.826","-0.01532","0.000401","-0.00012","0","11.08","Humid","30.45","0","49.40","251580.89","SABD0002000012","AAV2.0.0.13","4.0.0.2323","PSt7-10","171027-008","9/15/2022 2:43:31 PM","0000-00","0","no battery","V","","µV","","µV"
"11/15/2022","17:58:53","7","default","171425599","OXY_CH7","38.614","min","185.050","μmol/L","Humid","21.256","deg","91066","µV","28.731","°C","1025.000","hPa","36.0","pmil","0","55.700","deg","20.000","°C","100.000","%a.s.","22.210","deg","20.000","°C","971.000","hPa","0.826","-0.01532","0.000401","-0.00012","0","11.08","Humid","30.45","0","49.40","251579.95","SABD0002000012","AAV2.0.0.13","4.0.0.2323","PSt7-10","171027-008","9/15/2022 2:43:31 PM","0000-00","0","no battery","V","","µV","","µV"
"11/15/2022","17:58:54","7","default","171425599","OXY_CH7","38.630","min","185.048","μmol/L","Humid","21.254","deg","91061","µV","28.737","°C","1025.000","hPa","36.0","pmil","0","55.700","deg","20.000","°C","100.000","%a.s.","22.210","deg","20.000","°C","971.000","hPa","0.826","-0.01532","0.000401","-0.00012","0","11.08","Humid","30.45","0","49.40","251590.92","SABD0002000012","AAV2.0.0.13","4.0.0.2323","PSt7-10","171027-008","9/15/2022 2:43:31 PM","0000-00","0","no battery","V","","µV","","µV"
"11/15/2022","17:58:55","7","default","171425599","OXY_CH7","38.647","min","185.134","μmol/L","Humid","21.253","deg","91058","µV","28.725","°C","1025.000","hPa","36.0","pmil","0","55.700","deg","20.000","°C","100.000","%a.s.","22.210","deg","20.000","°C","971.000","hPa","0.826","-0.01532","0.000401","-0.00012","0","11.08","Humid","30.45","0","49.40","251569.53","SABD0002000012","AAV2.0.0.13","4.0.0.2323","PSt7-10","171027-008","9/15/2022 2:43:31 PM","0000-00","0","no battery","V","","µV","","µV"
"11/15/2022","17:58:56","7","default","171425599","OXY_CH7","38.664","min","185.099","μmol/L","Humid","21.253","deg","91060","µV","28.731","°C","1025.000","hPa","36.0","pmil","0","55.700","deg","20.000","°C","100.000","%a.s.","22.210","deg","20.000","°C","971.000","hPa","0.826","-0.01532","0.000401","-0.00012","0","11.08","Humid","30.45","0","49.40","251565.73","SABD0002000012","AAV2.0.0.13","4.0.0.2323","PSt7-10","171027-008","9/15/2022 2:43:31 PM","0000-00","0","no battery","V","","µV","","µV"
"11/15/2022","17:58:57","7","default","171425599","OXY_CH7","38.681","min","185.117","μmol/L","Humid","21.254","deg","91053","µV","28.725","°C","1025.000","hPa","36.0","pmil","0","55.700","deg","20.000","°C","100.000","%a.s.","22.210","deg","20.000","°C","971.000","hPa","0.826","-0.01532","0.000401","-0.00012","0","11.08","Humid","30.45","0","49.40","251574.68","SABD0002000012","AAV2.0.0.13","4.0.0.2323","PSt7-10","171027-008","9/15/2022 2:43:31 PM","0000-00","0","no battery","V","","µV","","µV"
"11/15/2022","17:58:58","7","default","171425599","OXY_CH7","38.698","min","185.031","μmol/L","Humid","21.255","deg","91063","µV","28.737","°C","1025.000","hPa","36.0","pmil","0","55.700","deg","20.000","°C","100.000","%a.s.","22.210","deg","20.000","°C","971.000","hPa","0.826","-0.01532","0.000401","-0.00012","0","11.08","Humid","30.45","0","49.40","251571.03","SABD0002000012","AAV2.0.0.13","4.0.0.2323","PSt7-10","171027-008","9/15/2022 2:43:31 PM","0000-00","0","no battery","V","","µV","","µV"
"11/15/2022","17:58:59","7","default","171425599","OXY_CH7","38.714","min","185.134","μmol/L","Humid","21.253","deg","91067","µV","28.725","°C","1025.000","hPa","36.0","pmil","0","55.700","deg","20.000","°C","100.000","%a.s.","22.210","deg","20.000","°C","971.000","hPa","0.826","-0.01532","0.000401","-0.00012","0","11.08","Humid","30.45","0","49.40","251565.32","SABD0002000012","AAV2.0.0.13","4.0.0.2323","PSt7-10","171027-008","9/15/2022 2:43:31 PM","0000-00","0","no battery","V","","µV","","µV"
"11/15/2022","17:59:00","7","default","171425599","OXY_CH7","38.730","min","184.966","μmol/L","Humid","21.259","deg","91071","µV","28.737","°C","1025.000","hPa","36.0","pmil","0","55.700","deg","20.000","°C","100.000","%a.s.","22.210","deg","20.000","°C","971.000","hPa","0.826","-0.01532","0.000401","-0.00012","0","11.08","Humid","30.45","0","49.40","251570.90","SABD0002000012","AAV2.0.0.13","4.0.0.2323","PSt7-10","171027-008","9/15/2022 2:43:31 PM","0000-00","0","no battery","V","","µV","","µV"
"11/15/2022","17:59:01","7","default","171425599","OXY_CH7","38.747","min","185.001","μmol/L","Humid","21.259","deg","91072","µV","28.731","°C","1025.000","hPa","36.0","pmil","0","55.700","deg","20.000","°C","100.000","%a.s.","22.210","deg","20.000","°C","971.000","hPa","0.826","-0.01532","0.000401","-0.00012","0","11.08","Humid","30.45","0","49.40","251571.37","SABD0002000012","AAV2.0.0.13","4.0.0.2323","PSt7-10","171027-008","9/15/2022 2:43:31 PM","0000-00","0","no battery","V","","µV","","µV"
"11/15/2022","17:59:02","7","default","171425599","OXY_CH7","38.764","min","185.064","μmol/L","Humid","21.253","deg","91071","µV","28.737","°C","1025.000","hPa","36.0","pmil","0","55.700","deg","20.000","°C","100.000","%a.s.","22.210","deg","20.000","°C","971.000","hPa","0.826","-0.01532","0.000401","-0.00012","0","11.08","Humid","30.45","0","49.40","251574.42","SABD0002000012","AAV2.0.0.13","4.0.0.2323","PSt7-10","171027-008","9/15/2022 2:43:31 PM","0000-00","0","no battery","V","","µV","","µV"
"11/15/2022","17:59:03","7","default","171425599","OXY_CH7","38.781","min","185.031","μmol/L","Humid","21.255","deg","91070","µV","28.737","°C","1025.000","hPa","36.0","pmil","0","55.700","deg","20.000","°C","100.000","%a.s.","22.210","deg","20.000","°C","971.000","hPa","0.826","-0.01532","0.000401","-0.00012","0","11.08","Humid","30.45","0","49.40","251570.72","SABD0002000012","AAV2.0.0.13","4.0.0.2323","PSt7-10","171027-008","9/15/2022 2:43:31 PM","0000-00","0","no battery","V","","µV","","µV"
"11/15/2022","17:59:04","7","default","171425599","OXY_CH7","38.797","min","185.019","μmol/L","Humid","21.260","deg","91069","µV","28.725","°C","1025.000","hPa","36.0","pmil","0","55.700","deg","20.000","°C","100.000","%a.s.","22.210","deg","20.000","°C","971.000","hPa","0.826","-0.01532","0.000401","-0.00012","0","11.08","Humid","30.45","0","49.40","251572.19","SABD0002000012","AAV2.0.0.13","4.0.0.2323","PSt7-10","171027-008","9/15/2022 2:43:31 PM","0000-00","0","no battery","V","","µV","","µV"
"11/15/2022","17:59:05","7","default","171425599","OXY_CH7","38.814","min","185.017","μmol/L","Humid","21.258","deg","91085","µV","28.731","°C","1025.000","hPa","36.0","pmil","0","55.700","deg","20.000","°C","100.000","%a.s.","22.210","deg","20.000","°C","971.000","hPa","0.826","-0.01532","0.000401","-0.00012","0","11.08","Humid","30.45","0","49.40","251580.95","SABD0002000012","AAV2.0.0.13","4.0.0.2323","PSt7-10","171027-008","9/15/2022 2:43:31 PM","0000-00","0","no battery","V","","µV","","µV"
"11/15/2022","17:59:06","7","default","171425599","OXY_CH7","38.831","min","185.066","μmol/L","Humid","21.255","deg","91073","µV","28.731","°C","1025.000","hPa","36.0","pmil","0","55.700","deg","20.000","°C","100.000","%a.s.","22.210","deg","20.000","°C","971.000","hPa","0.826","-0.01532","0.000401","-0.00012","0","11.08","Humid","30.45","0","49.40","251574.67","SABD0002000012","AAV2.0.0.13","4.0.0.2323","PSt7-10","171027-008","9/15/2022 2:43:31 PM","0000-00","0","no battery","V","","µV","","µV"
"11/15/2022","17:59:07","7","default","171425599","OXY_CH7","38.847","min","184.966","μmol/L","Humid","21.259","deg","91079","µV","28.737","°C","1025.000","hPa","36.0","pmil","0","55.700","deg","20.000","°C","100.000","%a.s.","22.210","deg","20.000","°C","971.000","hPa","0.826","-0.01532","0.000401","-0.00012","0","11.08","Humid","30.45","0","49.40","251578.78","SABD0002000012","AAV2.0.0.13","4.0.0.2323","PSt7-10","171027-008","9/15/2022 2:43:31 PM","0000-00","0","no battery","V","","µV","","µV"
"11/15/2022","17:59:08","7","default","171425599","OXY_CH7","38.863","min","185.033","μmol/L","Humid","21.257","deg","91081","µV","28.731","°C","1025.000","hPa","36.0","pmil","0","55.700","deg","20.000","°C","100.000","%a.s.","22.210","deg","20.000","°C","971.000","hPa","0.826","-0.01532","0.000401","-0.00012","0","11.08","Humid","30.45","0","49.40","251578.02","SABD0002000012","AAV2.0.0.13","4.0.0.2323","PSt7-10","171027-008","9/15/2022 2:43:31 PM","0000-00","0","no battery","V","","µV","","µV"
"11/15/2022","17:59:09","7","default","171425599","OXY_CH7","38.880","min","185.099","μmol/L","Humid","21.253","deg","91083","µV","28.731","°C","1025.000","hPa","36.0","pmil","0","55.700","deg","20.000","°C","100.000","%a.s.","22.210","deg","20.000","°C","971.000","hPa","0.826","-0.01532","0.000401","-0.00012","0","11.08","Humid","30.45","0","49.40","251583.63","SABD0002000012","AAV2.0.0.13","4.0.0.2323","PSt7-10","171027-008","9/15/2022 2:43:31 PM","0000-00","0","no battery","V","","µV","","µV"
"11/15/2022","17:59:10","7","default","171425599","OXY_CH7","38.897","min","184.982","μmol/L","Humid","21.258","deg","91080","µV","28.737","°C","1025.000","hPa","36.0","pmil","0","55.700","deg","20.000","°C","100.000","%a.s.","22.210","deg","20.000","°C","971.000","hPa","0.826","-0.01532","0.000401","-0.00012","0","11.08","Humid","30.45","0","49.40","251566.89","SABD0002000012","AAV2.0.0.13","4.0.0.2323","PSt7-10","171027-008","9/15/2022 2:43:31 PM","0000-00","0","no battery","V","","µV","","µV"
"11/15/2022","17:59:11","7","default","171425599","OXY_CH7","38.914","min","185.099","μmol/L","Humid","21.253","deg","91089","µV","28.731","°C","1025.000","hPa","36.0","pmil","0","55.700","deg","20.000","°C","100.000","%a.s.","22.210","deg","20.000","°C","971.000","hPa","0.826","-0.01532","0.000401","-0.00012","0","11.08","Humid","30.45","0","49.40","251581.02","SABD0002000012","AAV2.0.0.13","4.0.0.2323","PSt7-10","171027-008","9/15/2022 2:43:31 PM","0000-00","0","no battery","V","","µV","","µV"
"11/15/2022","17:59:12","7","default","171425599","OXY_CH7","38.931","min","185.120","μmol/L","Humid","21.256","deg","91091","µV","28.718","°C","1025.000","hPa","36.0","pmil","0","55.700","deg","20.000","°C","100.000","%a.s.","22.210","deg","20.000","°C","971.000","hPa","0.826","-0.01532","0.000401","-0.00012","0","11.08","Humid","30.45","0","49.40","251581.58","SABD0002000012","AAV2.0.0.13","4.0.0.2323","PSt7-10","171027-008","9/15/2022 2:43:31 PM","0000-00","0","no battery","V","","µV","","µV"
"11/15/2022","17:59:13","7","default","171425599","OXY_CH7","38.947","min","184.900","μmol/L","Humid","21.263","deg","91091","µV","28.737","°C","1025.000","hPa","36.0","pmil","0","55.700","deg","20.000","°C","100.000","%a.s.","22.210","deg","20.000","°C","971.000","hPa","0.826","-0.01532","0.000401","-0.00012","0","11.08","Humid","30.45","0","49.40","251577.33","SABD0002000012","AAV2.0.0.13","4.0.0.2323","PSt7-10","171027-008","9/15/2022 2:43:31 PM","0000-00","0","no battery","V","","µV","","µV"
"11/15/2022","17:59:14","7","default","171425599","OXY_CH7","38.964","min","185.033","μmol/L","Humid","21.257","deg","91091","µV","28.731","°C","1025.000","hPa","36.0","pmil","0","55.700","deg","20.000","°C","100.000","%a.s.","22.210","deg","20.000","°C","971.000","hPa","0.826","-0.01532","0.000401","-0.00012","0","11.08","Humid","30.45","0","49.40","251574.84","SABD0002000012","AAV2.0.0.13","4.0.0.2323","PSt7-10","171027-008","9/15/2022 2:43:31 PM","0000-00","0","no battery","V","","µV","","µV"
"11/15/2022","17:59:15","7","default","171425599","OXY_CH7","38.980","min","184.999","μmol/L","Humid","21.257","deg","91095","µV","28.737","°C","1025.000","hPa","36.0","pmil","0","55.700","deg","20.000","°C","100.000","%a.s.","22.210","deg","20.000","°C","971.000","hPa","0.826","-0.01532","0.000401","-0.00012","0","11.08","Humid","30.45","0","49.40","251559.69","SABD0002000012","AAV2.0.0.13","4.0.0.2323","PSt7-10","171027-008","9/15/2022 2:43:31 PM","0000-00","0","no battery","V","","µV","","µV"
"11/15/2022","17:59:16","7","default","171425599","OXY_CH7","38.997","min","184.917","μmol/L","Humid","21.262","deg","91095","µV","28.737","°C","1025.000","hPa","36.0","pmil","0","55.700","deg","20.000","°C","100.000","%a.s.","22.210","deg","20.000","°C","971.000","hPa","0.826","-0.01532","0.000401","-0.00012","0","11.08","Humid","30.45","0","49.40","251572.43","SABD0002000012","AAV2.0.0.13","4.0.0.2323","PSt7-10","171027-008","9/15/2022 2:43:31 PM","0000-00","0","no battery","V","","µV","","µV"
"11/15/2022","17:59:17","7","default","171425599","OXY_CH7","39.014","min","185.052","μmol/L","Humid","21.258","deg","91095","µV","28.725","°C","1025.000","hPa","36.0","pmil","0","55.700","deg","20.000","°C","100.000","%a.s.","22.210","deg","20.000","°C","971.000","hPa","0.826","-0.01532","0.000401","-0.00012","0","11.08","Humid","30.45","0","49.40","251566.76","SABD0002000012","AAV2.0.0.13","4.0.0.2323","PSt7-10","171027-008","9/15/2022 2:43:31 PM","0000-00","0","no battery","V","","µV","","µV"
"11/15/2022","17:59:18","7","default","171425599","OXY_CH7","39.030","min","184.952","μmol/L","Humid","21.262","deg","91097","µV","28.731","°C","1025.000","hPa","36.0","pmil","0","55.700","deg","20.000","°C","100.000","%a.s.","22.210","deg","20.000","°C","971.000","hPa","0.826","-0.01532","0.000401","-0.00012","0","11.08","Humid","30.45","0","49.40","251564.20","SABD0002000012","AAV2.0.0.13","4.0.0.2323","PSt7-10","171027-008","9/15/2022 2:43:31 PM","0000-00","0","no battery","V","","µV","","µV"
"11/15/2022","17:59:19","7","default","171425599","OXY_CH7","39.047","min","184.933","μmol/L","Humid","21.261","deg","91097","µV","28.737","°C","1025.000","hPa","36.0","pmil","0","55.700","deg","20.000","°C","100.000","%a.s.","22.210","deg","20.000","°C","971.000","hPa","0.826","-0.01532","0.000401","-0.00012","0","11.08","Humid","30.45","0","49.40","251566.81","SABD0002000012","AAV2.0.0.13","4.0.0.2323","PSt7-10","171027-008","9/15/2022 2:43:31 PM","0000-00","0","no battery","V","","µV","","µV"
"11/15/2022","17:59:20","7","default","171425599","OXY_CH7","39.064","min","185.066","μmol/L","Humid","21.255","deg","91103","µV","28.731","°C","1025.000","hPa","36.0","pmil","0","55.700","deg","20.000","°C","100.000","%a.s.","22.210","deg","20.000","°C","971.000","hPa","0.826","-0.01532","0.000401","-0.00012","0","11.08","Humid","30.45","0","49.40","251566.00","SABD0002000012","AAV2.0.0.13","4.0.0.2323","PSt7-10","171027-008","9/15/2022 2:43:31 PM","0000-00","0","no battery","V","","µV","","µV"
"11/15/2022","17:59:21","7","default","171425599","OXY_CH7","39.081","min","185.001","μmol/L","Humid","21.259","deg","91103","µV","28.731","°C","1025.000","hPa","36.0","pmil","0","55.700","deg","20.000","°C","100.000","%a.s.","22.210","deg","20.000","°C","971.000","hPa","0.826","-0.01532","0.000401","-0.00012","0","11.08","Humid","30.45","0","49.40","251559.74","SABD0002000012","AAV2.0.0.13","4.0.0.2323","PSt7-10","171027-008","9/15/2022 2:43:31 PM","0000-00","0","no battery","V","","µV","","µV"
"11/15/2022","17:59:22","7","default","171425599","OXY_CH7","39.097","min","184.884","μmol/L","Humid","21.264","deg","91101","µV","28.737","°C","1025.000","hPa","36.0","pmil","0","55.700","deg","20.000","°C","100.000","%a.s.","22.210","deg","20.000","°C","971.000","hPa","0.826","-0.01532","0.000401","-0.00012","0","11.08","Humid","30.45","0","49.40","251552.51","SABD0002000012","AAV2.0.0.13","4.0.0.2323","PSt7-10","171027-008","9/15/2022 2:43:31 PM","0000-00","0","no battery","V","","µV","","µV"
"11/15/2022","17:59:23","7","default","171425599","OXY_CH7","39.114","min","184.984","μmol/L","Humid","21.260","deg","91103","µV","28.731","°C","1025.000","hPa","36.0","pmil","0","55.700","deg","20.000","°C","100.000","%a.s.","22.210","deg","20.000","°C","971.000","hPa","0.826","-0.01532","0.000401","-0.00012","0","11.08","Humid","30.45","0","49.40","251563.33","SABD0002000012","AAV2.0.0.13","4.0.0.2323","PSt7-10","171027-008","9/15/2022 2:43:31 PM","0000-00","0","no battery","V","","µV","","µV"
"11/15/2022","17:59:24","7","default","171425599","OXY_CH7","39.130","min","184.966","μmol/L","Humid","21.259","deg","91105","µV","28.737","°C","1025.000","hPa","36.0","pmil","0","55.700","deg","20.000","°C","100.000","%a.s.","22.210","deg","20.000","°C","971.000","hPa","0.826","-0.01532","0.000401","-0.00012","0","11.08","Humid","30.45","0","49.40","251552.04","SABD0002000012","AAV2.0.0.13","4.0.0.2323","PSt7-10","171027-008","9/15/2022 2:43:31 PM","0000-00","0","no battery","V","","µV","","µV"
"11/15/2022","17:59:25","7","default","171425599","OXY_CH7","39.147","min","185.003","μmol/L","Humid","21.261","deg","91106","µV","28.725","°C","1025.000","hPa","36.0","pmil","0","55.700","deg","20.000","°C","100.000","%a.s.","22.210","deg","20.000","°C","971.000","hPa","0.826","-0.01532","0.000401","-0.00012","0","11.08","Humid","30.45","0","49.40","251549.91","SABD0002000012","AAV2.0.0.13","4.0.0.2323","PSt7-10","171027-008","9/15/2022 2:43:31 PM","0000-00","0","no battery","V","","µV","","µV"
"11/15/2022","17:59:26","7","default","171425599","OXY_CH7","39.164","min","184.935","μmol/L","Humid","21.263","deg","91109","µV","28.731","°C","1025.000","hPa","36.0","pmil","0","55.700","deg","20.000","°C","100.000","%a.s.","22.210","deg","20.000","°C","971.000","hPa","0.826","-0.01532","0.000401","-0.00012","0","11.08","Humid","30.45","0","49.40","251560.24","SABD0002000012","AAV2.0.0.13","4.0.0.2323","PSt7-10","171027-008","9/15/2022 2:43:31 PM","0000-00","0","no battery","V","","µV","","µV"
"11/15/2022","17:59:27","7","default","171425599","OXY_CH7","39.180","min","184.966","μmol/L","Humid","21.259","deg","91109","µV","28.737","°C","1025.000","hPa","36.0","pmil","0","55.700","deg","20.000","°C","100.000","%a.s.","22.210","deg","20.000","°C","971.000","hPa","0.826","-0.01532","0.000401","-0.00012","0","11.08","Humid","30.45","0","49.40","251555.73","SABD0002000012","AAV2.0.0.13","4.0.0.2323","PSt7-10","171027-008","9/15/2022 2:43:31 PM","0000-00","0","no battery","V","","µV","","µV"
"11/15/2022","17:59:28","7","default","171425599","OXY_CH7","39.197","min","184.900","μmol/L","Humid","21.263","deg","91112","µV","28.737","°C","1025.000","hPa","36.0","pmil","0","55.700","deg","20.000","°C","100.000","%a.s.","22.210","deg","20.000","°C","971.000","hPa","0.826","-0.01532","0.000401","-0.00012","0","11.08","Humid","30.45","0","49.40","251558.81","SABD0002000012","AAV2.0.0.13","4.0.0.2323","PSt7-10","171027-008","9/15/2022 2:43:31 PM","0000-00","0","no battery","V","","µV","","µV"
"11/15/2022","17:59:29","7","default","171425599","OXY_CH7","39.214","min","184.968","μmol/L","Humid","21.261","deg","91117","µV","28.731","°C","1025.000","hPa","36.0","pmil","0","55.700","deg","20.000","°C","100.000","%a.s.","22.210","deg","20.000","°C","971.000","hPa","0.826","-0.01532","0.000401","-0.00012","0","11.08","Humid","30.45","0","49.40","251560.11","SABD0002000012","AAV2.0.0.13","4.0.0.2323","PSt7-10","171027-008","9/15/2022 2:43:31 PM","0000-00","0","no battery","V","","µV","","µV"
"11/15/2022","17:59:30","7","default","171425599","OXY_CH7","39.231","min","185.019","μmol/L","Humid","21.260","deg","91113","µV","28.725","°C","1025.000","hPa","36.0","pmil","0","55.700","deg","20.000","°C","100.000","%a.s.","22.210","deg","20.000","°C","971.000","hPa","0.826","-0.01532","0.000401","-0.00012","0","11.08","Humid","30.45","0","49.40","251570.86","SABD0002000012","AAV2.0.0.13","4.0.0.2323","PSt7-10","171027-008","9/15/2022 2:43:31 PM","0000-00","0","no battery","V","","µV","","µV"
"11/15/2022","17:59:31","7","default","171425599","OXY_CH7","39.248","min","184.937","μmol/L","Humid","21.265","deg","91118","µV","28.725","°C","1025.000","hPa","36.0","pmil","0","55.700","deg","20.000","°C","100.000","%a.s.","22.210","deg","20.000","°C","971.000","hPa","0.826","-0.01532","0.000401","-0.00012","0","11.08","Humid","30.45","0","49.40","251568.43","SABD0002000012","AAV2.0.0.13","4.0.0.2323","PSt7-10","171027-008","9/15/2022 2:43:31 PM","0000-00","0","no battery","V","","µV","","µV"
"11/15/2022","17:59:32","7","default","171425599","OXY_CH7","39.264","min","184.952","μmol/L","Humid","21.262","deg","91119","µV","28.731","°C","1025.000","hPa","36.0","pmil","0","55.700","deg","20.000","°C","100.000","%a.s.","22.210","deg","20.000","°C","971.000","hPa","0.826","-0.01532","0.000401","-0.00012","0","11.08","Humid","30.45","0","49.40","251569.07","SABD0002000012","AAV2.0.0.13","4.0.0.2323","PSt7-10","171027-008","9/15/2022 2:43:31 PM","0000-00","0","no battery","V","","µV","","µV"
"11/15/2022","17:59:33","7","default","171425599","OXY_CH7","39.280","min","184.986","μmol/L","Humid","21.262","deg","91122","µV","28.725","°C","1025.000","hPa","36.0","pmil","0","55.700","deg","20.000","°C","100.000","%a.s.","22.210","deg","20.000","°C","971.000","hPa","0.826","-0.01532","0.000401","-0.00012","0","11.08","Humid","30.45","0","49.40","251570.90","SABD0002000012","AAV2.0.0.13","4.0.0.2323","PSt7-10","171027-008","9/15/2022 2:43:31 PM","0000-00","0","no battery","V","","µV","","µV"
"11/15/2022","17:59:34","7","default","171425599","OXY_CH7","39.297","min","184.900","μmol/L","Humid","21.263","deg","91125","µV","28.737","°C","1025.000","hPa","36.0","pmil","0","55.700","deg","20.000","°C","100.000","%a.s.","22.210","deg","20.000","°C","971.000","hPa","0.826","-0.01532","0.000401","-0.00012","0","11.08","Humid","30.45","0","49.40","251560.24","SABD0002000012","AAV2.0.0.13","4.0.0.2323","PSt7-10","171027-008","9/15/2022 2:43:31 PM","0000-00","0","no battery","V","","µV","","µV"
"11/15/2022","17:59:35","7","default","171425599","OXY_CH7","39.314","min","184.984","μmol/L","Humid","21.260","deg","91141","µV","28.731","°C","1025.000","hPa","36.0","pmil","0","55.700","deg","20.000","°C","100.000","%a.s.","22.210","deg","20.000","°C","971.000","hPa","0.826","-0.01532","0.000401","-0.00012","0","11.08","Humid","30.45","0","49.40","251578.35","SABD0002000012","AAV2.0.0.13","4.0.0.2323","PSt7-10","171027-008","9/15/2022 2:43:31 PM","0000-00","0","no battery","V","","µV","","µV"
"11/15/2022","17:59:36","7","default","171425599","OXY_CH7","39.331","min","184.919","μmol/L","Humid","21.264","deg","91122","µV","28.731","°C","1025.000","hPa","36.0","pmil","0","55.700","deg","20.000","°C","100.000","%a.s.","22.210","deg","20.000","°C","971.000","hPa","0.826","-0.01532","0.000401","-0.00012","0","11.08","Humid","30.45","0","49.40","251561.26","SABD0002000012","AAV2.0.0.13","4.0.0.2323","PSt7-10","171027-008","9/15/2022 2:43:31 PM","0000-00","0","no battery","V","","µV","","µV"
"11/15/2022","17:59:37","7","default","171425599","OXY_CH7","39.347","min","185.003","μmol/L","Humid","21.261","deg","91130","µV","28.725","°C","1025.000","hPa","36.0","pmil","0","55.700","deg","20.000","°C","100.000","%a.s.","22.210","deg","20.000","°C","971.000","hPa","0.826","-0.01532","0.000401","-0.00012","0","11.08","Humid","30.45","0","49.40","251564.92","SABD0002000012","AAV2.0.0.13","4.0.0.2323","PSt7-10","171027-008","9/15/2022 2:43:31 PM","0000-00","0","no battery","V","","µV","","µV"
"11/15/2022","17:59:38","7","default","171425599","OXY_CH7","39.364","min","184.986","μmol/L","Humid","21.262","deg","91127","µV","28.725","°C","1025.000","hPa","36.0","pmil","0","55.700","deg","20.000","°C","100.000","%a.s.","22.210","deg","20.000","°C","971.000","hPa","0.826","-0.01532","0.000401","-0.00012","0","11.08","Humid","30.45","0","49.40","251556.45","SABD0002000012","AAV2.0.0.13","4.0.0.2323","PSt7-10","171027-008","9/15/2022 2:43:31 PM","0000-00","0","no battery","V","","µV","","µV"
"11/15/2022","17:59:39","7","default","171425599","OXY_CH7","39.380","min","184.935","μmol/L","Humid","21.263","deg","91137","µV","28.731","°C","1025.000","hPa","36.0","pmil","0","55.700","deg","20.000","°C","100.000","%a.s.","22.210","deg","20.000","°C","971.000","hPa","0.826","-0.01532","0.000401","-0.00012","0","11.08","Humid","30.45","0","49.40","251569.54","SABD0002000012","AAV2.0.0.13","4.0.0.2323","PSt7-10","171027-008","9/15/2022 2:43:31 PM","0000-00","0","no battery","V","","µV","","µV"
"11/15/2022","17:59:40","7","default","171425599","OXY_CH7","39.397","min","184.952","μmol/L","Humid","21.262","deg","91139","µV","28.731","°C","1025.000","hPa","36.0","pmil","0","55.700","deg","20.000","°C","100.000","%a.s.","22.210","deg","20.000","°C","971.000","hPa","0.826","-0.01532","0.000401","-0.00012","0","11.08","Humid","30.45","0","49.40","251560.74","SABD0002000012","AAV2.0.0.13","4.0.0.2323","PSt7-10","171027-008","9/15/2022 2:43:31 PM","0000-00","0","no battery","V","","µV","","µV"
"11/15/2022","17:59:41","7","default","171425599","OXY_CH7","39.414","min","184.919","μmol/L","Humid","21.264","deg","91129","µV","28.731","°C","1025.000","hPa","36.0","pmil","0","55.700","deg","20.000","°C","100.000","%a.s.","22.210","deg","20.000","°C","971.000","hPa","0.826","-0.01532","0.000401","-0.00012","0","11.08","Humid","30.45","0","49.40","251558.74","SABD0002000012","AAV2.0.0.13","4.0.0.2323","PSt7-10","171027-008","9/15/2022 2:43:31 PM","0000-00","0","no battery","V","","µV","","µV"
"11/15/2022","17:59:42","7","default","171425599","OXY_CH7","39.430","min","184.970","μmol/L","Humid","21.263","deg","91132","µV","28.725","°C","1025.000","hPa","36.0","pmil","0","55.700","deg","20.000","°C","100.000","%a.s.","22.210","deg","20.000","°C","971.000","hPa","0.826","-0.01532","0.000401","-0.00012","0","11.08","Humid","30.45","0","49.40","251546.07","SABD0002000012","AAV2.0.0.13","4.0.0.2323","PSt7-10","171027-008","9/15/2022 2:43:31 PM","0000-00","0","no battery","V","","µV","","µV"
"11/15/2022","17:59:43","7","default","171425599","OXY_CH7","39.447","min","184.968","μmol/L","Humid","21.261","deg","91144","µV","28.731","°C","1025.000","hPa","36.0","pmil","0","55.700","deg","20.000","°C","100.000","%a.s.","22.210","deg","20.000","°C","971.000","hPa","0.826","-0.01532","0.000401","-0.00012","0","11.08","Humid","30.45","0","49.40","251560.53","SABD0002000012","AAV2.0.0.13","4.0.0.2323","PSt7-10","171027-008","9/15/2022 2:43:31 PM","0000-00","0","no battery","V","","µV","","µV"
"11/15/2022","17:59:44","7","default","171425599","OXY_CH7","39.464","min","184.884","μmol/L","Humid","21.264","deg","91146","µV","28.737","°C","1025.000","hPa","36.0","pmil","0","55.700","deg","20.000","°C","100.000","%a.s.","22.210","deg","20.000","°C","971.000","hPa","0.826","-0.01532","0.000401","-0.00012","0","11.08","Humid","30.45","0","49.40","251551.97","SABD0002000012","AAV2.0.0.13","4.0.0.2323","PSt7-10","171027-008","9/15/2022 2:43:31 PM","0000-00","0","no battery","V","","µV","","µV"
"11/15/2022","17:59:45","7","default","171425599","OXY_CH7","39.481","min","184.935","μmol/L","Humid","21.263","deg","91146","µV","28.731","°C","1025.000","hPa","36.0","pmil","0","55.700","deg","20.000","°C","100.000","%a.s.","22.210","deg","20.000","°C","971.000","hPa","0.826","-0.01532","0.000401","-0.00012","0","11.08","Humid","30.45","0","49.40","251569.71","SABD0002000012","AAV2.0.0.13","4.0.0.2323","PSt7-10","171027-008","9/15/2022 2:43:31 PM","0000-00","0","no battery","V","","µV","","µV"
"11/15/2022","17:59:46","7","default","171425599","OXY_CH7","39.497","min","184.853","μmol/L","Humid","21.268","deg","91149","µV","28.731","°C","1025.000","hPa","36.0","pmil","0","55.700","deg","20.000","°C","100.000","%a.s.","22.210","deg","20.000","°C","971.000","hPa","0.826","-0.01532","0.000401","-0.00012","0","11.08","Humid","30.45","0","49.40","251560.06","SABD0002000012","AAV2.0.0.13","4.0.0.2323","PSt7-10","171027-008","9/15/2022 2:43:31 PM","0000-00","0","no battery","V","","µV","","µV"
"11/15/2022","17:59:47","7","default","171425599","OXY_CH7","39.514","min","184.886","μmol/L","Humid","21.266","deg","91148","µV","28.731","°C","1025.000","hPa","36.0","pmil","0","55.700","deg","20.000","°C","100.000","%a.s.","22.210","deg","20.000","°C","971.000","hPa","0.826","-0.01532","0.000401","-0.00012","0","11.08","Humid","30.45","0","49.40","251550.51","SABD0002000012","AAV2.0.0.13","4.0.0.2323","PSt7-10","171027-008","9/15/2022 2:43:31 PM","0000-00","0","no battery","V","","µV","","µV"
"11/15/2022","17:59:48","7","default","171425599","OXY_CH7","39.530","min","184.917","μmol/L","Humid","21.262","deg","91148","µV","28.737","°C","1025.000","hPa","36.0","pmil","0","55.700","deg","20.000","°C","100.000","%a.s.","22.210","deg","20.000","°C","971.000","hPa","0.826","-0.01532","0.000401","-0.00012","0","11.08","Humid","30.45","0","49.40","251568.49","SABD0002000012","AAV2.0.0.13","4.0.0.2323","PSt7-10","171027-008","9/15/2022 2:43:31 PM","0000-00","0","no battery","V","","µV","","µV"
"11/15/2022","17:59:49","7","default","171425599","OXY_CH7","39.547","min","184.886","μmol/L","Humid","21.266","deg","91157","µV","28.731","°C","1025.000","hPa","36.0","pmil","0","55.700","deg","20.000","°C","100.000","%a.s.","22.210","deg","20.000","°C","971.000","hPa","0.826","-0.01532","0.000401","-0.00012","0","11.08","Humid","30.45","0","49.40","251567.01","SABD0002000012","AAV2.0.0.13","4.0.0.2323","PSt7-10","171027-008","9/15/2022 2:43:31 PM","0000-00","0","no battery","V","","µV","","µV"
"11/15/2022","17:59:50","7","default","171425599","OXY_CH7","39.564","min","184.935","μmol/L","Humid","21.263","deg","91148","µV","28.731","°C","1025.000","hPa","36.0","pmil","0","55.700","deg","20.000","°C","100.000","%a.s.","22.210","deg","20.000","°C","971.000","hPa","0.826","-0.01532","0.000401","-0.00012","0","11.08","Humid","30.45","0","49.40","251563.42","SABD0002000012","AAV2.0.0.13","4.0.0.2323","PSt7-10","171027-008","9/15/2022 2:43:31 PM","0000-00","0","no battery","V","","µV","","µV"
"11/15/2022","17:59:51","7","default","171425599","OXY_CH7","39.580","min","184.921","μmol/L","Humid","21.266","deg","91155","µV","28.725","°C","1025.000","hPa","36.0","pmil","0","55.700","deg","20.000","°C","100.000","%a.s.","22.210","deg","20.000","°C","971.000","hPa","0.826","-0.01532","0.000401","-0.00012","0","11.08","Humid","30.45","0","49.40","251554.43","SABD0002000012","AAV2.0.0.13","4.0.0.2323","PSt7-10","171027-008","9/15/2022 2:43:31 PM","0000-00","0","no battery","V","","µV","","µV"
"11/15/2022","17:59:52","7","default","171425599","OXY_CH7","39.597","min","184.886","μmol/L","Humid","21.266","deg","91157","µV","28.731","°C","1025.000","hPa","36.0","pmil","0","55.700","deg","20.000","°C","100.000","%a.s.","22.210","deg","20.000","°C","971.000","hPa","0.826","-0.01532","0.000401","-0.00012","0","11.08","Humid","30.45","0","49.40","251550.61","SABD0002000012","AAV2.0.0.13","4.0.0.2323","PSt7-10","171027-008","9/15/2022 2:43:31 PM","0000-00","0","no battery","V","","µV","","µV"
"11/15/2022","17:59:53","7","default","171425599","OXY_CH7","39.614","min","184.902","μmol/L","Humid","21.265","deg","91157","µV","28.731","°C","1025.000","hPa","36.0","pmil","0","55.700","deg","20.000","°C","100.000","%a.s.","22.210","deg","20.000","°C","971.000","hPa","0.826","-0.01532","0.000401","-0.00012","0","11.08","Humid","30.45","0","49.40","251556.95","SABD0002000012","AAV2.0.0.13","4.0.0.2323","PSt7-10","171027-008","9/15/2022 2:43:31 PM","0000-00","0","no battery","V","","µV","","µV"
"11/15/2022","17:59:54","7","default","171425599","OXY_CH7","39.631","min","184.972","μmol/L","Humid","21.265","deg","91168","µV","28.718","°C","1025.000","hPa","36.0","pmil","0","55.700","deg","20.000","°C","100.000","%a.s.","22.210","deg","20.000","°C","971.000","hPa","0.826","-0.01532","0.000401","-0.00012","0","11.08","Humid","30.45","0","49.40","251563.57","SABD0002000012","AAV2.0.0.13","4.0.0.2323","PSt7-10","171027-008","9/15/2022 2:43:31 PM","0000-00","0","no battery","V","","µV","","µV"
"11/15/2022","17:59:55","7","default","171425599","OXY_CH7","39.647","min","184.937","μmol/L","Humid","21.265","deg","91157","µV","28.725","°C","1025.000","hPa","36.0","pmil","0","55.700","deg","20.000","°C","100.000","%a.s.","22.210","deg","20.000","°C","971.000","hPa","0.826","-0.01532","0.000401","-0.00012","0","11.08","Humid","30.45","0","49.40","251544.45","SABD0002000012","AAV2.0.0.13","4.0.0.2323","PSt7-10","171027-008","9/15/2022 2:43:31 PM","0000-00","0","no battery","V","","µV","","µV"
"11/15/2022","17:59:56","7","default","171425599","OXY_CH7","39.664","min","184.870","μmol/L","Humid","21.267","deg","91161","µV","28.731","°C","1025.000","hPa","36.0","pmil","0","55.700","deg","20.000","°C","100.000","%a.s.","22.210","deg","20.000","°C","971.000","hPa","0.826","-0.01532","0.000401","-0.00012","0","11.08","Humid","30.45","0","49.40","251542.62","SABD0002000012","AAV2.0.0.13","4.0.0.2323","PSt7-10","171027-008","9/15/2022 2:43:31 PM","0000-00","0","no battery","V","","µV","","µV"
"11/15/2022","17:59:57","7","default","171425599","OXY_CH7","39.680","min","184.921","μmol/L","Humid","21.266","deg","91158","µV","28.725","°C","1025.000","hPa","36.0","pmil","0","55.700","deg","20.000","°C","100.000","%a.s.","22.210","deg","20.000","°C","971.000","hPa","0.826","-0.01532","0.000401","-0.00012","0","11.08","Humid","30.45","0","49.40","251548.07","SABD0002000012","AAV2.0.0.13","4.0.0.2323","PSt7-10","171027-008","9/15/2022 2:43:31 PM","0000-00","0","no battery","V","","µV","","µV"
"11/15/2022","17:59:58","7","default","171425599","OXY_CH7","39.697","min","184.821","μmol/L","Humid","21.270","deg","91161","µV","28.731","°C","1025.000","hPa","36.0","pmil","0","55.700","deg","20.000","°C","100.000","%a.s.","22.210","deg","20.000","°C","971.000","hPa","0.826","-0.01532","0.000401","-0.00012","0","11.08","Humid","30.45","0","49.40","251555.25","SABD0002000012","AAV2.0.0.13","4.0.0.2323","PSt7-10","171027-008","9/15/2022 2:43:31 PM","0000-00","0","no battery","V","","µV","","µV"
"11/15/2022","17:59:59","7","default","171425599","OXY_CH7","39.714","min","184.954","μmol/L","Humid","21.264","deg","91170","µV","28.725","°C","1025.000","hPa","36.0","pmil","0","55.700","deg","20.000","°C","100.000","%a.s.","22.210","deg","20.000","°C","971.000","hPa","0.826","-0.01532","0.000401","-0.00012","0","11.08","Humid","30.45","0","49.40","251550.97","SABD0002000012","AAV2.0.0.13","4.0.0.2323","PSt7-10","171027-008","9/15/2022 2:43:31 PM","0000-00","0","no battery","V","","µV","","µV"
"11/15/2022","18:00:00","7","default","171425599","OXY_CH7","39.730","min","184.870","μmol/L","Humid","21.267","deg","91166","µV","28.731","°C","1025.000","hPa","36.0","pmil","0","55.700","deg","20.000","°C","100.000","%a.s.","22.210","deg","20.000","°C","971.000","hPa","0.826","-0.01532","0.000401","-0.00012","0","11.08","Humid","30.45","0","49.40","251547.85","SABD0002000012","AAV2.0.0.13","4.0.0.2323","PSt7-10","171027-008","9/15/2022 2:43:31 PM","0000-00","0","no battery","V","","µV","","µV"
"11/15/2022","18:00:01","7","default","171425599","OXY_CH7","39.747","min","184.839","μmol/L","Humid","21.271","deg","91170","µV","28.725","°C","1025.000","hPa","36.0","pmil","0","55.700","deg","20.000","°C","100.000","%a.s.","22.210","deg","20.000","°C","971.000","hPa","0.826","-0.01532","0.000401","-0.00012","0","11.08","Humid","30.45","0","49.40","251559.79","SABD0002000012","AAV2.0.0.13","4.0.0.2323","PSt7-10","171027-008","9/15/2022 2:43:31 PM","0000-00","0","no battery","V","","µV","","µV"
"11/15/2022","18:00:02","7","default","171425599","OXY_CH7","39.764","min","184.804","μmol/L","Humid","21.271","deg","91169","µV","28.731","°C","1025.000","hPa","36.0","pmil","0","55.700","deg","20.000","°C","100.000","%a.s.","22.210","deg","20.000","°C","971.000","hPa","0.826","-0.01532","0.000401","-0.00012","0","11.08","Humid","30.45","0","49.40","251559.46","SABD0002000012","AAV2.0.0.13","4.0.0.2323","PSt7-10","171027-008","9/15/2022 2:43:31 PM","0000-00","0","no battery","V","","µV","","µV"
"11/15/2022","18:00:03","7","default","171425599","OXY_CH7","39.781","min","184.870","μmol/L","Humid","21.267","deg","91178","µV","28.731","°C","1025.000","hPa","36.0","pmil","0","55.700","deg","20.000","°C","100.000","%a.s.","22.210","deg","20.000","°C","971.000","hPa","0.826","-0.01532","0.000401","-0.00012","0","11.08","Humid","30.45","0","49.40","251560.33","SABD0002000012","AAV2.0.0.13","4.0.0.2323","PSt7-10","171027-008","9/15/2022 2:43:31 PM","0000-00","0","no battery","V","","µV","","µV"
"11/15/2022","18:00:04","7","default","171425599","OXY_CH7","39.797","min","184.921","μmol/L","Humid","21.266","deg","91180","µV","28.725","°C","1025.000","hPa","36.0","pmil","0","55.700","deg","20.000","°C","100.000","%a.s.","22.210","deg","20.000","°C","971.000","hPa","0.826","-0.01532","0.000401","-0.00012","0","11.08","Humid","30.45","0","49.40","251558.59","SABD0002000012","AAV2.0.0.13","4.0.0.2323","PSt7-10","171027-008","9/15/2022 2:43:31 PM","0000-00","0","no battery","V","","µV","","µV"
"11/15/2022","18:00:05","7","default","171425599","OXY_CH7","39.813","min","184.821","μmol/L","Humid","21.270","deg","91181","µV","28.731","°C","1025.000","hPa","36.0","pmil","0","55.700","deg","20.000","°C","100.000","%a.s.","22.210","deg","20.000","°C","971.000","hPa","0.826","-0.01532","0.000401","-0.00012","0","11.08","Humid","30.45","0","49.40","251557.57","SABD0002000012","AAV2.0.0.13","4.0.0.2323","PSt7-10","171027-008","9/15/2022 2:43:31 PM","0000-00","0","no battery","V","","µV","","µV"
"11/15/2022","18:00:06","7","default","171425599","OXY_CH7","39.830","min","184.804","μmol/L","Humid","21.271","deg","91183","µV","28.731","°C","1025.000","hPa","36.0","pmil","0","55.700","deg","20.000","°C","100.000","%a.s.","22.210","deg","20.000","°C","971.000","hPa","0.826","-0.01532","0.000401","-0.00012","0","11.08","Humid","30.45","0","49.40","251558.53","SABD0002000012","AAV2.0.0.13","4.0.0.2323","PSt7-10","171027-008","9/15/2022 2:43:31 PM","0000-00","0","no battery","V","","µV","","µV"
"11/15/2022","18:00:07","7","default","171425599","OXY_CH7","39.847","min","184.905","μmol/L","Humid","21.267","deg","91182","µV","28.725","°C","1025.000","hPa","36.0","pmil","0","55.700","deg","20.000","°C","100.000","%a.s.","22.210","deg","20.000","°C","971.000","hPa","0.826","-0.01532","0.000401","-0.00012","0","11.08","Humid","30.45","0","49.40","251558.76","SABD0002000012","AAV2.0.0.13","4.0.0.2323","PSt7-10","171027-008","9/15/2022 2:43:31 PM","0000-00","0","no battery","V","","µV","","µV"
"11/15/2022","18:00:08","7","default","171425599","OXY_CH7","39.864","min","184.821","μmol/L","Humid","21.270","deg","91181","µV","28.731","°C","1025.000","hPa","36.0","pmil","0","55.700","deg","20.000","°C","100.000","%a.s.","22.210","deg","20.000","°C","971.000","hPa","0.826","-0.01532","0.000401","-0.00012","0","11.08","Humid","30.45","0","49.40","251556.57","SABD0002000012","AAV2.0.0.13","4.0.0.2323","PSt7-10","171027-008","9/15/2022 2:43:31 PM","0000-00","0","no battery","V","","µV","","µV"
"11/15/2022","18:00:09","7","default","171425599","OXY_CH7","39.881","min","184.837","μmol/L","Humid","21.269","deg","91186","µV","28.731","°C","1025.000","hPa","36.0","pmil","0","55.700","deg","20.000","°C","100.000","%a.s.","22.210","deg","20.000","°C","971.000","hPa","0.826","-0.01532","0.000401","-0.00012","0","11.08","Humid","30.45","0","49.40","251546.73","SABD0002000012","AAV2.0.0.13","4.0.0.2323","PSt7-10","171027-008","9/15/2022 2:43:31 PM","0000-00","0","no battery","V","","µV","","µV"
"11/15/2022","18:00:10","7","default","171425599","OXY_CH7","39.897","min","184.837","μmol/L","Humid","21.269","deg","91183","µV","28.731","°C","1025.000","hPa","36.0","pmil","0","55.700","deg","20.000","°C","100.000","%a.s.","22.210","deg","20.000","°C","971.000","hPa","0.826","-0.01532","0.000401","-0.00012","0","11.08","Humid","30.45","0","49.40","251536.08","SABD0002000012","AAV2.0.0.13","4.0.0.2323","PSt7-10","171027-008","9/15/2022 2:43:31 PM","0000-00","0","no battery","V","","µV","","µV"
"11/15/2022","18:00:11","7","default","171425599","OXY_CH7","39.914","min","184.841","μmol/L","Humid","21.273","deg","91181","µV","28.718","°C","1025.000","hPa","36.0","pmil","0","55.700","deg","20.000","°C","100.000","%a.s.","22.210","deg","20.000","°C","971.000","hPa","0.826","-0.01532","0.000401","-0.00012","0","11.08","Humid","30.45","0","49.40","251551.23","SABD0002000012","AAV2.0.0.13","4.0.0.2323","PSt7-10","171027-008","9/15/2022 2:43:31 PM","0000-00","0","no battery","V","","µV","","µV"
"11/15/2022","18:00:12","7","default","171425599","OXY_CH7","39.931","min","184.890","μmol/L","Humid","21.270","deg","91184","µV","28.718","°C","1025.000","hPa","36.0","pmil","0","55.700","deg","20.000","°C","100.000","%a.s.","22.210","deg","20.000","°C","971.000","hPa","0.826","-0.01532","0.000401","-0.00012","0","11.08","Humid","30.45","0","49.40","251547.07","SABD0002000012","AAV2.0.0.13","4.0.0.2323","PSt7-10","171027-008","9/15/2022 2:43:31 PM","0000-00","0","no battery","V","","µV","","µV"
"11/15/2022","18:00:13","7","default","171425599","OXY_CH7","39.947","min","184.804","μmol/L","Humid","21.271","deg","91189","µV","28.731","°C","1025.000","hPa","36.0","pmil","0","55.700","deg","20.000","°C","100.000","%a.s.","22.210","deg","20.000","°C","971.000","hPa","0.826","-0.01532","0.000401","-0.00012","0","11.08","Humid","30.45","0","49.40","251560.93","SABD0002000012","AAV2.0.0.13","4.0.0.2323","PSt7-10","171027-008","9/15/2022 2:43:31 PM","0000-00","0","no battery","V","","µV","","µV"
"11/15/2022","18:00:14","7","default","171425599","OXY_CH7","39.963","min","184.788","μmol/L","Humid","21.272","deg","91186","µV","28.731","°C","1025.000","hPa","36.0","pmil","0","55.700","deg","20.000","°C","100.000","%a.s.","22.210","deg","20.000","°C","971.000","hPa","0.826","-0.01532","0.000401","-0.00012","0","11.08","Humid","30.45","0","49.40","251560.36","SABD0002000012","AAV2.0.0.13","4.0.0.2323","PSt7-10","171027-008","9/15/2022 2:43:31 PM","0000-00","0","no battery","V","","µV","","µV"
"11/15/2022","18:00:15","7","default","171425599","OXY_CH7","39.980","min","184.839","μmol/L","Humid","21.271","deg","91194","µV","28.725","°C","1025.000","hPa","36.0","pmil","0","55.700","deg","20.000","°C","100.000","%a.s.","22.210","deg","20.000","°C","971.000","hPa","0.826","-0.01532","0.000401","-0.00012","0","11.08","Humid","30.45","0","49.40","251552.00","SABD0002000012","AAV2.0.0.13","4.0.0.2323","PSt7-10","171027-008","9/15/2022 2:43:31 PM","0000-00","0","no battery","V","","µV","","µV"
"11/15/2022","18:00:16","7","default","171425599","OXY_CH7","39.997","min","184.853","μmol/L","Humid","21.268","deg","91197","µV","28.731","°C","1025.000","hPa","36.0","pmil","0","55.700","deg","20.000","°C","100.000","%a.s.","22.210","deg","20.000","°C","971.000","hPa","0.826","-0.01532","0.000401","-0.00012","0","11.08","Humid","30.45","0","49.40","251554.19","SABD0002000012","AAV2.0.0.13","4.0.0.2323","PSt7-10","171027-008","9/15/2022 2:43:31 PM","0000-00","0","no battery","V","","µV","","µV"
"11/15/2022","18:00:17","7","default","171425599","OXY_CH7","40.014","min","184.823","μmol/L","Humid","21.272","deg","91191","µV","28.725","°C","1025.000","hPa","36.0","pmil","0","55.700","deg","20.000","°C","100.000","%a.s.","22.210","deg","20.000","°C","971.000","hPa","0.826","-0.01532","0.000401","-0.00012","0","11.08","Humid","30.45","0","49.40","251551.31","SABD0002000012","AAV2.0.0.13","4.0.0.2323","PSt7-10","171027-008","9/15/2022 2:43:31 PM","0000-00","0","no battery","V","","µV","","µV"
"11/15/2022","18:00:18","7","default","171425599","OXY_CH7","40.030","min","184.788","μmol/L","Humid","21.272","deg","91206","µV","28.731","°C","1025.000","hPa","36.0","pmil","0","55.700","deg","20.000","°C","100.000","%a.s.","22.210","deg","20.000","°C","971.000","hPa","0.826","-0.01532","0.000401","-0.00012","0","11.08","Humid","30.45","0","49.40","251558.22","SABD0002000012","AAV2.0.0.13","4.0.0.2323","PSt7-10","171027-008","9/15/2022 2:43:31 PM","0000-00","0","no battery","V","","µV","","µV"
"11/15/2022","18:00:19","7","default","171425599","OXY_CH7","40.047","min","184.808","μmol/L","Humid","21.275","deg","91200","µV","28.718","°C","1025.000","hPa","36.0","pmil","0","55.700","deg","20.000","°C","100.000","%a.s.","22.210","deg","20.000","°C","971.000","hPa","0.826","-0.01532","0.000401","-0.00012","0","11.08","Humid","30.45","0","49.40","251554.07","SABD0002000012","AAV2.0.0.13","4.0.0.2323","PSt7-10","171027-008","9/15/2022 2:43:31 PM","0000-00","0","no battery","V","","µV","","µV"
"11/15/2022","18:00:20","7","default","171425599","OXY_CH7","40.064","min","184.823","μmol/L","Humid","21.272","deg","91196","µV","28.725","°C","1025.000","hPa","36.0","pmil","0","55.700","deg","20.000","°C","100.000","%a.s.","22.210","deg","20.000","°C","971.000","hPa","0.826","-0.01532","0.000401","-0.00012","0","11.08","Humid","30.45","0","49.40","251550.26","SABD0002000012","AAV2.0.0.13","4.0.0.2323","PSt7-10","171027-008","9/15/2022 2:43:31 PM","0000-00","0","no battery","V","","µV","","µV"
"11/15/2022","18:00:21","7","default","171425599","OXY_CH7","40.081","min","184.890","μmol/L","Humid","21.270","deg","91199","µV","28.718","°C","1025.000","hPa","36.0","pmil","0","55.700","deg","20.000","°C","100.000","%a.s.","22.210","deg","20.000","°C","971.000","hPa","0.826","-0.01532","0.000401","-0.00012","0","11.08","Humid","30.45","0","49.40","251558.16","SABD0002000012","AAV2.0.0.13","4.0.0.2323","PSt7-10","171027-008","9/15/2022 2:43:31 PM","0000-00","0","no battery","V","","µV","","µV"
"11/15/2022","18:00:22","7","default","171425599","OXY_CH7","40.097","min","184.825","μmol/L","Humid","21.274","deg","91205","µV","28.718","°C","1025.000","hPa","36.0","pmil","0","55.700","deg","20.000","°C","100.000","%a.s.","22.210","deg","20.000","°C","971.000","hPa","0.826","-0.01532","0.000401","-0.00012","0","11.08","Humid","30.45","0","49.40","251560.03","SABD0002000012","AAV2.0.0.13","4.0.0.2323","PSt7-10","171027-008","9/15/2022 2:43:31 PM","0000-00","0","no battery","V","","µV","","µV"
"11/15/2022","18:00:23","7","default","171425599","OXY_CH7","40.113","min","184.804","μmol/L","Humid","21.271","deg","91203","µV","28.731","°C","1025.000","hPa","36.0","pmil","0","55.700","deg","20.000","°C","100.000","%a.s.","22.210","deg","20.000","°C","971.000","hPa","0.826","-0.01532","0.000401","-0.00012","0","11.08","Humid","30.45","0","49.40","251549.45","SABD0002000012","AAV2.0.0.13","4.0.0.2323","PSt7-10","171027-008","9/15/2022 2:43:31 PM","0000-00","0","no battery","V","","µV","","µV"
"11/15/2022","18:00:24","7","default","171425599","OXY_CH7","40.130","min","184.837","μmol/L","Humid","21.269","deg","91204","µV","28.731","°C","1025.000","hPa","36.0","pmil","0","55.700","deg","20.000","°C","100.000","%a.s.","22.210","deg","20.000","°C","971.000","hPa","0.826","-0.01532","0.000401","-0.00012","0","11.08","Humid","30.45","0","49.40","251544.93","SABD0002000012","AAV2.0.0.13","4.0.0.2323","PSt7-10","171027-008","9/15/2022 2:43:31 PM","0000-00","0","no battery","V","","µV","","µV"
"11/15/2022","18:00:25","7","default","171425599","OXY_CH7","40.147","min","184.821","μmol/L","Humid","21.270","deg","91203","µV","28.731","°C","1025.000","hPa","36.0","pmil","0","55.700","deg","20.000","°C","100.000","%a.s.","22.210","deg","20.000","°C","971.000","hPa","0.826","-0.01532","0.000401","-0.00012","0","11.08","Humid","30.45","0","49.40","251541.90","SABD0002000012","AAV2.0.0.13","4.0.0.2323","PSt7-10","171027-008","9/15/2022 2:43:31 PM","0000-00","0","no battery","V","","µV","","µV"
"11/15/2022","18:00:26","7","default","171425599","OXY_CH7","40.164","min","184.839","μmol/L","Humid","21.271","deg","91207","µV","28.725","°C","1025.000","hPa","36.0","pmil","0","55.700","deg","20.000","°C","100.000","%a.s.","22.210","deg","20.000","°C","971.000","hPa","0.826","-0.01532","0.000401","-0.00012","0","11.08","Humid","30.45","0","49.40","251555.00","SABD0002000012","AAV2.0.0.13","4.0.0.2323","PSt7-10","171027-008","9/15/2022 2:43:31 PM","0000-00","0","no battery","V","","µV","","µV"
"11/15/2022","18:00:27","7","default","171425599","OXY_CH7","40.181","min","184.823","μmol/L","Humid","21.272","deg","91212","µV","28.725","°C","1025.000","hPa","36.0","pmil","0","55.700","deg","20.000","°C","100.000","%a.s.","22.210","deg","20.000","°C","971.000","hPa","0.826","-0.01532","0.000401","-0.00012","0","11.08","Humid","30.45","0","49.40","251547.10","SABD0002000012","AAV2.0.0.13","4.0.0.2323","PSt7-10","171027-008","9/15/2022 2:43:31 PM","0000-00","0","no battery","V","","µV","","µV"
"11/15/2022","18:00:28","7","default","171425599","OXY_CH7","40.197","min","184.905","μmol/L","Humid","21.267","deg","91214","µV","28.725","°C","1025.000","hPa","36.0","pmil","0","55.700","deg","20.000","°C","100.000","%a.s.","22.210","deg","20.000","°C","971.000","hPa","0.826","-0.01532","0.000401","-0.00012","0","11.08","Humid","30.45","0","49.40","251545.46","SABD0002000012","AAV2.0.0.13","4.0.0.2323","PSt7-10","171027-008","9/15/2022 2:43:31 PM","0000-00","0","no battery","V","","µV","","µV"
"11/15/2022","18:00:29","7","default","171425599","OXY_CH7","40.214","min","184.753","μmol/L","Humid","21.272","deg","91213","µV","28.737","°C","1025.000","hPa","36.0","pmil","0","55.700","deg","20.000","°C","100.000","%a.s.","22.210","deg","20.000","°C","971.000","hPa","0.826","-0.01532","0.000401","-0.00012","0","11.08","Humid","30.45","0","49.40","251549.08","SABD0002000012","AAV2.0.0.13","4.0.0.2323","PSt7-10","171027-008","9/15/2022 2:43:31 PM","0000-00","0","no battery","V","","µV","","µV"
"11/15/2022","18:00:30","7","default","171425599","OXY_CH7","40.231","min","184.737","μmol/L","Humid","21.273","deg","91218","µV","28.737","°C","1025.000","hPa","36.0","pmil","0","55.700","deg","20.000","°C","100.000","%a.s.","22.210","deg","20.000","°C","971.000","hPa","0.826","-0.01532","0.000401","-0.00012","0","11.08","Humid","30.45","0","49.40","251550.45","SABD0002000012","AAV2.0.0.13","4.0.0.2323","PSt7-10","171027-008","9/15/2022 2:43:31 PM","0000-00","0","no battery","V","","µV","","µV"
"11/15/2022","18:00:31","7","default","171425599","OXY_CH7","40.247","min","184.769","μmol/L","Humid","21.271","deg","91219","µV","28.737","°C","1025.000","hPa","36.0","pmil","0","55.700","deg","20.000","°C","100.000","%a.s.","22.210","deg","20.000","°C","971.000","hPa","0.826","-0.01532","0.000401","-0.00012","0","11.08","Humid","30.45","0","49.40","251553.87","SABD0002000012","AAV2.0.0.13","4.0.0.2323","PSt7-10","171027-008","9/15/2022 2:43:31 PM","0000-00","0","no battery","V","","µV","","µV"
"11/15/2022","18:00:32","7","default","171425599","OXY_CH7","40.263","min","184.790","μmol/L","Humid","21.274","deg","91220","µV","28.725","°C","1025.000","hPa","36.0","pmil","0","55.700","deg","20.000","°C","100.000","%a.s.","22.210","deg","20.000","°C","971.000","hPa","0.826","-0.01532","0.000401","-0.00012","0","11.08","Humid","30.45","0","49.40","251548.13","SABD0002000012","AAV2.0.0.13","4.0.0.2323","PSt7-10","171027-008","9/15/2022 2:43:31 PM","0000-00","0","no battery","V","","µV","","µV"
"11/15/2022","18:00:33","7","default","171425599","OXY_CH7","40.280","min","184.708","μmol/L","Humid","21.279","deg","91226","µV","28.725","°C","1025.000","hPa","36.0","pmil","0","55.700","deg","20.000","°C","100.000","%a.s.","22.210","deg","20.000","°C","971.000","hPa","0.826","-0.01532","0.000401","-0.00012","0","11.08","Humid","30.45","0","49.40","251549.84","SABD0002000012","AAV2.0.0.13","4.0.0.2323","PSt7-10","171027-008","9/15/2022 2:43:31 PM","0000-00","0","no battery","V","","µV","","µV"
"11/15/2022","18:00:34","7","default","171425599","OXY_CH7","40.297","min","184.671","μmol/L","Humid","21.277","deg","91226","µV","28.737","°C","1025.000","hPa","36.0","pmil","0","55.700","deg","20.000","°C","100.000","%a.s.","22.210","deg","20.000","°C","971.000","hPa","0.826","-0.01532","0.000401","-0.00012","0","11.08","Humid","30.45","0","49.40","251541.02","SABD0002000012","AAV2.0.0.13","4.0.0.2323","PSt7-10","171027-008","9/15/2022 2:43:31 PM","0000-00","0","no battery","V","","µV","","µV"
"11/15/2022","18:00:35","7","default","171425599","OXY_CH7","40.314","min","184.759","μmol/L","Humid","21.278","deg","91224","µV","28.718","°C","1025.000","hPa","36.0","pmil","0","55.700","deg","20.000","°C","100.000","%a.s.","22.210","deg","20.000","°C","971.000","hPa","0.826","-0.01532","0.000401","-0.00012","0","11.08","Humid","30.45","0","49.40","251539.09","SABD0002000012","AAV2.0.0.13","4.0.0.2323","PSt7-10","171027-008","9/15/2022 2:43:31 PM","0000-00","0","no battery","V","","µV","","µV"
"11/15/2022","18:00:36","7","default","171425599","OXY_CH7","40.330","min","184.755","μmol/L","Humid","21.274","deg","91222","µV","28.731","°C","1025.000","hPa","36.0","pmil","0","55.700","deg","20.000","°C","100.000","%a.s.","22.210","deg","20.000","°C","971.000","hPa","0.826","-0.01532","0.000401","-0.00012","0","11.08","Humid","30.45","0","49.40","251529.52","SABD0002000012","AAV2.0.0.13","4.0.0.2323","PSt7-10","171027-008","9/15/2022 2:43:31 PM","0000-00","0","no battery","V","","µV","","µV"
"11/15/2022","18:00:37","7","default","171425599","OXY_CH7","40.347","min","184.739","μmol/L","Humid","21.275","deg","91224","µV","28.731","°C","1025.000","hPa","36.0","pmil","0","55.700","deg","20.000","°C","100.000","%a.s.","22.210","deg","20.000","°C","971.000","hPa","0.826","-0.01532","0.000401","-0.00012","0","11.08","Humid","30.45","0","49.40","251533.59","SABD0002000012","AAV2.0.0.13","4.0.0.2323","PSt7-10","171027-008","9/15/2022 2:43:31 PM","0000-00","0","no battery","V","","µV","","µV"
"11/15/2022","18:00:38","7","default","171425599","OXY_CH7","40.364","min","184.858","μmol/L","Humid","21.272","deg","91229","µV","28.718","°C","1025.000","hPa","36.0","pmil","0","55.700","deg","20.000","°C","100.000","%a.s.","22.210","deg","20.000","°C","971.000","hPa","0.826","-0.01532","0.000401","-0.00012","0","11.08","Humid","30.45","0","49.40","251530.88","SABD0002000012","AAV2.0.0.13","4.0.0.2323","PSt7-10","171027-008","9/15/2022 2:43:31 PM","0000-00","0","no battery","V","","µV","","µV"
"11/15/2022","18:00:39","7","default","171425599","OXY_CH7","40.381","min","184.806","μmol/L","Humid","21.273","deg","91234","µV","28.725","°C","1025.000","hPa","36.0","pmil","0","55.700","deg","20.000","°C","100.000","%a.s.","22.210","deg","20.000","°C","971.000","hPa","0.826","-0.01532","0.000401","-0.00012","0","11.08","Humid","30.45","0","49.40","251533.01","SABD0002000012","AAV2.0.0.13","4.0.0.2323","PSt7-10","171027-008","9/15/2022 2:43:31 PM","0000-00","0","no battery","V","","µV","","µV"
"11/15/2022","18:00:40","7","default","171425599","OXY_CH7","40.397","min","184.839","μmol/L","Humid","21.271","deg","91231","µV","28.725","°C","1025.000","hPa","36.0","pmil","0","55.700","deg","20.000","°C","100.000","%a.s.","22.210","deg","20.000","°C","971.000","hPa","0.826","-0.01532","0.000401","-0.00012","0","11.08","Humid","30.45","0","49.40","251538.07","SABD0002000012","AAV2.0.0.13","4.0.0.2323","PSt7-10","171027-008","9/15/2022 2:43:31 PM","0000-00","0","no battery","V","","µV","","µV"
"11/15/2022","18:00:41","7","default","171425599","OXY_CH7","40.414","min","184.706","μmol/L","Humid","21.277","deg","91239","µV","28.731","°C","1025.000","hPa","36.0","pmil","0","55.700","deg","20.000","°C","100.000","%a.s.","22.210","deg","20.000","°C","971.000","hPa","0.826","-0.01532","0.000401","-0.00012","0","11.08","Humid","30.45","0","49.40","251547.98","SABD0002000012","AAV2.0.0.13","4.0.0.2323","PSt7-10","171027-008","9/15/2022 2:43:31 PM","0000-00","0","no battery","V","","µV","","µV"
"11/15/2022","18:00:42","7","default","171425599","OXY_CH7","40.430","min","184.755","μmol/L","Humid","21.274","deg","91232","µV","28.731","°C","1025.000","hPa","36.0","pmil","0","55.700","deg","20.000","°C","100.000","%a.s.","22.210","deg","20.000","°C","971.000","hPa","0.826","-0.01532","0.000401","-0.00012","0","11.08","Humid","30.45","0","49.40","251529.44","SABD0002000012","AAV2.0.0.13","4.0.0.2323","PSt7-10","171027-008","9/15/2022 2:43:31 PM","0000-00","0","no battery","V","","µV","","µV"
"11/15/2022","18:00:43","7","default","171425599","OXY_CH7","40.447","min","184.725","μmol/L","Humid","21.278","deg","91238","µV","28.725","°C","1025.000","hPa","36.0","pmil","0","55.700","deg","20.000","°C","100.000","%a.s.","22.210","deg","20.000","°C","971.000","hPa","0.826","-0.01532","0.000401","-0.00012","0","11.08","Humid","30.45","0","49.40","251529.95","SABD0002000012","AAV2.0.0.13","4.0.0.2323","PSt7-10","171027-008","9/15/2022 2:43:31 PM","0000-00","0","no battery","V","","µV","","µV"
"11/15/2022","18:00:44","7","default","171425599","OXY_CH7","40.464","min","184.739","μmol/L","Humid","21.275","deg","91236","µV","28.731","°C","1025.000","hPa","36.0","pmil","0","55.700","deg","20.000","°C","100.000","%a.s.","22.210","deg","20.000","°C","971.000","hPa","0.826","-0.01532","0.000401","-0.00012","0","11.08","Humid","30.45","0","49.40","251530.55","SABD0002000012","AAV2.0.0.13","4.0.0.2323","PSt7-10","171027-008","9/15/2022 2:43:31 PM","0000-00","0","no battery","V","","µV","","µV"
"11/15/2022","18:00:45","7","default","171425599","OXY_CH7","40.480","min","184.624","μmol/L","Humid","21.282","deg","91238","µV","28.731","°C","1025.000","hPa","36.0","pmil","0","55.700","deg","20.000","°C","100.000","%a.s.","22.210","deg","20.000","°C","971.000","hPa","0.826","-0.01532","0.000401","-0.00012","0","11.08","Humid","30.45","0","49.40","251525.49","SABD0002000012","AAV2.0.0.13","4.0.0.2323","PSt7-10","171027-008","9/15/2022 2:43:31 PM","0000-00","0","no battery","V","","µV","","µV"
"11/15/2022","18:00:46","7","default","171425599","OXY_CH7","40.497","min","184.757","μmol/L","Humid","21.276","deg","91241","µV","28.725","°C","1025.000","hPa","36.0","pmil","0","55.700","deg","20.000","°C","100.000","%a.s.","22.210","deg","20.000","°C","971.000","hPa","0.826","-0.01532","0.000401","-0.00012","0","11.08","Humid","30.45","0","49.40","251519.30","SABD0002000012","AAV2.0.0.13","4.0.0.2323","PSt7-10","171027-008","9/15/2022 2:43:31 PM","0000-00","0","no battery","V","","µV","","µV"
"11/15/2022","18:00:47","7","default","171425599","OXY_CH7","40.514","min","184.708","μmol/L","Humid","21.279","deg","91254","µV","28.725","°C","1025.000","hPa","36.0","pmil","0","55.700","deg","20.000","°C","100.000","%a.s.","22.210","deg","20.000","°C","971.000","hPa","0.826","-0.01532","0.000401","-0.00012","0","11.08","Humid","30.45","0","49.40","251534.45","SABD0002000012","AAV2.0.0.13","4.0.0.2323","PSt7-10","171027-008","9/15/2022 2:43:31 PM","0000-00","0","no battery","V","","µV","","µV"
"11/15/2022","18:00:48","7","default","171425599","OXY_CH7","40.531","min","184.706","μmol/L","Humid","21.277","deg","91240","µV","28.731","°C","1025.000","hPa","36.0","pmil","0","55.700","deg","20.000","°C","100.000","%a.s.","22.210","deg","20.000","°C","971.000","hPa","0.826","-0.01532","0.000401","-0.00012","0","11.08","Humid","30.45","0","49.40","251527.20","SABD0002000012","AAV2.0.0.13","4.0.0.2323","PSt7-10","171027-008","9/15/2022 2:43:31 PM","0000-00","0","no battery","V","","µV","","µV"
"11/15/2022","18:00:49","7","default","171425599","OXY_CH7","40.547","min","184.741","μmol/L","Humid","21.277","deg","91249","µV","28.725","°C","1025.000","hPa","36.0","pmil","0","55.700","deg","20.000","°C","100.000","%a.s.","22.210","deg","20.000","°C","971.000","hPa","0.826","-0.01532","0.000401","-0.00012","0","11.08","Humid","30.45","0","49.40","251529.50","SABD0002000012","AAV2.0.0.13","4.0.0.2323","PSt7-10","171027-008","9/15/2022 2:43:31 PM","0000-00","0","no battery","V","","µV","","µV"
"11/15/2022","18:00:50","7","default","171425599","OXY_CH7","40.564","min","184.776","μmol/L","Humid","21.277","deg","91250","µV","28.718","°C","1025.000","hPa","36.0","pmil","0","55.700","deg","20.000","°C","100.000","%a.s.","22.210","deg","20.000","°C","971.000","hPa","0.826","-0.01532","0.000401","-0.00012","0","11.08","Humid","30.45","0","49.40","251532.25","SABD0002000012","AAV2.0.0.13","4.0.0.2323","PSt7-10","171027-008","9/15/2022 2:43:31 PM","0000-00","0","no battery","V","","µV","","µV"
"11/15/2022","18:00:51","7","default","171425599","OXY_CH7","40.580","min","184.673","μmol/L","Humid","21.279","deg","91252","µV","28.731","°C","1025.000","hPa","36.0","pmil","0","55.700","deg","20.000","°C","100.000","%a.s.","22.210","deg","20.000","°C","971.000","hPa","0.826","-0.01532","0.000401","-0.00012","0","11.08","Humid","30.45","0","49.40","251542.37","SABD0002000012","AAV2.0.0.13","4.0.0.2323","PSt7-10","171027-008","9/15/2022 2:43:31 PM","0000-00","0","no battery","V","","µV","","µV"
"11/15/2022","18:00:52","7","default","171425599","OXY_CH7","40.597","min","184.673","μmol/L","Humid","21.279","deg","91255","µV","28.731","°C","1025.000","hPa","36.0","pmil","0","55.700","deg","20.000","°C","100.000","%a.s.","22.210","deg","20.000","°C","971.000","hPa","0.826","-0.01532","0.000401","-0.00012","0","11.08","Humid","30.45","0","49.40","251547.53","SABD0002000012","AAV2.0.0.13","4.0.0.2323","PSt7-10","171027-008","9/15/2022 2:43:31 PM","0000-00","0","no battery","V","","µV","","µV"
"11/15/2022","18:00:53","7","default","171425599","OXY_CH7","40.614","min","184.657","μmol/L","Humid","21.280","deg","91250","µV","28.731","°C","1025.000","hPa","36.0","pmil","0","55.700","deg","20.000","°C","100.000","%a.s.","22.210","deg","20.000","°C","971.000","hPa","0.826","-0.01532","0.000401","-0.00012","0","11.08","Humid","30.45","0","49.40","251533.73","SABD0002000012","AAV2.0.0.13","4.0.0.2323","PSt7-10","171027-008","9/15/2022 2:43:31 PM","0000-00","0","no battery","V","","µV","","µV"
"11/15/2022","18:00:54","7","default","171425599","OXY_CH7","40.630","min","184.739","μmol/L","Humid","21.275","deg","91261","µV","28.731","°C","1025.000","hPa","36.0","pmil","0","55.700","deg","20.000","°C","100.000","%a.s.","22.210","deg","20.000","°C","971.000","hPa","0.826","-0.01532","0.000401","-0.00012","0","11.08","Humid","30.45","0","49.40","251529.80","SABD0002000012","AAV2.0.0.13","4.0.0.2323","PSt7-10","171027-008","9/15/2022 2:43:31 PM","0000-00","0","no battery","V","","µV","","µV"
"11/15/2022","18:00:55","7","default","171425599","OXY_CH7","40.647","min","184.706","μmol/L","Humid","21.277","deg","91256","µV","28.731","°C","1025.000","hPa","36.0","pmil","0","55.700","deg","20.000","°C","100.000","%a.s.","22.210","deg","20.000","°C","971.000","hPa","0.826","-0.01532","0.000401","-0.00012","0","11.08","Humid","30.45","0","49.40","251527.66","SABD0002000012","AAV2.0.0.13","4.0.0.2323","PSt7-10","171027-008","9/15/2022 2:43:31 PM","0000-00","0","no battery","V","","µV","","µV"
"11/15/2022","18:00:56","7","default","171425599","OXY_CH7","40.664","min","184.708","μmol/L","Humid","21.279","deg","91254","µV","28.725","°C","1025.000","hPa","36.0","pmil","0","55.700","deg","20.000","°C","100.000","%a.s.","22.210","deg","20.000","°C","971.000","hPa","0.826","-0.01532","0.000401","-0.00012","0","11.08","Humid","30.45","0","49.40","251530.54","SABD0002000012","AAV2.0.0.13","4.0.0.2323","PSt7-10","171027-008","9/15/2022 2:43:31 PM","0000-00","0","no battery","V","","µV","","µV"
"11/15/2022","18:00:57","7","default","171425599","OXY_CH7","40.681","min","184.725","μmol/L","Humid","21.278","deg","91274","µV","28.725","°C","1025.000","hPa","36.0","pmil","0","55.700","deg","20.000","°C","100.000","%a.s.","22.210","deg","20.000","°C","971.000","hPa","0.826","-0.01532","0.000401","-0.00012","0","11.08","Humid","30.45","0","49.40","251529.63","SABD0002000012","AAV2.0.0.13","4.0.0.2323","PSt7-10","171027-008","9/15/2022 2:43:31 PM","0000-00","0","no battery","V","","µV","","µV"
"11/15/2022","18:00:58","7","default","171425599","OXY_CH7","40.697","min","184.641","μmol/L","Humid","21.281","deg","91260","µV","28.731","°C","1025.000","hPa","36.0","pmil","0","55.700","deg","20.000","°C","100.000","%a.s.","22.210","deg","20.000","°C","971.000","hPa","0.826","-0.01532","0.000401","-0.00012","0","11.08","Humid","30.45","0","49.40","251527.58","SABD0002000012","AAV2.0.0.13","4.0.0.2323","PSt7-10","171027-008","9/15/2022 2:43:31 PM","0000-00","0","no battery","V","","µV","","µV"
"11/15/2022","18:00:59","7","default","171425599","OXY_CH7","40.714","min","184.708","μmol/L","Humid","21.279","deg","91260","µV","28.725","°C","1025.000","hPa","36.0","pmil","0","55.700","deg","20.000","°C","100.000","%a.s.","22.210","deg","20.000","°C","971.000","hPa","0.826","-0.01532","0.000401","-0.00012","0","11.08","Humid","30.45","0","49.40","251525.91","SABD0002000012","AAV2.0.0.13","4.0.0.2323","PSt7-10","171027-008","9/15/2022 2:43:31 PM","0000-00","0","no battery","V","","µV","","µV"
"11/15/2022","18:01:00","7","default","171425599","OXY_CH7","40.730","min","184.676","μmol/L","Humid","21.281","deg","91261","µV","28.725","°C","1025.000","hPa","36.0","pmil","0","55.700","deg","20.000","°C","100.000","%a.s.","22.210","deg","20.000","°C","971.000","hPa","0.826","-0.01532","0.000401","-0.00012","0","11.08","Humid","30.45","0","49.40","251507.70","SABD0002000012","AAV2.0.0.13","4.0.0.2323","PSt7-10","171027-008","9/15/2022 2:43:31 PM","0000-00","0","no battery","V","","µV","","µV"
"11/15/2022","18:01:01","7","default","171425599","OXY_CH7","40.747","min","184.725","μmol/L","Humid","21.278","deg","91267","µV","28.725","°C","1025.000","hPa","36.0","pmil","0","55.700","deg","20.000","°C","100.000","%a.s.","22.210","deg","20.000","°C","971.000","hPa","0.826","-0.01532","0.000401","-0.00012","0","11.08","Humid","30.45","0","49.40","251511.09","SABD0002000012","AAV2.0.0.13","4.0.0.2323","PSt7-10","171027-008","9/15/2022 2:43:31 PM","0000-00","0","no battery","V","","µV","","µV"
"11/15/2022","18:01:02","7","default","171425599","OXY_CH7","40.764","min","184.641","μmol/L","Humid","21.281","deg","91274","µV","28.731","°C","1025.000","hPa","36.0","pmil","0","55.700","deg","20.000","°C","100.000","%a.s.","22.210","deg","20.000","°C","971.000","hPa","0.826","-0.01532","0.000401","-0.00012","0","11.08","Humid","30.45","0","49.40","251528.56","SABD0002000012","AAV2.0.0.13","4.0.0.2323","PSt7-10","171027-008","9/15/2022 2:43:31 PM","0000-00","0","no battery","V","","µV","","µV"
"11/15/2022","18:01:03","7","default","171425599","OXY_CH7","40.780","min","184.657","μmol/L","Humid","21.280","deg","91271","µV","28.731","°C","1025.000","hPa","36.0","pmil","0","55.700","deg","20.000","°C","100.000","%a.s.","22.210","deg","20.000","°C","971.000","hPa","0.826","-0.01532","0.000401","-0.00012","0","11.08","Humid","30.45","0","49.40","251515.82","SABD0002000012","AAV2.0.0.13","4.0.0.2323","PSt7-10","171027-008","9/15/2022 2:43:31 PM","0000-00","0","no battery","V","","µV","","µV"
"11/15/2022","18:01:04","7","default","171425599","OXY_CH7","40.797","min","184.727","μmol/L","Humid","21.280","deg","91272","µV","28.718","°C","1025.000","hPa","36.0","pmil","0","55.700","deg","20.000","°C","100.000","%a.s.","22.210","deg","20.000","°C","971.000","hPa","0.826","-0.01532","0.000401","-0.00012","0","11.08","Humid","30.45","0","49.40","251511.54","SABD0002000012","AAV2.0.0.13","4.0.0.2323","PSt7-10","171027-008","9/15/2022 2:43:31 PM","0000-00","0","no battery","V","","µV","","µV"
"11/15/2022","18:01:05","7","default","171425599","OXY_CH7","40.814","min","184.757","μmol/L","Humid","21.276","deg","91274","µV","28.725","°C","1025.000","hPa","36.0","pmil","0","55.700","deg","20.000","°C","100.000","%a.s.","22.210","deg","20.000","°C","971.000","hPa","0.826","-0.01532","0.000401","-0.00012","0","11.08","Humid","30.45","0","49.40","251509.19","SABD0002000012","AAV2.0.0.13","4.0.0.2323","PSt7-10","171027-008","9/15/2022 2:43:31 PM","0000-00","0","no battery","V","","µV","","µV"
"11/15/2022","18:01:06","7","default","171425599","OXY_CH7","40.831","min","184.643","μmol/L","Humid","21.283","deg","91278","µV","28.725","°C","1025.000","hPa","36.0","pmil","0","55.700","deg","20.000","°C","100.000","%a.s.","22.210","deg","20.000","°C","971.000","hPa","0.826","-0.01532","0.000401","-0.00012","0","11.08","Humid","30.45","0","49.40","251520.74","SABD0002000012","AAV2.0.0.13","4.0.0.2323","PSt7-10","171027-008","9/15/2022 2:43:31 PM","0000-00","0","no battery","V","","µV","","µV"
"11/15/2022","18:01:07","7","default","171425599","OXY_CH7","40.847","min","184.676","μmol/L","Humid","21.281","deg","91272","µV","28.725","°C","1025.000","hPa","36.0","pmil","0","55.700","deg","20.000","°C","100.000","%a.s.","22.210","deg","20.000","°C","971.000","hPa","0.826","-0.01532","0.000401","-0.00012","0","11.08","Humid","30.45","0","49.40","251509.37","SABD0002000012","AAV2.0.0.13","4.0.0.2323","PSt7-10","171027-008","9/15/2022 2:43:31 PM","0000-00","0","no battery","V","","µV","","µV"
"11/15/2022","18:01:08","7","default","171425599","OXY_CH7","40.864","min","184.676","μmol/L","Humid","21.281","deg","91277","µV","28.725","°C","1025.000","hPa","36.0","pmil","0","55.700","deg","20.000","°C","100.000","%a.s.","22.210","deg","20.000","°C","971.000","hPa","0.826","-0.01532","0.000401","-0.00012","0","11.08","Humid","30.45","0","49.40","251517.95","SABD0002000012","AAV2.0.0.13","4.0.0.2323","PSt7-10","171027-008","9/15/2022 2:43:31 PM","0000-00","0","no battery","V","","µV","","µV"
"11/15/2022","18:01:09","7","default","171425599","OXY_CH7","40.880","min","184.645","μmol/L","Humid","21.285","deg","91268","µV","28.718","°C","1025.000","hPa","36.0","pmil","0","55.700","deg","20.000","°C","100.000","%a.s.","22.210","deg","20.000","°C","971.000","hPa","0.826","-0.01532","0.000401","-0.00012","0","11.08","Humid","30.45","0","49.40","251515.71","SABD0002000012","AAV2.0.0.13","4.0.0.2323","PSt7-10","171027-008","9/15/2022 2:43:31 PM","0000-00","0","no battery","V","","µV","","µV"
"11/15/2022","18:01:10","7","default","171425599","OXY_CH7","40.897","min","184.710","μmol/L","Humid","21.281","deg","91281","µV","28.718","°C","1025.000","hPa","36.0","pmil","0","55.700","deg","20.000","°C","100.000","%a.s.","22.210","deg","20.000","°C","971.000","hPa","0.826","-0.01532","0.000401","-0.00012","0","11.08","Humid","30.45","0","49.40","251515.00","SABD0002000012","AAV2.0.0.13","4.0.0.2323","PSt7-10","171027-008","9/15/2022 2:43:31 PM","0000-00","0","no battery","V","","µV","","µV"
"11/15/2022","18:01:11","7","default","171425599","OXY_CH7","40.914","min","184.643","μmol/L","Humid","21.283","deg","91278","µV","28.725","°C","1025.000","hPa","36.0","pmil","0","55.700","deg","20.000","°C","100.000","%a.s.","22.210","deg","20.000","°C","971.000","hPa","0.826","-0.01532","0.000401","-0.00012","0","11.08","Humid","30.45","0","49.40","251527.20","SABD0002000012","AAV2.0.0.13","4.0.0.2323","PSt7-10","171027-008","9/15/2022 2:43:31 PM","0000-00","0","no battery","V","","µV","","µV"
"11/15/2022","18:01:12","7","default","171425599","OXY_CH7","40.930","min","184.659","μmol/L","Humid","21.282","deg","91281","µV","28.725","°C","1025.000","hPa","36.0","pmil","0","55.700","deg","20.000","°C","100.000","%a.s.","22.210","deg","20.000","°C","971.000","hPa","0.826","-0.01532","0.000401","-0.00012","0","11.08","Humid","30.45","0","49.40","251519.01","SABD0002000012","AAV2.0.0.13","4.0.0.2323","PSt7-10","171027-008","9/15/2022 2:43:31 PM","0000-00","0","no battery","V","","µV","","µV"
"11/15/2022","18:01:13","7","default","171425599","OXY_CH7","40.947","min","184.559","μmol/L","Humid","21.286","deg","91285","µV","28.731","°C","1025.000","hPa","36.0","pmil","0","55.700","deg","20.000","°C","100.000","%a.s.","22.210","deg","20.000","°C","971.000","hPa","0.826","-0.01532","0.000401","-0.00012","0","11.08","Humid","30.45","0","49.40","251523.93","SABD0002000012","AAV2.0.0.13","4.0.0.2323","PSt7-10","171027-008","9/15/2022 2:43:31 PM","0000-00","0","no battery","V","","µV","","µV"
"11/15/2022","18:01:14","7","default","171425599","OXY_CH7","40.964","min","184.545","μmol/L","Humid","21.289","deg","91284","µV","28.725","°C","1025.000","hPa","36.0","pmil","0","55.700","deg","20.000","°C","100.000","%a.s.","22.210","deg","20.000","°C","971.000","hPa","0.826","-0.01532","0.000401","-0.00012","0","11.08","Humid","30.45","0","49.40","251519.54","SABD0002000012","AAV2.0.0.13","4.0.0.2323","PSt7-10","171027-008","9/15/2022 2:43:31 PM","0000-00","0","no battery","V","","µV","","µV"
"11/15/2022","18:01:15","7","default","171425599","OXY_CH7","40.981","min","184.643","μmol/L","Humid","21.283","deg","91285","µV","28.725","°C","1025.000","hPa","36.0","pmil","0","55.700","deg","20.000","°C","100.000","%a.s.","22.210","deg","20.000","°C","971.000","hPa","0.826","-0.01532","0.000401","-0.00012","0","11.08","Humid","30.45","0","49.40","251522.11","SABD0002000012","AAV2.0.0.13","4.0.0.2323","PSt7-10","171027-008","9/15/2022 2:43:31 PM","0000-00","0","no battery","V","","µV","","µV"
"11/15/2022","18:01:16","7","default","171425599","OXY_CH7","40.998","min","184.643","μmol/L","Humid","21.283","deg","91296","µV","28.725","°C","1025.000","hPa","36.0","pmil","0","55.700","deg","20.000","°C","100.000","%a.s.","22.210","deg","20.000","°C","971.000","hPa","0.826","-0.01532","0.000401","-0.00012","0","11.08","Humid","30.45","0","49.40","251519.67","SABD0002000012","AAV2.0.0.13","4.0.0.2323","PSt7-10","171027-008","9/15/2022 2:43:31 PM","0000-00","0","no battery","V","","µV","","µV"
"11/15/2022","18:01:17","7","default","171425599","OXY_CH7","41.014","min","184.708","μmol/L","Humid","21.279","deg","91293","µV","28.725","°C","1025.000","hPa","36.0","pmil","0","55.700","deg","20.000","°C","100.000","%a.s.","22.210","deg","20.000","°C","971.000","hPa","0.826","-0.01532","0.000401","-0.00012","0","11.08","Humid","30.45","0","49.40","251520.61","SABD0002000012","AAV2.0.0.13","4.0.0.2323","PSt7-10","171027-008","9/15/2022 2:43:31 PM","0000-00","0","no battery","V","","µV","","µV"
"11/15/2022","18:01:18","7","default","171425599","OXY_CH7","41.030","min","184.627","μmol/L","Humid","21.284","deg","91289","µV","28.725","°C","1025.000","hPa","36.0","pmil","0","55.700","deg","20.000","°C","100.000","%a.s.","22.210","deg","20.000","°C","971.000","hPa","0.826","-0.01532","0.000401","-0.00012","0","11.08","Humid","30.45","0","49.40","251502.38","SABD0002000012","AAV2.0.0.13","4.0.0.2323","PSt7-10","171027-008","9/15/2022 2:43:31 PM","0000-00","0","no battery","V","","µV","","µV"
"11/15/2022","18:01:19","7","default","171425599","OXY_CH7","41.047","min","184.627","μmol/L","Humid","21.284","deg","91297","µV","28.725","°C","1025.000","hPa","36.0","pmil","0","55.700","deg","20.000","°C","100.000","%a.s.","22.210","deg","20.000","°C","971.000","hPa","0.826","-0.01532","0.000401","-0.00012","0","11.08","Humid","30.45","0","49.40","251519.33","SABD0002000012","AAV2.0.0.13","4.0.0.2323","PSt7-10","171027-008","9/15/2022 2:43:31 PM","0000-00","0","no battery","V","","µV","","µV"
"11/15/2022","18:01:20","7","default","171425599","OXY_CH7","41.064","min","184.594","μmol/L","Humid","21.286","deg","91298","µV","28.725","°C","1025.000","hPa","36.0","pmil","0","55.700","deg","20.000","°C","100.000","%a.s.","22.210","deg","20.000","°C","971.000","hPa","0.826","-0.01532","0.000401","-0.00012","0","11.08","Humid","30.45","0","49.40","251514.30","SABD0002000012","AAV2.0.0.13","4.0.0.2323","PSt7-10","171027-008","9/15/2022 2:43:31 PM","0000-00","0","no battery","V","","µV","","µV"
"11/15/2022","18:01:21","7","default","171425599","OXY_CH7","41.080","min","184.575","μmol/L","Humid","21.285","deg","91307","µV","28.731","°C","1025.000","hPa","36.0","pmil","0","55.700","deg","20.000","°C","100.000","%a.s.","22.210","deg","20.000","°C","971.000","hPa","0.826","-0.01532","0.000401","-0.00012","0","11.08","Humid","30.45","0","49.40","251519.97","SABD0002000012","AAV2.0.0.13","4.0.0.2323","PSt7-10","171027-008","9/15/2022 2:43:31 PM","0000-00","0","no battery","V","","µV","","µV"
"11/15/2022","18:01:22","7","default","171425599","OXY_CH7","41.097","min","184.645","μmol/L","Humid","21.285","deg","91308","µV","28.718","°C","1025.000","hPa","36.0","pmil","0","55.700","deg","20.000","°C","100.000","%a.s.","22.210","deg","20.000","°C","971.000","hPa","0.826","-0.01532","0.000401","-0.00012","0","11.08","Humid","30.45","0","49.40","251516.57","SABD0002000012","AAV2.0.0.13","4.0.0.2323","PSt7-10","171027-008","9/15/2022 2:43:31 PM","0000-00","0","no battery","V","","µV","","µV"
"11/15/2022","18:01:23","7","default","171425599","OXY_CH7","41.114","min","184.659","μmol/L","Humid","21.282","deg","91304","µV","28.725","°C","1025.000","hPa","36.0","pmil","0","55.700","deg","20.000","°C","100.000","%a.s.","22.210","deg","20.000","°C","971.000","hPa","0.826","-0.01532","0.000401","-0.00012","0","11.08","Humid","30.45","0","49.40","251508.51","SABD0002000012","AAV2.0.0.13","4.0.0.2323","PSt7-10","171027-008","9/15/2022 2:43:31 PM","0000-00","0","no battery","V","","µV","","µV"
"11/15/2022","18:01:24","7","default","171425599","OXY_CH7","41.131","min","184.610","μmol/L","Humid","21.285","deg","91303","µV","28.725","°C","1025.000","hPa","36.0","pmil","0","55.700","deg","20.000","°C","100.000","%a.s.","22.210","deg","20.000","°C","971.000","hPa","0.826","-0.01532","0.000401","-0.00012","0","11.08","Humid","30.45","0","49.40","251517.87","SABD0002000012","AAV2.0.0.13","4.0.0.2323","PSt7-10","171027-008","9/15/2022 2:43:31 PM","0000-00","0","no battery","V","","µV","","µV"
"11/15/2022","18:01:25","7","default","171425599","OXY_CH7","41.148","min","184.643","μmol/L","Humid","21.283","deg","91313","µV","28.725","°C","1025.000","hPa","36.0","pmil","0","55.700","deg","20.000","°C","100.000","%a.s.","22.210","deg","20.000","°C","971.000","hPa","0.826","-0.01532","0.000401","-0.00012","0","11.08","Humid","30.45","0","49.40","251518.72","SABD0002000012","AAV2.0.0.13","4.0.0.2323","PSt7-10","171027-008","9/15/2022 2:43:31 PM","0000-00","0","no battery","V","","µV","","µV"
"11/15/2022","18:01:26","7","default","171425599","OXY_CH7","41.164","min","184.610","μmol/L","Humid","21.285","deg","91302","µV","28.725","°C","1025.000","hPa","36.0","pmil","0","55.700","deg","20.000","°C","100.000","%a.s.","22.210","deg","20.000","°C","971.000","hPa","0.826","-0.01532","0.000401","-0.00012","0","11.08","Humid","30.45","0","49.40","251507.82","SABD0002000012","AAV2.0.0.13","4.0.0.2323","PSt7-10","171027-008","9/15/2022 2:43:31 PM","0000-00","0","no battery","V","","µV","","µV"
"11/15/2022","18:01:27","7","default","171425599","OXY_CH7","41.180","min","184.627","μmol/L","Humid","21.284","deg","91311","µV","28.725","°C","1025.000","hPa","36.0","pmil","0","55.700","deg","20.000","°C","100.000","%a.s.","22.210","deg","20.000","°C","971.000","hPa","0.826","-0.01532","0.000401","-0.00012","0","11.08","Humid","30.45","0","49.40","251518.99","SABD0002000012","AAV2.0.0.13","4.0.0.2323","PSt7-10","171027-008","9/15/2022 2:43:31 PM","0000-00","0","no battery","V","","µV","","µV"
"11/15/2022","18:01:28","7","default","171425599","OXY_CH7","41.197","min","184.610","μmol/L","Humid","21.285","deg","91315","µV","28.725","°C","1025.000","hPa","36.0","pmil","0","55.700","deg","20.000","°C","100.000","%a.s.","22.210","deg","20.000","°C","971.000","hPa","0.826","-0.01532","0.000401","-0.00012","0","11.08","Humid","30.45","0","49.40","251509.55","SABD0002000012","AAV2.0.0.13","4.0.0.2323","PSt7-10","171027-008","9/15/2022 2:43:31 PM","0000-00","0","no battery","V","","µV","","µV"
"11/15/2022","18:01:29","7","default","171425599","OXY_CH7","41.214","min","184.526","μmol/L","Humid","21.288","deg","91315","µV","28.731","°C","1025.000","hPa","36.0","pmil","0","55.700","deg","20.000","°C","100.000","%a.s.","22.210","deg","20.000","°C","971.000","hPa","0.826","-0.01532","0.000401","-0.00012","0","11.08","Humid","30.45","0","49.40","251508.00","SABD0002000012","AAV2.0.0.13","4.0.0.2323","PSt7-10","171027-008","9/15/2022 2:43:31 PM","0000-00","0","no battery","V","","µV","","µV"
"11/15/2022","18:01:30","7","default","171425599","OXY_CH7","41.230","min","184.627","μmol/L","Humid","21.284","deg","91313","µV","28.725","°C","1025.000","hPa","36.0","pmil","0","55.700","deg","20.000","°C","100.000","%a.s.","22.210","deg","20.000","°C","971.000","hPa","0.826","-0.01532","0.000401","-0.00012","0","11.08","Humid","30.45","0","49.40","251507.03","SABD0002000012","AAV2.0.0.13","4.0.0.2323","PSt7-10","171027-008","9/15/2022 2:43:31 PM","0000-00","0","no battery","V","","µV","","µV"
"11/15/2022","18:01:31","7","default","171425599","OXY_CH7","41.247","min","184.526","μmol/L","Humid","21.288","deg","91317","µV","28.731","°C","1025.000","hPa","36.0","pmil","0","55.700","deg","20.000","°C","100.000","%a.s.","22.210","deg","20.000","°C","971.000","hPa","0.826","-0.01532","0.000401","-0.00012","0","11.08","Humid","30.45","0","49.40","251510.15","SABD0002000012","AAV2.0.0.13","4.0.0.2323","PSt7-10","171027-008","9/15/2022 2:43:31 PM","0000-00","0","no battery","V","","µV","","µV"
"11/15/2022","18:01:32","7","default","171425599","OXY_CH7","41.264","min","184.661","μmol/L","Humid","21.284","deg","91315","µV","28.718","°C","1025.000","hPa","36.0","pmil","0","55.700","deg","20.000","°C","100.000","%a.s.","22.210","deg","20.000","°C","971.000","hPa","0.826","-0.01532","0.000401","-0.00012","0","11.08","Humid","30.45","0","49.40","251515.75","SABD0002000012","AAV2.0.0.13","4.0.0.2323","PSt7-10","171027-008","9/15/2022 2:43:31 PM","0000-00","0","no battery","V","","µV","","µV"
"11/15/2022","18:01:33","7","default","171425599","OXY_CH7","41.281","min","184.578","μmol/L","Humid","21.287","deg","91314","µV","28.725","°C","1025.000","hPa","36.0","pmil","0","55.700","deg","20.000","°C","100.000","%a.s.","22.210","deg","20.000","°C","971.000","hPa","0.826","-0.01532","0.000401","-0.00012","0","11.08","Humid","30.45","0","49.40","251513.74","SABD0002000012","AAV2.0.0.13","4.0.0.2323","PSt7-10","171027-008","9/15/2022 2:43:31 PM","0000-00","0","no battery","V","","µV","","µV"
"11/15/2022","18:01:34","7","default","171425599","OXY_CH7","41.297","min","184.531","μmol/L","Humid","21.292","deg","91328","µV","28.718","°C","1025.000","hPa","36.0","pmil","0","55.700","deg","20.000","°C","100.000","%a.s.","22.210","deg","20.000","°C","971.000","hPa","0.826","-0.01532","0.000401","-0.00012","0","11.08","Humid","30.45","0","49.40","251516.10","SABD0002000012","AAV2.0.0.13","4.0.0.2323","PSt7-10","171027-008","9/15/2022 2:43:31 PM","0000-00","0","no battery","V","","µV","","µV"
"11/15/2022","18:01:35","7","default","171425599","OXY_CH7","41.313","min","184.627","μmol/L","Humid","21.284","deg","91321","µV","28.725","°C","1025.000","hPa","36.0","pmil","0","55.700","deg","20.000","°C","100.000","%a.s.","22.210","deg","20.000","°C","971.000","hPa","0.826","-0.01532","0.000401","-0.00012","0","11.08","Humid","30.45","0","49.40","251506.83","SABD0002000012","AAV2.0.0.13","4.0.0.2323","PSt7-10","171027-008","9/15/2022 2:43:31 PM","0000-00","0","no battery","V","","µV","","µV"
"11/15/2022","18:01:36","7","default","171425599","OXY_CH7","41.330","min","184.545","μmol/L","Humid","21.289","deg","91336","µV","28.725","°C","1025.000","hPa","36.0","pmil","0","55.700","deg","20.000","°C","100.000","%a.s.","22.210","deg","20.000","°C","971.000","hPa","0.826","-0.01532","0.000401","-0.00012","0","11.08","Humid","30.45","0","49.40","251528.28","SABD0002000012","AAV2.0.0.13","4.0.0.2323","PSt7-10","171027-008","9/15/2022 2:43:31 PM","0000-00","0","no battery","V","","µV","","µV"
"11/15/2022","18:01:37","7","default","171425599","OXY_CH7","41.347","min","184.578","μmol/L","Humid","21.287","deg","91327","µV","28.725","°C","1025.000","hPa","36.0","pmil","0","55.700","deg","20.000","°C","100.000","%a.s.","22.210","deg","20.000","°C","971.000","hPa","0.826","-0.01532","0.000401","-0.00012","0","11.08","Humid","30.45","0","49.40","251510.56","SABD0002000012","AAV2.0.0.13","4.0.0.2323","PSt7-10","171027-008","9/15/2022 2:43:31 PM","0000-00","0","no battery","V","","µV","","µV"
"11/15/2022","18:01:38","7","default","171425599","OXY_CH7","41.364","min","184.578","μmol/L","Humid","21.287","deg","91329","µV","28.725","°C","1025.000","hPa","36.0","pmil","0","55.700","deg","20.000","°C","100.000","%a.s.","22.210","deg","20.000","°C","971.000","hPa","0.826","-0.01532","0.000401","-0.00012","0","11.08","Humid","30.45","0","49.40","251520.98","SABD0002000012","AAV2.0.0.13","4.0.0.2323","PSt7-10","171027-008","9/15/2022 2:43:31 PM","0000-00","0","no battery","V","","µV","","µV"
"11/15/2022","18:01:39","7","default","171425599","OXY_CH7","41.381","min","184.563","μmol/L","Humid","21.290","deg","91331","µV","28.718","°C","1025.000","hPa","36.0","pmil","0","55.700","deg","20.000","°C","100.000","%a.s.","22.210","deg","20.000","°C","971.000","hPa","0.826","-0.01532","0.000401","-0.00012","0","11.08","Humid","30.45","0","49.40","251513.48","SABD0002000012","AAV2.0.0.13","4.0.0.2323","PSt7-10","171027-008","9/15/2022 2:43:31 PM","0000-00","0","no battery","V","","µV","","µV"
"11/15/2022","18:01:40","7","default","171425599","OXY_CH7","41.397","min","184.545","μmol/L","Humid","21.289","deg","91325","µV","28.725","°C","1025.000","hPa","36.0","pmil","0","55.700","deg","20.000","°C","100.000","%a.s.","22.210","deg","20.000","°C","971.000","hPa","0.826","-0.01532","0.000401","-0.00012","0","11.08","Humid","30.45","0","49.40","251509.06","SABD0002000012","AAV2.0.0.13","4.0.0.2323","PSt7-10","171027-008","9/15/2022 2:43:31 PM","0000-00","0","no battery","V","","µV","","µV"
"11/15/2022","18:01:41","7","default","171425599","OXY_CH7","41.414","min","184.559","μmol/L","Humid","21.286","deg","91333","µV","28.731","°C","1025.000","hPa","36.0","pmil","0","55.700","deg","20.000","°C","100.000","%a.s.","22.210","deg","20.000","°C","971.000","hPa","0.826","-0.01532","0.000401","-0.00012","0","11.08","Humid","30.45","0","49.40","251513.54","SABD0002000012","AAV2.0.0.13","4.0.0.2323","PSt7-10","171027-008","9/15/2022 2:43:31 PM","0000-00","0","no battery","V","","µV","","µV"
"11/15/2022","18:01:42","7","default","171425599","OXY_CH7","41.431","min","184.578","μmol/L","Humid","21.287","deg","91336","µV","28.725","°C","1025.000","hPa","36.0","pmil","0","55.700","deg","20.000","°C","100.000","%a.s.","22.210","deg","20.000","°C","971.000","hPa","0.826","-0.01532","0.000401","-0.00012","0","11.08","Humid","30.45","0","49.40","251509.36","SABD0002000012","AAV2.0.0.13","4.0.0.2323","PSt7-10","171027-008","9/15/2022 2:43:31 PM","0000-00","0","no battery","V","","µV","","µV"
"11/15/2022","18:01:43","7","default","171425599","OXY_CH7","41.447","min","184.615","μmol/L","Humid","21.289","deg","91340","µV","28.712","°C","1025.000","hPa","36.0","pmil","0","55.700","deg","20.000","°C","100.000","%a.s.","22.210","deg","20.000","°C","971.000","hPa","0.826","-0.01532","0.000401","-0.00012","0","11.08","Humid","30.45","0","49.40","251507.24","SABD0002000012","AAV2.0.0.13","4.0.0.2323","PSt7-10","171027-008","9/15/2022 2:43:31 PM","0000-00","0","no battery","V","","µV","","µV"
"11/15/2022","18:01:44","7","default","171425599","OXY_CH7","41.464","min","184.529","μmol/L","Humid","21.290","deg","91340","µV","28.725","°C","1025.000","hPa","36.0","pmil","0","55.700","deg","20.000","°C","100.000","%a.s.","22.210","deg","20.000","°C","971.000","hPa","0.826","-0.01532","0.000401","-0.00012","0","11.08","Humid","30.45","0","49.40","251508.82","SABD0002000012","AAV2.0.0.13","4.0.0.2323","PSt7-10","171027-008","9/15/2022 2:43:31 PM","0000-00","0","no battery","V","","µV","","µV"
"11/15/2022","18:01:45","7","default","171425599","OXY_CH7","41.480","min","184.561","μmol/L","Humid","21.288","deg","91335","µV","28.725","°C","1025.000","hPa","36.0","pmil","0","55.700","deg","20.000","°C","100.000","%a.s.","22.210","deg","20.000","°C","971.000","hPa","0.826","-0.01532","0.000401","-0.00012","0","11.08","Humid","30.45","0","49.40","251508.14","SABD0002000012","AAV2.0.0.13","4.0.0.2323","PSt7-10","171027-008","9/15/2022 2:43:31 PM","0000-00","0","no battery","V","","µV","","µV"
"11/15/2022","18:01:46","7","default","171425599","OXY_CH7","41.497","min","184.496","μmol/L","Humid","21.292","deg","91345","µV","28.725","°C","1025.000","hPa","36.0","pmil","0","55.700","deg","20.000","°C","100.000","%a.s.","22.210","deg","20.000","°C","971.000","hPa","0.826","-0.01532","0.000401","-0.00012","0","11.08","Humid","30.45","0","49.40","251513.89","SABD0002000012","AAV2.0.0.13","4.0.0.2323","PSt7-10","171027-008","9/15/2022 2:43:31 PM","0000-00","0","no battery","V","","µV","","µV"
"11/15/2022","18:01:47","7","default","171425599","OXY_CH7","41.514","min","184.596","μmol/L","Humid","21.288","deg","91349","µV","28.718","°C","1025.000","hPa","36.0","pmil","0","55.700","deg","20.000","°C","100.000","%a.s.","22.210","deg","20.000","°C","971.000","hPa","0.826","-0.01532","0.000401","-0.00012","0","11.08","Humid","30.45","0","49.40","251508.59","SABD0002000012","AAV2.0.0.13","4.0.0.2323","PSt7-10","171027-008","9/15/2022 2:43:31 PM","0000-00","0","no battery","V","","µV","","µV"
"11/15/2022","18:01:48","7","default","171425599","OXY_CH7","41.531","min","184.563","μmol/L","Humid","21.290","deg","91348","µV","28.718","°C","1025.000","hPa","36.0","pmil","0","55.700","deg","20.000","°C","100.000","%a.s.","22.210","deg","20.000","°C","971.000","hPa","0.826","-0.01532","0.000401","-0.00012","0","11.08","Humid","30.45","0","49.40","251506.37","SABD0002000012","AAV2.0.0.13","4.0.0.2323","PSt7-10","171027-008","9/15/2022 2:43:31 PM","0000-00","0","no battery","V","","µV","","µV"
"11/15/2022","18:01:49","7","default","171425599","OXY_CH7","41.547","min","184.463","μmol/L","Humid","21.294","deg","91336","µV","28.725","°C","1025.000","hPa","36.0","pmil","0","55.700","deg","20.000","°C","100.000","%a.s.","22.210","deg","20.000","°C","971.000","hPa","0.826","-0.01532","0.000401","-0.00012","0","11.08","Humid","30.45","0","49.40","251497.28","SABD0002000012","AAV2.0.0.13","4.0.0.2323","PSt7-10","171027-008","9/15/2022 2:43:31 PM","0000-00","0","no battery","V","","µV","","µV"
"11/15/2022","18:01:50","7","default","171425599","OXY_CH7","41.564","min","184.596","μmol/L","Humid","21.288","deg","91345","µV","28.718","°C","1025.000","hPa","36.0","pmil","0","55.700","deg","20.000","°C","100.000","%a.s.","22.210","deg","20.000","°C","971.000","hPa","0.826","-0.01532","0.000401","-0.00012","0","11.08","Humid","30.45","0","49.40","251490.65","SABD0002000012","AAV2.0.0.13","4.0.0.2323","PSt7-10","171027-008","9/15/2022 2:43:31 PM","0000-00","0","no battery","V","","µV","","µV"
"11/15/2022","18:01:51","7","default","171425599","OXY_CH7","41.581","min","184.480","μmol/L","Humid","21.293","deg","91350","µV","28.725","°C","1025.000","hPa","36.0","pmil","0","55.700","deg","20.000","°C","100.000","%a.s.","22.210","deg","20.000","°C","971.000","hPa","0.826","-0.01532","0.000401","-0.00012","0","11.08","Humid","30.45","0","49.40","251498.81","SABD0002000012","AAV2.0.0.13","4.0.0.2323","PSt7-10","171027-008","9/15/2022 2:43:31 PM","0000-00","0","no battery","V","","µV","","µV"
"11/15/2022","18:01:52","7","default","171425599","OXY_CH7","41.597","min","184.512","μmol/L","Humid","21.291","deg","91341","µV","28.725","°C","1025.000","hPa","36.0","pmil","0","55.700","deg","20.000","°C","100.000","%a.s.","22.210","deg","20.000","°C","971.000","hPa","0.826","-0.01532","0.000401","-0.00012","0","11.08","Humid","30.45","0","49.40","251494.79","SABD0002000012","AAV2.0.0.13","4.0.0.2323","PSt7-10","171027-008","9/15/2022 2:43:31 PM","0000-00","0","no battery","V","","µV","","µV"
"11/15/2022","18:01:53","7","default","171425599","OXY_CH7","41.614","min","184.531","μmol/L","Humid","21.292","deg","91350","µV","28.718","°C","1025.000","hPa","36.0","pmil","0","55.700","deg","20.000","°C","100.000","%a.s.","22.210","deg","20.000","°C","971.000","hPa","0.826","-0.01532","0.000401","-0.00012","0","11.08","Humid","30.45","0","49.40","251503.87","SABD0002000012","AAV2.0.0.13","4.0.0.2323","PSt7-10","171027-008","9/15/2022 2:43:31 PM","0000-00","0","no battery","V","","µV","","µV"
"11/15/2022","18:01:54","7","default","171425599","OXY_CH7","41.630","min","184.563","μmol/L","Humid","21.290","deg","91351","µV","28.718","°C","1025.000","hPa","36.0","pmil","0","55.700","deg","20.000","°C","100.000","%a.s.","22.210","deg","20.000","°C","971.000","hPa","0.826","-0.01532","0.000401","-0.00012","0","11.08","Humid","30.45","0","49.40","251498.80","SABD0002000012","AAV2.0.0.13","4.0.0.2323","PSt7-10","171027-008","9/15/2022 2:43:31 PM","0000-00","0","no battery","V","","µV","","µV"
"11/15/2022","18:01:55","7","default","171425599","OXY_CH7","41.647","min","184.529","μmol/L","Humid","21.290","deg","91356","µV","28.725","°C","1025.000","hPa","36.0","pmil","0","55.700","deg","20.000","°C","100.000","%a.s.","22.210","deg","20.000","°C","971.000","hPa","0.826","-0.01532","0.000401","-0.00012","0","11.08","Humid","30.45","0","49.40","251502.03","SABD0002000012","AAV2.0.0.13","4.0.0.2323","PSt7-10","171027-008","9/15/2022 2:43:31 PM","0000-00","0","no battery","V","","µV","","µV"
"11/15/2022","18:01:56","7","default","171425599","OXY_CH7","41.664","min","184.478","μmol/L","Humid","21.291","deg","91358","µV","28.731","°C","1025.000","hPa","36.0","pmil","0","55.700","deg","20.000","°C","100.000","%a.s.","22.210","deg","20.000","°C","971.000","hPa","0.826","-0.01532","0.000401","-0.00012","0","11.08","Humid","30.45","0","49.40","251512.84","SABD0002000012","AAV2.0.0.13","4.0.0.2323","PSt7-10","171027-008","9/15/2022 2:43:31 PM","0000-00","0","no battery","V","","µV","","µV"
"11/15/2022","18:01:57","7","default","171425599","OXY_CH7","41.681","min","184.496","μmol/L","Humid","21.292","deg","91362","µV","28.725","°C","1025.000","hPa","36.0","pmil","0","55.700","deg","20.000","°C","100.000","%a.s.","22.210","deg","20.000","°C","971.000","hPa","0.826","-0.01532","0.000401","-0.00012","0","11.08","Humid","30.45","0","49.40","251504.48","SABD0002000012","AAV2.0.0.13","4.0.0.2323","PSt7-10","171027-008","9/15/2022 2:43:31 PM","0000-00","0","no battery","V","","µV","","µV"
"11/15/2022","18:01:58","7","default","171425599","OXY_CH7","41.698","min","184.494","μmol/L","Humid","21.290","deg","91354","µV","28.731","°C","1025.000","hPa","36.0","pmil","0","55.700","deg","20.000","°C","100.000","%a.s.","22.210","deg","20.000","°C","971.000","hPa","0.826","-0.01532","0.000401","-0.00012","0","11.08","Humid","30.45","0","49.40","251510.38","SABD0002000012","AAV2.0.0.13","4.0.0.2323","PSt7-10","171027-008","9/15/2022 2:43:31 PM","0000-00","0","no battery","V","","µV","","µV"
"11/15/2022","18:01:59","7","default","171425599","OXY_CH7","41.714","min","184.545","μmol/L","Humid","21.289","deg","91359","µV","28.725","°C","1025.000","hPa","36.0","pmil","0","55.700","deg","20.000","°C","100.000","%a.s.","22.210","deg","20.000","°C","971.000","hPa","0.826","-0.01532","0.000401","-0.00012","0","11.08","Humid","30.45","0","49.40","251503.64","SABD0002000012","AAV2.0.0.13","4.0.0.2323","PSt7-10","171027-008","9/15/2022 2:43:31 PM","0000-00","0","no battery","V","","µV","","µV"
"11/15/2022","18:02:00","7","default","171425599","OXY_CH7","41.730","min","184.498","μmol/L","Humid","21.294","deg","91361","µV","28.718","°C","1025.000","hPa","36.0","pmil","0","55.700","deg","20.000","°C","100.000","%a.s.","22.210","deg","20.000","°C","971.000","hPa","0.826","-0.01532","0.000401","-0.00012","0","11.08","Humid","30.45","0","49.40","251499.19","SABD0002000012","AAV2.0.0.13","4.0.0.2323","PSt7-10","171027-008","9/15/2022 2:43:31 PM","0000-00","0","no battery","V","","µV","","µV"
"11/15/2022","18:02:01","7","default","171425599","OXY_CH7","41.747","min","184.482","μmol/L","Humid","21.295","deg","91352","µV","28.718","°C","1025.000","hPa","36.0","pmil","0","55.700","deg","20.000","°C","100.000","%a.s.","22.210","deg","20.000","°C","971.000","hPa","0.826","-0.01532","0.000401","-0.00012","0","11.08","Humid","30.45","0","49.40","251487.51","SABD0002000012","AAV2.0.0.13","4.0.0.2323","PSt7-10","171027-008","9/15/2022 2:43:31 PM","0000-00","0","no battery","V","","µV","","µV"
"11/15/2022","18:02:02","7","default","171425599","OXY_CH7","41.764","min","184.512","μmol/L","Humid","21.291","deg","91365","µV","28.725","°C","1025.000","hPa","36.0","pmil","0","55.700","deg","20.000","°C","100.000","%a.s.","22.210","deg","20.000","°C","971.000","hPa","0.826","-0.01532","0.000401","-0.00012","0","11.08","Humid","30.45","0","49.40","251500.11","SABD0002000012","AAV2.0.0.13","4.0.0.2323","PSt7-10","171027-008","9/15/2022 2:43:31 PM","0000-00","0","no battery","V","","µV","","µV"
"11/15/2022","18:02:03","7","default","171425599","OXY_CH7","41.781","min","184.414","μmol/L","Humid","21.297","deg","91368","µV","28.725","°C","1025.000","hPa","36.0","pmil","0","55.700","deg","20.000","°C","100.000","%a.s.","22.210","deg","20.000","°C","971.000","hPa","0.826","-0.01532","0.000401","-0.00012","0","11.08","Humid","30.45","0","49.40","251499.04","SABD0002000012","AAV2.0.0.13","4.0.0.2323","PSt7-10","171027-008","9/15/2022 2:43:31 PM","0000-00","0","no battery","V","","µV","","µV"
"11/15/2022","18:02:04","7","default","171425599","OXY_CH7","41.797","min","184.514","μmol/L","Humid","21.293","deg","91368","µV","28.718","°C","1025.000","hPa","36.0","pmil","0","55.700","deg","20.000","°C","100.000","%a.s.","22.210","deg","20.000","°C","971.000","hPa","0.826","-0.01532","0.000401","-0.00012","0","11.08","Humid","30.45","0","49.40","251499.65","SABD0002000012","AAV2.0.0.13","4.0.0.2323","PSt7-10","171027-008","9/15/2022 2:43:31 PM","0000-00","0","no battery","V","","µV","","µV"
"11/15/2022","18:02:05","7","default","171425599","OXY_CH7","41.814","min","184.498","μmol/L","Humid","21.294","deg","91365","µV","28.718","°C","1025.000","hPa","36.0","pmil","0","55.700","deg","20.000","°C","100.000","%a.s.","22.210","deg","20.000","°C","971.000","hPa","0.826","-0.01532","0.000401","-0.00012","0","11.08","Humid","30.45","0","49.40","251491.83","SABD0002000012","AAV2.0.0.13","4.0.0.2323","PSt7-10","171027-008","9/15/2022 2:43:31 PM","0000-00","0","no battery","V","","µV","","µV"
"11/15/2022","18:02:06","7","default","171425599","OXY_CH7","41.831","min","184.529","μmol/L","Humid","21.290","deg","91371","µV","28.725","°C","1025.000","hPa","36.0","pmil","0","55.700","deg","20.000","°C","100.000","%a.s.","22.210","deg","20.000","°C","971.000","hPa","0.826","-0.01532","0.000401","-0.00012","0","11.08","Humid","30.45","0","49.40","251495.06","SABD0002000012","AAV2.0.0.13","4.0.0.2323","PSt7-10","171027-008","9/15/2022 2:43:31 PM","0000-00","0","no battery","V","","µV","","µV"
"11/15/2022","18:02:07","7","default","171425599","OXY_CH7","41.847","min","184.547","μmol/L","Humid","21.291","deg","91364","µV","28.718","°C","1025.000","hPa","36.0","pmil","0","55.700","deg","20.000","°C","100.000","%a.s.","22.210","deg","20.000","°C","971.000","hPa","0.826","-0.01532","0.000401","-0.00012","0","11.08","Humid","30.45","0","49.40","251495.30","SABD0002000012","AAV2.0.0.13","4.0.0.2323","PSt7-10","171027-008","9/15/2022 2:43:31 PM","0000-00","0","no battery","V","","µV","","µV"
"11/15/2022","18:02:08","7","default","171425599","OXY_CH7","41.863","min","184.529","μmol/L","Humid","21.290","deg","91375","µV","28.725","°C","1025.000","hPa","36.0","pmil","0","55.700","deg","20.000","°C","100.000","%a.s.","22.210","deg","20.000","°C","971.000","hPa","0.826","-0.01532","0.000401","-0.00012","0","11.08","Humid","30.45","0","49.40","251492.98","SABD0002000012","AAV2.0.0.13","4.0.0.2323","PSt7-10","171027-008","9/15/2022 2:43:31 PM","0000-00","0","no battery","V","","µV","","µV"
"11/15/2022","18:02:09","7","default","171425599","OXY_CH7","41.880","min","184.563","μmol/L","Humid","21.290","deg","91371","µV","28.718","°C","1025.000","hPa","36.0","pmil","0","55.700","deg","20.000","°C","100.000","%a.s.","22.210","deg","20.000","°C","971.000","hPa","0.826","-0.01532","0.000401","-0.00012","0","11.08","Humid","30.45","0","49.40","251486.71","SABD0002000012","AAV2.0.0.13","4.0.0.2323","PSt7-10","171027-008","9/15/2022 2:43:31 PM","0000-00","0","no battery","V","","µV","","µV"
"11/15/2022","18:02:10","7","default","171425599","OXY_CH7","41.897","min","184.463","μmol/L","Humid","21.294","deg","91369","µV","28.725","°C","1025.000","hPa","36.0","pmil","0","55.700","deg","20.000","°C","100.000","%a.s.","22.210","deg","20.000","°C","971.000","hPa","0.826","-0.01532","0.000401","-0.00012","0","11.08","Humid","30.45","0","49.40","251484.37","SABD0002000012","AAV2.0.0.13","4.0.0.2323","PSt7-10","171027-008","9/15/2022 2:43:31 PM","0000-00","0","no battery","V","","µV","","µV"
"11/15/2022","18:02:11","7","default","171425599","OXY_CH7","41.914","min","184.398","μmol/L","Humid","21.298","deg","91373","µV","28.725","°C","1025.000","hPa","36.0","pmil","0","55.700","deg","20.000","°C","100.000","%a.s.","22.210","deg","20.000","°C","971.000","hPa","0.826","-0.01532","0.000401","-0.00012","0","11.08","Humid","30.45","0","49.40","251486.05","SABD0002000012","AAV2.0.0.13","4.0.0.2323","PSt7-10","171027-008","9/15/2022 2:43:31 PM","0000-00","0","no battery","V","","µV","","µV"
"11/15/2022","18:02:12","7","default","171425599","OXY_CH7","41.931","min","184.414","μmol/L","Humid","21.297","deg","91374","µV","28.725","°C","1025.000","hPa","36.0","pmil","0","55.700","deg","20.000","°C","100.000","%a.s.","22.210","deg","20.000","°C","971.000","hPa","0.826","-0.01532","0.000401","-0.00012","0","11.08","Humid","30.45","0","49.40","251482.11","SABD0002000012","AAV2.0.0.13","4.0.0.2323","PSt7-10","171027-008","9/15/2022 2:43:31 PM","0000-00","0","no battery","V","","µV","","µV"
"11/15/2022","18:02:13","7","default","171425599","OXY_CH7","41.947","min","184.447","μmol/L","Humid","21.295","deg","91380","µV","28.725","°C","1025.000","hPa","36.0","pmil","0","55.700","deg","20.000","°C","100.000","%a.s.","22.210","deg","20.000","°C","971.000","hPa","0.826","-0.01532","0.000401","-0.00012","0","11.08","Humid","30.45","0","49.40","251483.11","SABD0002000012","AAV2.0.0.13","4.0.0.2323","PSt7-10","171027-008","9/15/2022 2:43:31 PM","0000-00","0","no battery","V","","µV","","µV"
"11/15/2022","18:02:14","7","default","171425599","OXY_CH7","41.964","min","184.449","μmol/L","Humid","21.297","deg","91377","µV","28.718","°C","1025.000","hPa","36.0","pmil","0","55.700","deg","20.000","°C","100.000","%a.s.","22.210","deg","20.000","°C","971.000","hPa","0.826","-0.01532","0.000401","-0.00012","0","11.08","Humid","30.45","0","49.40","251483.38","SABD0002000012","AAV2.0.0.13","4.0.0.2323","PSt7-10","171027-008","9/15/2022 2:43:31 PM","0000-00","0","no battery","V","","µV","","µV"
"11/15/2022","18:02:15","7","default","171425599","OXY_CH7","41.981","min","184.431","μmol/L","Humid","21.296","deg","91378","µV","28.725","°C","1025.000","hPa","36.0","pmil","0","55.700","deg","20.000","°C","100.000","%a.s.","22.210","deg","20.000","°C","971.000","hPa","0.826","-0.01532","0.000401","-0.00012","0","11.08","Humid","30.45","0","49.40","251478.95","SABD0002000012","AAV2.0.0.13","4.0.0.2323","PSt7-10","171027-008","9/15/2022 2:43:31 PM","0000-00","0","no battery","V","","µV","","µV"
"11/15/2022","18:02:16","7","default","171425599","OXY_CH7","41.997","min","184.449","μmol/L","Humid","21.297","deg","91375","µV","28.718","°C","1025.000","hPa","36.0","pmil","0","55.700","deg","20.000","°C","100.000","%a.s.","22.210","deg","20.000","°C","971.000","hPa","0.826","-0.01532","0.000401","-0.00012","0","11.08","Humid","30.45","0","49.40","251479.91","SABD0002000012","AAV2.0.0.13","4.0.0.2323","PSt7-10","171027-008","9/15/2022 2:43:31 PM","0000-00","0","no battery","V","","µV","","µV"
"11/15/2022","18:02:17","7","default","171425599","OXY_CH7","42.014","min","184.533","μmol/L","Humid","21.294","deg","91379","µV","28.712","°C","1025.000","hPa","36.0","pmil","0","55.700","deg","20.000","°C","100.000","%a.s.","22.210","deg","20.000","°C","971.000","hPa","0.826","-0.01532","0.000401","-0.00012","0","11.08","Humid","30.45","0","49.40","251489.85","SABD0002000012","AAV2.0.0.13","4.0.0.2323","PSt7-10","171027-008","9/15/2022 2:43:31 PM","0000-00","0","no battery","V","","µV","","µV"
"11/15/2022","18:02:18","7","default","171425599","OXY_CH7","42.030","min","184.465","μmol/L","Humid","21.296","deg","91384","µV","28.718","°C","1025.000","hPa","36.0","pmil","0","55.700","deg","20.000","°C","100.000","%a.s.","22.210","deg","20.000","°C","971.000","hPa","0.826","-0.01532","0.000401","-0.00012","0","11.08","Humid","30.45","0","49.40","251489.06","SABD0002000012","AAV2.0.0.13","4.0.0.2323","PSt7-10","171027-008","9/15/2022 2:43:31 PM","0000-00","0","no battery","V","","µV","","µV"
"11/15/2022","18:02:19","7","default","171425599","OXY_CH7","42.047","min","184.398","μmol/L","Humid","21.298","deg","91387","µV","28.725","°C","1025.000","hPa","36.0","pmil","0","55.700","deg","20.000","°C","100.000","%a.s.","22.210","deg","20.000","°C","971.000","hPa","0.826","-0.01532","0.000401","-0.00012","0","11.08","Humid","30.45","0","49.40","251485.46","SABD0002000012","AAV2.0.0.13","4.0.0.2323","PSt7-10","171027-008","9/15/2022 2:43:31 PM","0000-00","0","no battery","V","","µV","","µV"
"11/15/2022","18:02:20","7","default","171425599","OXY_CH7","42.064","min","184.398","μmol/L","Humid","21.298","deg","91383","µV","28.725","°C","1025.000","hPa","36.0","pmil","0","55.700","deg","20.000","°C","100.000","%a.s.","22.210","deg","20.000","°C","971.000","hPa","0.826","-0.01532","0.000401","-0.00012","0","11.08","Humid","30.45","0","49.40","251490.78","SABD0002000012","AAV2.0.0.13","4.0.0.2323","PSt7-10","171027-008","9/15/2022 2:43:31 PM","0000-00","0","no battery","V","","µV","","µV"
"11/15/2022","18:02:21","7","default","171425599","OXY_CH7","42.081","min","184.482","μmol/L","Humid","21.295","deg","91384","µV","28.718","°C","1025.000","hPa","36.0","pmil","0","55.700","deg","20.000","°C","100.000","%a.s.","22.210","deg","20.000","°C","971.000","hPa","0.826","-0.01532","0.000401","-0.00012","0","11.08","Humid","30.45","0","49.40","251490.88","SABD0002000012","AAV2.0.0.13","4.0.0.2323","PSt7-10","171027-008","9/15/2022 2:43:31 PM","0000-00","0","no battery","V","","µV","","µV"
"11/15/2022","18:02:22","7","default","171425599","OXY_CH7","42.097","min","184.447","μmol/L","Humid","21.295","deg","91390","µV","28.725","°C","1025.000","hPa","36.0","pmil","0","55.700","deg","20.000","°C","100.000","%a.s.","22.210","deg","20.000","°C","971.000","hPa","0.826","-0.01532","0.000401","-0.00012","0","11.08","Humid","30.45","0","49.40","251491.33","SABD0002000012","AAV2.0.0.13","4.0.0.2323","PSt7-10","171027-008","9/15/2022 2:43:31 PM","0000-00","0","no battery","V","","µV","","µV"
"11/15/2022","18:02:23","7","default","171425599","OXY_CH7","42.114","min","184.382","μmol/L","Humid","21.299","deg","91383","µV","28.725","°C","1025.000","hPa","36.0","pmil","0","55.700","deg","20.000","°C","100.000","%a.s.","22.210","deg","20.000","°C","971.000","hPa","0.826","-0.01532","0.000401","-0.00012","0","11.08","Humid","30.45","0","49.40","251486.31","SABD0002000012","AAV2.0.0.13","4.0.0.2323","PSt7-10","171027-008","9/15/2022 2:43:31 PM","0000-00","0","no battery","V","","µV","","µV"
"11/15/2022","18:02:24","7","default","171425599","OXY_CH7","42.131","min","184.314","μmol/L","Humid","21.301","deg","91399","µV","28.731","°C","1025.000","hPa","36.0","pmil","0","55.700","deg","20.000","°C","100.000","%a.s.","22.210","deg","20.000","°C","971.000","hPa","0.826","-0.01532","0.000401","-0.00012","0","11.08","Humid","30.45","0","49.40","251504.85","SABD0002000012","AAV2.0.0.13","4.0.0.2323","PSt7-10","171027-008","9/15/2022 2:43:31 PM","0000-00","0","no battery","V","","µV","","µV"
"11/15/2022","18:02:25","7","default","171425599","OXY_CH7","42.147","min","184.398","μmol/L","Humid","21.298","deg","91394","µV","28.725","°C","1025.000","hPa","36.0","pmil","0","55.700","deg","20.000","°C","100.000","%a.s.","22.210","deg","20.000","°C","971.000","hPa","0.826","-0.01532","0.000401","-0.00012","0","11.08","Humid","30.45","0","49.40","251494.90","SABD0002000012","AAV2.0.0.13","4.0.0.2323","PSt7-10","171027-008","9/15/2022 2:43:31 PM","0000-00","0","no battery","V","","µV","","µV"
"11/15/2022","18:02:26","7","default","171425599","OXY_CH7","42.164","min","184.449","μmol/L","Humid","21.297","deg","91398","µV","28.718","°C","1025.000","hPa","36.0","pmil","0","55.700","deg","20.000","°C","100.000","%a.s.","22.210","deg","20.000","°C","971.000","hPa","0.826","-0.01532","0.000401","-0.00012","0","11.08","Humid","30.45","0","49.40","251503.86","SABD0002000012","AAV2.0.0.13","4.0.0.2323","PSt7-10","171027-008","9/15/2022 2:43:31 PM","0000-00","0","no battery","V","","µV","","µV"
"11/15/2022","18:02:27","7","default","171425599","OXY_CH7","42.180","min","184.433","μmol/L","Humid","21.298","deg","91400","µV","28.718","°C","1025.000","hPa","36.0","pmil","0","55.700","deg","20.000","°C","100.000","%a.s.","22.210","deg","20.000","°C","971.000","hPa","0.826","-0.01532","0.000401","-0.00012","0","11.08","Humid","30.45","0","49.40","251494.49","SABD0002000012","AAV2.0.0.13","4.0.0.2323","PSt7-10","171027-008","9/15/2022 2:43:31 PM","0000-00","0","no battery","V","","µV","","µV"
"11/15/2022","18:02:28","7","default","171425599","OXY_CH7","42.197","min","184.380","μmol/L","Humid","21.297","deg","91401","µV","28.731","°C","1025.000","hPa","36.0","pmil","0","55.700","deg","20.000","°C","100.000","%a.s.","22.210","deg","20.000","°C","971.000","hPa","0.826","-0.01532","0.000401","-0.00012","0","11.08","Humid","30.45","0","49.40","251481.91","SABD0002000012","AAV2.0.0.13","4.0.0.2323","PSt7-10","171027-008","9/15/2022 2:43:31 PM","0000-00","0","no battery","V","","µV","","µV"
"11/15/2022","18:02:29","7","default","171425599","OXY_CH7","42.214","min","184.417","μmol/L","Humid","21.299","deg","91398","µV","28.718","°C","1025.000","hPa","36.0","pmil","0","55.700","deg","20.000","°C","100.000","%a.s.","22.210","deg","20.000","°C","971.000","hPa","0.826","-0.01532","0.000401","-0.00012","0","11.08","Humid","30.45","0","49.40","251488.18","SABD0002000012","AAV2.0.0.13","4.0.0.2323","PSt7-10","171027-008","9/15/2022 2:43:31 PM","0000-00","0","no battery","V","","µV","","µV"
"11/15/2022","18:02:30","7","default","171425599","OXY_CH7","42.231","min","184.433","μmol/L","Humid","21.298","deg","91400","µV","28.718","°C","1025.000","hPa","36.0","pmil","0","55.700","deg","20.000","°C","100.000","%a.s.","22.210","deg","20.000","°C","971.000","hPa","0.826","-0.01532","0.000401","-0.00012","0","11.08","Humid","30.45","0","49.40","251485.89","SABD0002000012","AAV2.0.0.13","4.0.0.2323","PSt7-10","171027-008","9/15/2022 2:43:31 PM","0000-00","0","no battery","V","","µV","","µV"

"Date","Time","delta_t","Device_Serial","Channel","User","Annotation"
